Parameters: GAD=1 vflib=1 dir=0 label=0 lowerbound=1 fileNameGp=../../cp2016-max-common-connected-subgraph-paper/datasets/graphsdb/mcs70/bvg/b09/mcs70_b09_s40.A04 fileNameGt=../../cp2016-max-common-connected-subgraph-paper/datasets/graphsdb/mcs70/bvg/b09/mcs70_b09_s40.B04
Reading graphs...
40 :  180
40 :  177
Initializing...
maxdom : 40
D->valSize : 1600
Solving...
currentSize : 15 <-- 0.055535 s
currentSize : 16 <-- 0.055759 s
currentSize : 17 <-- 0.113668 s
currentSize : 19 <-- 0.367762 s
currentSize : 20 <-- 7.279245 s
currentSize : 21 <-- 7.283729 s
currentSize : 24 <-- 7.284168 s
currentSize : 25 <-- 7.300781 s
currentSize : 26 <-- 11.082250 s
currentSize : 29 <-- 11.082403 s

maxsize : 29
nodes : 6874041.000000
filtered : 367583646.000000
CCGP filtered : 1776814.000000
CCGT filtered : 1310080.000000
time : 103.948273
