Parameters: GAD=1 vflib=1 dir=0 label=0 lowerbound=1 fileNameGp=../../cp2016-max-common-connected-subgraph-paper/datasets/graphsdb/mcs70/rand/r01/mcs70_r01_s35.A05 fileNameGt=../../cp2016-max-common-connected-subgraph-paper/datasets/graphsdb/mcs70/rand/r01/mcs70_r01_s35.B05
Reading graphs...
35 :  112
35 :  110
Initializing...
maxdom : 35
D->valSize : 1225
Solving...
currentSize : 11 <-- 0.020090 s
currentSize : 12 <-- 0.020129 s
currentSize : 14 <-- 0.020274 s
currentSize : 15 <-- 0.020662 s
currentSize : 16 <-- 0.022887 s
currentSize : 17 <-- 0.028904 s
currentSize : 18 <-- 0.330456 s
currentSize : 19 <-- 5.867603 s
currentSize : 20 <-- 266.783173 s
currentSize : 21 <-- 917.293518 s
currentSize : 22 <-- 929.251892 s

TIMEOUT
maxsize : 22
nodes : 90532349.000000
filtered : 2076958786.000000
CCGP filtered : 70505114.000000
CCGT filtered : 106561185.000000
time : 1000.000000
