Parameters: GAD=1 vflib=1 dir=0 label=0 lowerbound=1 fileNameGp=../../cp2016-max-common-connected-subgraph-paper/datasets/graphsdb/mcs70/bvg/b06/mcs70_b06_s50.A07 fileNameGt=../../cp2016-max-common-connected-subgraph-paper/datasets/graphsdb/mcs70/bvg/b06/mcs70_b06_s50.B07
Reading graphs...
50 :  148
50 :  148
Initializing...
maxdom : 50
D->valSize : 2500
Solving...
currentSize : 22 <-- 0.091706 s
currentSize : 23 <-- 0.091936 s
currentSize : 24 <-- 0.092076 s
currentSize : 26 <-- 0.094027 s
currentSize : 27 <-- 0.094197 s
currentSize : 28 <-- 0.094365 s
currentSize : 29 <-- 0.457169 s
currentSize : 30 <-- 0.850204 s
currentSize : 31 <-- 0.856210 s
currentSize : 32 <-- 0.859783 s
currentSize : 33 <-- 3.182133 s
currentSize : 35 <-- 495.459961 s
currentSize : 36 <-- 655.909058 s

TIMEOUT
maxsize : 36
nodes : 55950291.000000
filtered : 3307243029.000000
CCGP filtered : 286007073.000000
CCGT filtered : 119487573.000000
time : 1000.000061
