Parameters: GAD=1 vflib=1 dir=0 label=0 lowerbound=1 fileNameGp=../../cp2016-max-common-connected-subgraph-paper/datasets/graphsdb/mcs70/m2D/m2Dr6/mcs70_m2Dr6_s35.A05 fileNameGt=../../cp2016-max-common-connected-subgraph-paper/datasets/graphsdb/mcs70/m2D/m2Dr6/mcs70_m2Dr6_s35.B05
Reading graphs...
35 :  78
35 :  76
Initializing...
maxdom : 35
D->valSize : 1225
Solving...
currentSize : 14 <-- 0.020182 s
currentSize : 17 <-- 0.020345 s
currentSize : 18 <-- 0.022464 s
currentSize : 19 <-- 0.022678 s
currentSize : 20 <-- 0.450084 s
currentSize : 21 <-- 16.459015 s
currentSize : 22 <-- 204.628967 s
currentSize : 23 <-- 512.417419 s
currentSize : 24 <-- 515.643799 s
currentSize : 26 <-- 515.883728 s

maxsize : 26
nodes : 50570108.000000
filtered : 1299026999.000000
CCGP filtered : 229597245.000000
CCGT filtered : 223227139.000000
time : 547.848206
