Parameters: GAD=1 vflib=1 dir=0 label=0 lowerbound=1 fileNameGp=../../cp2016-max-common-connected-subgraph-paper/datasets/graphsdb/mcs70/bvg/b03m/mcs70_b03m_s50.A06 fileNameGt=../../cp2016-max-common-connected-subgraph-paper/datasets/graphsdb/mcs70/bvg/b03m/mcs70_b03m_s50.B06
Reading graphs...
50 :  75
50 :  75
Initializing...
maxdom : 50
D->valSize : 2500
Solving...
currentSize : 18 <-- 0.098240 s
currentSize : 21 <-- 0.098394 s
currentSize : 22 <-- 0.099211 s
currentSize : 25 <-- 0.099244 s
currentSize : 26 <-- 0.132992 s
currentSize : 27 <-- 0.216780 s
currentSize : 28 <-- 0.245922 s
currentSize : 29 <-- 0.282946 s
currentSize : 30 <-- 1.086985 s
currentSize : 31 <-- 1.087560 s
currentSize : 32 <-- 1.134838 s
currentSize : 33 <-- 4.622073 s
currentSize : 34 <-- 191.752075 s
currentSize : 35 <-- 853.038086 s

TIMEOUT
maxsize : 35
nodes : 69855842.000000
filtered : 2153251713.000000
CCGP filtered : 1819796876.000000
CCGT filtered : 648390743.000000
time : 1000.000061
