Parameters: GAD=1 vflib=1 dir=0 label=0 lowerbound=1 fileNameGp=../../cp2016-max-common-connected-subgraph-paper/datasets/graphsdb/mcs70/rand/r005/mcs70_r005_s25.A04 fileNameGt=../../cp2016-max-common-connected-subgraph-paper/datasets/graphsdb/mcs70/rand/r005/mcs70_r005_s25.B04
Reading graphs...
25 :  33
25 :  32
Initializing...
maxdom : 25
D->valSize : 625
Solving...
currentSize : 9 <-- 0.005498 s
currentSize : 10 <-- 0.005583 s
currentSize : 11 <-- 0.005683 s
currentSize : 12 <-- 0.005752 s
currentSize : 13 <-- 0.005879 s
currentSize : 14 <-- 0.006021 s
currentSize : 15 <-- 0.007662 s
currentSize : 16 <-- 0.016785 s
currentSize : 17 <-- 0.072458 s
currentSize : 18 <-- 0.210544 s
currentSize : 19 <-- 0.316374 s
currentSize : 20 <-- 0.551828 s

maxsize : 20
nodes : 82616.000000
filtered : 1459684.000000
CCGP filtered : 749190.000000
CCGT filtered : 444045.000000
time : 0.589565
