Parameters: GAD=1 vflib=1 dir=0 label=0 lowerbound=1 fileNameGp=../../cp2016-max-common-connected-subgraph-paper/datasets/graphsdb/mcs70/m4D/m4Dr2/mcs70_m4Dr2_s25.A03 fileNameGt=../../cp2016-max-common-connected-subgraph-paper/datasets/graphsdb/mcs70/m4D/m4Dr2/mcs70_m4Dr2_s25.B03
Reading graphs...
25 :  51
25 :  51
Initializing...
maxdom : 25
D->valSize : 625
Solving...
currentSize : 6 <-- 0.005214 s
currentSize : 9 <-- 0.005255 s
currentSize : 10 <-- 0.005453 s
currentSize : 11 <-- 0.006933 s
currentSize : 12 <-- 0.007041 s
currentSize : 13 <-- 0.008882 s
currentSize : 14 <-- 0.008967 s
currentSize : 15 <-- 0.025418 s
currentSize : 16 <-- 0.292411 s
currentSize : 17 <-- 0.427535 s
currentSize : 18 <-- 0.875588 s

maxsize : 18
nodes : 170622.000000
filtered : 3371267.000000
CCGP filtered : 890228.000000
CCGT filtered : 536136.000000
time : 1.310904
