Parameters: GAD=1 vflib=1 dir=0 label=0 lowerbound=1 fileNameGp=../../cp2016-max-common-connected-subgraph-paper/datasets/graphsdb/mcs70/rand/r02/mcs70_r02_s35.A06 fileNameGt=../../cp2016-max-common-connected-subgraph-paper/datasets/graphsdb/mcs70/rand/r02/mcs70_r02_s35.B06
Reading graphs...
35 :  204
35 :  204
Initializing...
maxdom : 35
D->valSize : 1225
Solving...
currentSize : 11 <-- 0.017205 s
currentSize : 12 <-- 0.017326 s
currentSize : 13 <-- 0.021760 s
currentSize : 14 <-- 0.109853 s
currentSize : 15 <-- 3.399024 s
currentSize : 16 <-- 231.768570 s
currentSize : 17 <-- 430.194061 s
currentSize : 18 <-- 430.194092 s
currentSize : 24 <-- 430.281891 s

maxsize : 24
nodes : 37574880.000000
filtered : 599923484.000000
CCGP filtered : 3922148.000000
CCGT filtered : 2365330.000000
time : 457.587830
