Parameters: GAD=1 vflib=1 dir=0 label=0 lowerbound=1 fileNameGp=../../cp2016-max-common-connected-subgraph-paper/datasets/graphsdb/mcs70/bvg/b03/mcs70_b03_s35.A02 fileNameGt=../../cp2016-max-common-connected-subgraph-paper/datasets/graphsdb/mcs70/bvg/b03/mcs70_b03_s35.B02
Reading graphs...
35 :  52
35 :  52
Initializing...
maxdom : 35
D->valSize : 1225
Solving...
currentSize : 17 <-- 0.020897 s
currentSize : 20 <-- 0.020947 s
currentSize : 21 <-- 0.021246 s
currentSize : 22 <-- 0.023121 s
currentSize : 23 <-- 0.042571 s
currentSize : 24 <-- 0.042597 s
currentSize : 25 <-- 0.173544 s
currentSize : 26 <-- 1.602496 s
currentSize : 27 <-- 3.065730 s
currentSize : 28 <-- 8.997256 s

maxsize : 28
nodes : 1281932.000000
filtered : 38626762.000000
CCGP filtered : 35130501.000000
CCGT filtered : 14518259.000000
time : 14.857846
