Parameters: GAD=1 vflib=1 dir=0 label=0 lowerbound=1 fileNameGp=../../cp2016-max-common-connected-subgraph-paper/datasets/graphsdb/mcs70/m2D/m2Dr6/mcs70_m2Dr6_s35.A04 fileNameGt=../../cp2016-max-common-connected-subgraph-paper/datasets/graphsdb/mcs70/m2D/m2Dr6/mcs70_m2Dr6_s35.B04
Reading graphs...
35 :  78
35 :  77
Initializing...
maxdom : 35
D->valSize : 1225
Solving...
currentSize : 16 <-- 0.020098 s
currentSize : 17 <-- 0.020232 s
currentSize : 18 <-- 0.022107 s
currentSize : 19 <-- 0.031459 s
currentSize : 20 <-- 0.067904 s
currentSize : 21 <-- 1.339167 s
currentSize : 22 <-- 39.913864 s
currentSize : 23 <-- 727.086426 s
currentSize : 25 <-- 796.910889 s

maxsize : 25
nodes : 76950550.000000
filtered : 1966292273.000000
CCGP filtered : 264671615.000000
CCGT filtered : 240381576.000000
time : 833.122009
