Parameters: GAD=1 vflib=1 dir=0 label=0 lowerbound=1 fileNameGp=../../cp2016-max-common-connected-subgraph-paper/datasets/graphsdb/mcs70/m2D/m2Dr4/mcs70_m2Dr4_s50.A00 fileNameGt=../../cp2016-max-common-connected-subgraph-paper/datasets/graphsdb/mcs70/m2D/m2Dr4/mcs70_m2Dr4_s50.B00
Reading graphs...
50 :  105
50 :  103
Initializing...
maxdom : 50
D->valSize : 2500
Solving...
currentSize : 22 <-- 0.148511 s
currentSize : 24 <-- 0.148631 s
currentSize : 25 <-- 0.149218 s
currentSize : 26 <-- 0.149866 s
currentSize : 27 <-- 0.156265 s
currentSize : 28 <-- 0.188632 s
currentSize : 29 <-- 0.399504 s
currentSize : 30 <-- 0.411649 s
currentSize : 31 <-- 50.452835 s
currentSize : 32 <-- 92.787415 s

TIMEOUT
maxsize : 32
nodes : 65754447.000000
filtered : 2136700108.000000
CCGP filtered : 626211971.000000
CCGT filtered : 399505119.000000
time : 1000.000061
