Parameters: GAD=1 vflib=1 dir=0 label=0 lowerbound=1 fileNameGp=../../cp2016-max-common-connected-subgraph-paper/datasets/graphsdb/mcs70/bvg/b03/mcs70_b03_s35.A06 fileNameGt=../../cp2016-max-common-connected-subgraph-paper/datasets/graphsdb/mcs70/bvg/b03/mcs70_b03_s35.B06
Reading graphs...
35 :  52
35 :  52
Initializing...
maxdom : 35
D->valSize : 1225
Solving...
currentSize : 19 <-- 0.020764 s
currentSize : 20 <-- 0.020924 s
currentSize : 21 <-- 0.029251 s
currentSize : 22 <-- 0.029377 s
currentSize : 23 <-- 0.043639 s
currentSize : 24 <-- 0.193529 s
currentSize : 25 <-- 0.266578 s
currentSize : 26 <-- 2.585620 s
currentSize : 27 <-- 2.937684 s
currentSize : 28 <-- 4.977620 s

maxsize : 28
nodes : 859654.000000
filtered : 24561227.000000
CCGP filtered : 21298793.000000
CCGT filtered : 8432906.000000
time : 9.075216
