Parameters: GAD=1 vflib=1 dir=0 label=0 lowerbound=1 fileNameGp=../../cp2016-max-common-connected-subgraph-paper/datasets/graphsdb/mcs70/bvg/b06/mcs70_b06_s35.A09 fileNameGt=../../cp2016-max-common-connected-subgraph-paper/datasets/graphsdb/mcs70/bvg/b06/mcs70_b06_s35.B09
Reading graphs...
35 :  105
35 :  105
Initializing...
maxdom : 35
D->valSize : 1225
Solving...
currentSize : 14 <-- 0.033374 s
currentSize : 15 <-- 0.033544 s
currentSize : 16 <-- 0.034459 s
currentSize : 17 <-- 0.090392 s
currentSize : 18 <-- 0.371878 s
currentSize : 19 <-- 0.491080 s
currentSize : 20 <-- 0.934363 s
currentSize : 21 <-- 1.530568 s
currentSize : 22 <-- 2.033797 s
currentSize : 23 <-- 2.056382 s
currentSize : 24 <-- 2.057417 s
currentSize : 25 <-- 4.879071 s

maxsize : 25
nodes : 4789994.000000
filtered : 211720366.000000
CCGP filtered : 10358005.000000
CCGT filtered : 9986216.000000
time : 60.807552
