Parameters: GAD=1 vflib=1 dir=0 label=0 lowerbound=1 fileNameGp=../../cp2016-max-common-connected-subgraph-paper/datasets/graphsdb/mcs70/m2D/m2D/mcs70_m2D_s35.A03 fileNameGt=../../cp2016-max-common-connected-subgraph-paper/datasets/graphsdb/mcs70/m2D/m2D/mcs70_m2D_s35.B03
Reading graphs...
35 :  58
35 :  58
Initializing...
maxdom : 35
D->valSize : 1225
Solving...
currentSize : 18 <-- 0.020696 s
currentSize : 19 <-- 0.020885 s
currentSize : 20 <-- 0.020966 s
currentSize : 21 <-- 0.021209 s
currentSize : 22 <-- 0.022174 s
currentSize : 23 <-- 0.023770 s
currentSize : 24 <-- 0.023958 s
currentSize : 25 <-- 0.031333 s
currentSize : 26 <-- 0.031650 s
currentSize : 27 <-- 0.044660 s

maxsize : 27
nodes : 1771702.000000
filtered : 69824274.000000
CCGP filtered : 29153039.000000
CCGT filtered : 12671530.000000
time : 21.297844
