Parameters: GAD=1 vflib=1 dir=0 label=0 lowerbound=1 fileNameGp=../../cp2016-max-common-connected-subgraph-paper/datasets/graphsdb/mcs70/rand/r005/mcs70_r005_s35.A09 fileNameGt=../../cp2016-max-common-connected-subgraph-paper/datasets/graphsdb/mcs70/rand/r005/mcs70_r005_s35.B09
Reading graphs...
35 :  58
35 :  57
Initializing...
maxdom : 35
D->valSize : 1225
Solving...
currentSize : 15 <-- 0.036349 s
currentSize : 16 <-- 0.036388 s
currentSize : 18 <-- 0.036672 s
currentSize : 19 <-- 0.036927 s
currentSize : 20 <-- 0.039855 s
currentSize : 21 <-- 0.233569 s
currentSize : 22 <-- 1.944713 s
currentSize : 23 <-- 3.433009 s
currentSize : 24 <-- 3.549153 s
currentSize : 25 <-- 5.452135 s

maxsize : 25
nodes : 14966988.000000
filtered : 450642919.000000
CCGP filtered : 102622675.000000
CCGT filtered : 150432456.000000
time : 165.176682
