Parameters: GAD=1 vflib=1 dir=0 label=0 lowerbound=1 fileNameGp=../../cp2016-max-common-connected-subgraph-paper/datasets/graphsdb/mcs70/rand/r005/mcs70_r005_s30.A07 fileNameGt=../../cp2016-max-common-connected-subgraph-paper/datasets/graphsdb/mcs70/rand/r005/mcs70_r005_s30.B07
Reading graphs...
30 :  41
30 :  42
Initializing...
maxdom : 30
D->valSize : 900
Solving...
currentSize : 14 <-- 0.012214 s
currentSize : 15 <-- 0.012249 s
currentSize : 16 <-- 0.013209 s
currentSize : 17 <-- 0.015225 s
currentSize : 18 <-- 0.020700 s
currentSize : 19 <-- 0.020743 s
currentSize : 20 <-- 0.023510 s
currentSize : 21 <-- 0.077583 s
currentSize : 22 <-- 0.080079 s

maxsize : 22
nodes : 685635.000000
filtered : 16192876.000000
CCGP filtered : 6687131.000000
CCGT filtered : 5685482.000000
time : 6.219403
