Parameters: GAD=1 vflib=1 dir=0 label=0 lowerbound=1 fileNameGp=../../cp2016-max-common-connected-subgraph-paper/datasets/graphsdb/mcs70/m2D/m2Dr2/mcs70_m2Dr2_s40.A09 fileNameGt=../../cp2016-max-common-connected-subgraph-paper/datasets/graphsdb/mcs70/m2D/m2Dr2/mcs70_m2Dr2_s40.B09
Reading graphs...
40 :  74
40 :  74
Initializing...
maxdom : 40
D->valSize : 1600
Solving...
currentSize : 14 <-- 0.036026 s
currentSize : 18 <-- 0.036137 s
currentSize : 19 <-- 0.036357 s
currentSize : 20 <-- 0.036830 s
currentSize : 21 <-- 0.048416 s
currentSize : 22 <-- 0.052886 s
currentSize : 23 <-- 0.239451 s
currentSize : 24 <-- 0.504917 s
currentSize : 25 <-- 1.486489 s
currentSize : 26 <-- 12.209238 s
currentSize : 27 <-- 432.327576 s

TIMEOUT
maxsize : 27
nodes : 83400578.000000
filtered : 2417600580.000000
CCGP filtered : 935358231.000000
CCGT filtered : 538105914.000000
time : 1000.000000
