Parameters: GAD=1 vflib=1 dir=0 label=0 lowerbound=1 fileNameGp=../../cp2016-max-common-connected-subgraph-paper/datasets/graphsdb/mcs70/bvg/b09/mcs70_b09_s40.A03 fileNameGt=../../cp2016-max-common-connected-subgraph-paper/datasets/graphsdb/mcs70/bvg/b09/mcs70_b09_s40.B03
Reading graphs...
40 :  178
40 :  179
Initializing...
maxdom : 40
D->valSize : 1600
Solving...
currentSize : 19 <-- 0.031528 s
currentSize : 22 <-- 0.032369 s
currentSize : 23 <-- 0.034247 s
currentSize : 24 <-- 45.262756 s
currentSize : 25 <-- 93.833275 s
currentSize : 26 <-- 115.045723 s
currentSize : 27 <-- 115.045853 s
currentSize : 28 <-- 202.651428 s
currentSize : 29 <-- 243.784760 s

maxsize : 29
nodes : 20353671.000000
filtered : 998796311.000000
CCGP filtered : 2317491.000000
CCGT filtered : 2860737.000000
time : 305.405640
