Parameters: GAD=1 vflib=1 dir=0 label=0 lowerbound=1 fileNameGp=../../cp2016-max-common-connected-subgraph-paper/datasets/graphsdb/mcs70/m2D/m2Dr2/mcs70_m2Dr2_s50.A02 fileNameGt=../../cp2016-max-common-connected-subgraph-paper/datasets/graphsdb/mcs70/m2D/m2Dr2/mcs70_m2Dr2_s50.B02
Reading graphs...
50 :  94
50 :  94
Initializing...
maxdom : 50
D->valSize : 2500
Solving...
currentSize : 20 <-- 0.118140 s
currentSize : 22 <-- 0.118375 s
currentSize : 23 <-- 0.118718 s
currentSize : 24 <-- 0.148310 s
currentSize : 25 <-- 0.199423 s
currentSize : 26 <-- 0.230516 s
currentSize : 27 <-- 0.406321 s
currentSize : 28 <-- 0.487673 s
currentSize : 29 <-- 7.474101 s
currentSize : 30 <-- 13.342136 s
currentSize : 31 <-- 91.987968 s
currentSize : 32 <-- 141.238922 s
currentSize : 33 <-- 235.938187 s

TIMEOUT
maxsize : 33
nodes : 68967720.000000
filtered : 2112866253.000000
CCGP filtered : 470112122.000000
CCGT filtered : 503376168.000000
time : 1000.000061
