Parameters: GAD=1 vflib=1 dir=0 label=0 lowerbound=1 fileNameGp=../../cp2016-max-common-connected-subgraph-paper/datasets/graphsdb/mcs70/bvg/b06/mcs70_b06_s35.A08 fileNameGt=../../cp2016-max-common-connected-subgraph-paper/datasets/graphsdb/mcs70/bvg/b06/mcs70_b06_s35.B08
Reading graphs...
35 :  104
35 :  105
Initializing...
maxdom : 35
D->valSize : 1225
Solving...
currentSize : 14 <-- 0.033742 s
currentSize : 15 <-- 0.034415 s
currentSize : 16 <-- 0.034706 s
currentSize : 17 <-- 0.037496 s
currentSize : 18 <-- 0.043605 s
currentSize : 19 <-- 0.056666 s
currentSize : 20 <-- 3.109966 s
currentSize : 21 <-- 5.323044 s
currentSize : 22 <-- 8.688252 s
currentSize : 23 <-- 8.802429 s
currentSize : 24 <-- 14.312193 s

maxsize : 24
nodes : 9561711.000000
filtered : 356338192.000000
CCGP filtered : 26184217.000000
CCGT filtered : 13149305.000000
time : 111.458008
