Parameters: GAD=1 vflib=1 dir=0 label=0 lowerbound=1 fileNameGp=../../cp2016-max-common-connected-subgraph-paper/datasets/graphsdb/mcs70/bvg/b03/mcs70_b03_s35.A05 fileNameGt=../../cp2016-max-common-connected-subgraph-paper/datasets/graphsdb/mcs70/bvg/b03/mcs70_b03_s35.B05
Reading graphs...
35 :  52
35 :  52
Initializing...
maxdom : 35
D->valSize : 1225
Solving...
currentSize : 19 <-- 0.036686 s
currentSize : 20 <-- 0.036881 s
currentSize : 21 <-- 0.037103 s
currentSize : 22 <-- 0.037435 s
currentSize : 23 <-- 0.218564 s
currentSize : 24 <-- 0.295647 s
currentSize : 25 <-- 0.918638 s
currentSize : 26 <-- 1.742909 s
currentSize : 27 <-- 26.084339 s

maxsize : 27
nodes : 3449782.000000
filtered : 99922440.000000
CCGP filtered : 88904214.000000
CCGT filtered : 40703284.000000
time : 38.996662
