Parameters: GAD=1 vflib=1 dir=0 label=0 lowerbound=1 fileNameGp=../../cp2016-max-common-connected-subgraph-paper/datasets/graphsdb/mcs70/m3D/m3Dr2/mcs70_m3Dr2_s40.A08 fileNameGt=../../cp2016-max-common-connected-subgraph-paper/datasets/graphsdb/mcs70/m3D/m3Dr2/mcs70_m3Dr2_s40.B08
Reading graphs...
40 :  91
40 :  92
Initializing...
maxdom : 40
D->valSize : 1600
Solving...
currentSize : 17 <-- 0.035095 s
currentSize : 18 <-- 0.035398 s
currentSize : 19 <-- 0.036098 s
currentSize : 20 <-- 0.071726 s
currentSize : 21 <-- 0.074689 s
currentSize : 22 <-- 0.632656 s
currentSize : 23 <-- 10.172941 s
currentSize : 24 <-- 10.175378 s
currentSize : 25 <-- 154.261459 s
currentSize : 26 <-- 280.826538 s

TIMEOUT
maxsize : 26
nodes : 79234036.000000
filtered : 2448191804.000000
CCGP filtered : 276973677.000000
CCGT filtered : 319936031.000000
time : 1000.000000
