Parameters: GAD=1 vflib=1 dir=0 label=0 lowerbound=1 fileNameGp=../../cp2016-max-common-connected-subgraph-paper/datasets/graphsdb/mcs70/m2D/m2D/mcs70_m2D_s40.A08 fileNameGt=../../cp2016-max-common-connected-subgraph-paper/datasets/graphsdb/mcs70/m2D/m2D/mcs70_m2D_s40.B08
Reading graphs...
40 :  67
40 :  66
Initializing...
maxdom : 40
D->valSize : 1600
Solving...
currentSize : 16 <-- 0.036293 s
currentSize : 17 <-- 0.036517 s
currentSize : 18 <-- 0.037152 s
currentSize : 19 <-- 0.037619 s
currentSize : 21 <-- 0.038767 s
currentSize : 22 <-- 0.041128 s
currentSize : 23 <-- 0.044014 s
currentSize : 24 <-- 0.073892 s
currentSize : 26 <-- 0.445548 s
currentSize : 27 <-- 1.308297 s
currentSize : 28 <-- 6.989211 s
currentSize : 29 <-- 849.094055 s

TIMEOUT
maxsize : 29
nodes : 80404542.000000
filtered : 2448114999.000000
CCGP filtered : 1286417388.000000
CCGT filtered : 752838491.000000
time : 1000.000061
