Parameters: GAD=1 vflib=1 dir=0 label=0 lowerbound=1 fileNameGp=../../cp2016-max-common-connected-subgraph-paper/datasets/graphsdb/mcs70/m3D/m3Dr2/mcs70_m3Dr2_s35.A07 fileNameGt=../../cp2016-max-common-connected-subgraph-paper/datasets/graphsdb/mcs70/m3D/m3Dr2/mcs70_m3Dr2_s35.B07
Reading graphs...
35 :  79
35 :  79
Initializing...
maxdom : 35
D->valSize : 1225
Solving...
currentSize : 17 <-- 0.035207 s
currentSize : 18 <-- 0.035559 s
currentSize : 19 <-- 0.041624 s
currentSize : 20 <-- 0.042043 s
currentSize : 21 <-- 0.073946 s
currentSize : 22 <-- 17.455881 s
currentSize : 23 <-- 23.266111 s
currentSize : 24 <-- 566.606934 s
currentSize : 25 <-- 566.607117 s
currentSize : 28 <-- 567.072327 s

maxsize : 28
nodes : 52277280.000000
filtered : 1441788636.000000
CCGP filtered : 120832649.000000
CCGT filtered : 116741841.000000
time : 571.954407
