Parameters: GAD=1 vflib=1 dir=0 label=0 lowerbound=1 fileNameGp=../../cp2016-max-common-connected-subgraph-paper/datasets/graphsdb/mcs70/bvg/b09m/mcs70_b09m_s30.A06 fileNameGt=../../cp2016-max-common-connected-subgraph-paper/datasets/graphsdb/mcs70/bvg/b09m/mcs70_b09m_s30.B06
Reading graphs...
30 :  127
30 :  127
Initializing...
maxdom : 30
D->valSize : 900
Solving...
currentSize : 11 <-- 0.016866 s
currentSize : 12 <-- 0.017676 s
currentSize : 13 <-- 0.020346 s
currentSize : 14 <-- 0.112597 s
currentSize : 15 <-- 8.445169 s
currentSize : 17 <-- 16.390673 s
currentSize : 18 <-- 16.390759 s
currentSize : 19 <-- 55.304703 s
currentSize : 20 <-- 55.304798 s

maxsize : 20
nodes : 5757906.000000
filtered : 137099179.000000
CCGP filtered : 1090166.000000
CCGT filtered : 1563335.000000
time : 60.620163
