Parameters: GAD=1 vflib=1 dir=0 label=0 lowerbound=1 fileNameGp=../../cp2016-max-common-connected-subgraph-paper/datasets/graphsdb/mcs70/m2D/m2Dr2/mcs70_m2Dr2_s50.A06 fileNameGt=../../cp2016-max-common-connected-subgraph-paper/datasets/graphsdb/mcs70/m2D/m2Dr2/mcs70_m2Dr2_s50.B06
Reading graphs...
50 :  95
50 :  93
Initializing...
maxdom : 50
D->valSize : 2500
Solving...
currentSize : 22 <-- 0.096298 s
currentSize : 23 <-- 0.097382 s
currentSize : 24 <-- 0.098347 s
currentSize : 25 <-- 0.135168 s
currentSize : 26 <-- 0.151172 s
currentSize : 27 <-- 0.153382 s
currentSize : 28 <-- 0.168358 s
currentSize : 29 <-- 0.189317 s
currentSize : 30 <-- 0.190757 s
currentSize : 31 <-- 1.173692 s
currentSize : 32 <-- 88.441826 s
currentSize : 33 <-- 410.410187 s

TIMEOUT
maxsize : 33
nodes : 65572033.000000
filtered : 2162532029.000000
CCGP filtered : 706984810.000000
CCGT filtered : 698038765.000000
time : 1000.000061
