Parameters: GAD=1 vflib=1 dir=0 label=0 lowerbound=1 fileNameGp=../../cp2016-max-common-connected-subgraph-paper/datasets/graphsdb/mcs70/m2D/m2D/mcs70_m2D_s35.A00 fileNameGt=../../cp2016-max-common-connected-subgraph-paper/datasets/graphsdb/mcs70/m2D/m2D/mcs70_m2D_s35.B00
Reading graphs...
35 :  57
35 :  58
Initializing...
maxdom : 35
D->valSize : 1225
Solving...
currentSize : 14 <-- 0.038270 s
currentSize : 16 <-- 0.038329 s
currentSize : 17 <-- 0.038380 s
currentSize : 18 <-- 0.038478 s
currentSize : 19 <-- 0.040497 s
currentSize : 20 <-- 0.040765 s
currentSize : 21 <-- 0.047791 s
currentSize : 22 <-- 0.048041 s
currentSize : 23 <-- 0.941718 s
currentSize : 24 <-- 11.022118 s
currentSize : 25 <-- 17.403975 s
currentSize : 26 <-- 17.406942 s
currentSize : 27 <-- 27.502924 s

maxsize : 27
nodes : 4769711.000000
filtered : 143808346.000000
CCGP filtered : 68782599.000000
CCGT filtered : 30397497.000000
time : 53.153065
