Parameters: GAD=1 vflib=1 dir=0 label=0 lowerbound=1 fileNameGp=../../cp2016-max-common-connected-subgraph-paper/datasets/graphsdb/mcs70/bvg/b03m/mcs70_b03m_s50.A07 fileNameGt=../../cp2016-max-common-connected-subgraph-paper/datasets/graphsdb/mcs70/bvg/b03m/mcs70_b03m_s50.B07
Reading graphs...
50 :  75
50 :  75
Initializing...
maxdom : 50
D->valSize : 2500
Solving...
currentSize : 24 <-- 0.097753 s
currentSize : 26 <-- 0.097804 s
currentSize : 27 <-- 0.103857 s
currentSize : 28 <-- 0.153127 s
currentSize : 29 <-- 0.467789 s
currentSize : 30 <-- 0.468156 s
currentSize : 31 <-- 3.840659 s
currentSize : 32 <-- 3.939625 s
currentSize : 33 <-- 52.979218 s
currentSize : 34 <-- 65.281227 s

TIMEOUT
maxsize : 34
nodes : 65294699.000000
filtered : 1986616032.000000
CCGP filtered : 1633697679.000000
CCGT filtered : 1183010690.000000
time : 1000.000061
