Parameters: GAD=1 vflib=1 dir=0 label=0 lowerbound=1 fileNameGp=../../cp2016-max-common-connected-subgraph-paper/datasets/graphsdb/mcs70/m3D/m3Dr6/mcs70_m3Dr6_s40.A05 fileNameGt=../../cp2016-max-common-connected-subgraph-paper/datasets/graphsdb/mcs70/m3D/m3Dr6/mcs70_m3Dr6_s40.B05
Reading graphs...
40 :  107
40 :  101
Initializing...
maxdom : 40
D->valSize : 1600
Solving...
currentSize : 17 <-- 0.055079 s
currentSize : 18 <-- 0.055337 s
currentSize : 19 <-- 0.122232 s
currentSize : 20 <-- 0.141338 s
currentSize : 21 <-- 0.154008 s
currentSize : 22 <-- 5.431323 s
currentSize : 23 <-- 14.332781 s
currentSize : 24 <-- 242.244202 s
currentSize : 26 <-- 757.262878 s
currentSize : 27 <-- 757.912231 s
currentSize : 28 <-- 758.171387 s

TIMEOUT
maxsize : 28
nodes : 78681159.000000
filtered : 2443441196.000000
CCGP filtered : 205394000.000000
CCGT filtered : 210456969.000000
time : 1000.000000
