Parameters: GAD=1 vflib=1 dir=0 label=0 lowerbound=1 fileNameGp=../../cp2016-max-common-connected-subgraph-paper/datasets/graphsdb/mcs70/m2D/m2Dr2/mcs70_m2Dr2_s50.A00 fileNameGt=../../cp2016-max-common-connected-subgraph-paper/datasets/graphsdb/mcs70/m2D/m2Dr2/mcs70_m2Dr2_s50.B00
Reading graphs...
50 :  93
50 :  93
Initializing...
maxdom : 50
D->valSize : 2500
Solving...
currentSize : 16 <-- 0.096349 s
currentSize : 18 <-- 0.096707 s
currentSize : 19 <-- 0.096750 s
currentSize : 21 <-- 0.096779 s
currentSize : 22 <-- 0.096901 s
currentSize : 23 <-- 0.097181 s
currentSize : 24 <-- 0.102696 s
currentSize : 25 <-- 0.103148 s
currentSize : 26 <-- 0.120211 s
currentSize : 27 <-- 0.163871 s
currentSize : 28 <-- 1.314618 s
currentSize : 29 <-- 2.513613 s
currentSize : 30 <-- 2.514485 s
currentSize : 31 <-- 9.003434 s
currentSize : 32 <-- 39.941914 s
currentSize : 33 <-- 39.942200 s
currentSize : 34 <-- 167.461594 s

TIMEOUT
maxsize : 34
nodes : 63483636.000000
filtered : 2545553813.000000
CCGP filtered : 1120777748.000000
CCGT filtered : 455713768.000000
time : 1000.000061
