Parameters: GAD=1 vflib=1 dir=0 label=0 lowerbound=1 fileNameGp=../../cp2016-max-common-connected-subgraph-paper/datasets/graphsdb/mcs70/m3D/m3D/mcs70_m3D_s35.A03 fileNameGt=../../cp2016-max-common-connected-subgraph-paper/datasets/graphsdb/mcs70/m3D/m3D/mcs70_m3D_s35.B03
Reading graphs...
35 :  72
35 :  71
Initializing...
maxdom : 35
D->valSize : 1225
Solving...
currentSize : 15 <-- 0.035662 s
currentSize : 18 <-- 0.035876 s
currentSize : 19 <-- 0.036385 s
currentSize : 20 <-- 0.050552 s
currentSize : 21 <-- 0.053091 s
currentSize : 22 <-- 1.602207 s
currentSize : 23 <-- 2.164359 s
currentSize : 24 <-- 4.237340 s
currentSize : 25 <-- 4.295312 s
currentSize : 27 <-- 8.616204 s
currentSize : 28 <-- 8.939558 s

maxsize : 28
nodes : 1627618.000000
filtered : 52279413.000000
CCGP filtered : 4387925.000000
CCGT filtered : 2679166.000000
time : 17.114288
