Parameters: GAD=1 vflib=1 dir=0 label=0 lowerbound=1 fileNameGp=../../cp2016-max-common-connected-subgraph-paper/datasets/graphsdb/mcs70/bvg/b06/mcs70_b06_s40.A05 fileNameGt=../../cp2016-max-common-connected-subgraph-paper/datasets/graphsdb/mcs70/bvg/b06/mcs70_b06_s40.B05
Reading graphs...
40 :  118
40 :  120
Initializing...
maxdom : 40
D->valSize : 1600
Solving...
currentSize : 17 <-- 0.033844 s
currentSize : 18 <-- 0.033986 s
currentSize : 19 <-- 0.034139 s
currentSize : 20 <-- 0.035137 s
currentSize : 21 <-- 0.035402 s
currentSize : 22 <-- 0.131521 s
currentSize : 23 <-- 0.171599 s
currentSize : 24 <-- 0.196928 s
currentSize : 25 <-- 0.955364 s
currentSize : 26 <-- 0.955593 s
currentSize : 27 <-- 0.955927 s
currentSize : 28 <-- 5.510361 s
currentSize : 29 <-- 5.520383 s
currentSize : 30 <-- 7.232536 s

maxsize : 30
nodes : 8032408.000000
filtered : 458873450.000000
CCGP filtered : 23961771.000000
CCGT filtered : 10364977.000000
time : 119.059113
