Parameters: GAD=1 vflib=1 dir=0 label=0 lowerbound=1 fileNameGp=../../cp2016-max-common-connected-subgraph-paper/datasets/graphsdb/mcs70/m2D/m2Dr2/mcs70_m2Dr2_s50.A01 fileNameGt=../../cp2016-max-common-connected-subgraph-paper/datasets/graphsdb/mcs70/m2D/m2Dr2/mcs70_m2Dr2_s50.B01
Reading graphs...
50 :  94
50 :  94
Initializing...
maxdom : 50
D->valSize : 2500
Solving...
currentSize : 22 <-- 0.162636 s
currentSize : 23 <-- 0.164121 s
currentSize : 24 <-- 0.182689 s
currentSize : 25 <-- 0.184541 s
currentSize : 26 <-- 0.184797 s
currentSize : 27 <-- 0.185072 s
currentSize : 28 <-- 0.209474 s
currentSize : 29 <-- 0.225524 s
currentSize : 30 <-- 8.808601 s
currentSize : 31 <-- 96.127525 s
currentSize : 32 <-- 177.467529 s
currentSize : 33 <-- 181.307037 s

TIMEOUT
maxsize : 33
nodes : 66993874.000000
filtered : 2077763420.000000
CCGP filtered : 799714576.000000
CCGT filtered : 541038027.000000
time : 1000.000061
