Parameters: GAD=1 vflib=1 dir=0 label=0 lowerbound=1 fileNameGp=../../cp2016-max-common-connected-subgraph-paper/datasets/graphsdb/mcs70/bvg/b03/mcs70_b03_s30.A06 fileNameGt=../../cp2016-max-common-connected-subgraph-paper/datasets/graphsdb/mcs70/bvg/b03/mcs70_b03_s30.B06
Reading graphs...
30 :  45
30 :  45
Initializing...
maxdom : 30
D->valSize : 900
Solving...
currentSize : 16 <-- 0.011131 s
currentSize : 17 <-- 0.011511 s
currentSize : 18 <-- 0.013661 s
currentSize : 19 <-- 0.017760 s
currentSize : 20 <-- 0.080548 s
currentSize : 21 <-- 0.254805 s
currentSize : 22 <-- 0.714944 s
currentSize : 23 <-- 0.739421 s
currentSize : 24 <-- 1.009492 s

maxsize : 24
nodes : 262168.000000
filtered : 6834517.000000
CCGP filtered : 2747913.000000
CCGT filtered : 1241403.000000
time : 2.419894
