Parameters: GAD=1 vflib=1 dir=0 label=0 lowerbound=1 fileNameGp=../../cp2016-max-common-connected-subgraph-paper/datasets/graphsdb/mcs70/m2D/m2Dr6/mcs70_m2Dr6_s35.A08 fileNameGt=../../cp2016-max-common-connected-subgraph-paper/datasets/graphsdb/mcs70/m2D/m2Dr6/mcs70_m2Dr6_s35.B08
Reading graphs...
35 :  77
35 :  74
Initializing...
maxdom : 35
D->valSize : 1225
Solving...
currentSize : 10 <-- 0.032987 s
currentSize : 13 <-- 0.033153 s
currentSize : 14 <-- 0.033338 s
currentSize : 15 <-- 0.033462 s
currentSize : 16 <-- 0.033853 s
currentSize : 17 <-- 0.036303 s
currentSize : 18 <-- 0.042465 s
currentSize : 19 <-- 0.073396 s
currentSize : 20 <-- 0.266770 s
currentSize : 21 <-- 1.328464 s
currentSize : 22 <-- 3.680036 s
currentSize : 23 <-- 16.354666 s
currentSize : 24 <-- 150.837341 s
currentSize : 25 <-- 286.737854 s
currentSize : 26 <-- 286.738434 s

maxsize : 26
nodes : 29683882.000000
filtered : 930809135.000000
CCGP filtered : 103285718.000000
CCGT filtered : 70797794.000000
time : 325.015991
