Parameters: GAD=1 vflib=1 dir=0 label=0 lowerbound=1 fileNameGp=../../cp2016-max-common-connected-subgraph-paper/datasets/graphsdb/mcs70/m2D/m2Dr2/mcs70_m2Dr2_s35.A05 fileNameGt=../../cp2016-max-common-connected-subgraph-paper/datasets/graphsdb/mcs70/m2D/m2Dr2/mcs70_m2Dr2_s35.B05
Reading graphs...
35 :  65
35 :  64
Initializing...
maxdom : 35
D->valSize : 1225
Solving...
currentSize : 16 <-- 0.020661 s
currentSize : 17 <-- 0.020778 s
currentSize : 18 <-- 0.021271 s
currentSize : 19 <-- 0.030113 s
currentSize : 20 <-- 0.100789 s
currentSize : 21 <-- 0.520190 s
currentSize : 22 <-- 1.134359 s
currentSize : 23 <-- 7.885956 s
currentSize : 25 <-- 10.909189 s

maxsize : 25
nodes : 12174172.000000
filtered : 416852020.000000
CCGP filtered : 107587199.000000
CCGT filtered : 64177356.000000
time : 140.032349
