Parameters: GAD=1 vflib=1 dir=0 label=0 lowerbound=1 fileNameGp=../../cp2016-max-common-connected-subgraph-paper/datasets/graphsdb/mcs70/bvg/b09/mcs70_b09_s30.A05 fileNameGt=../../cp2016-max-common-connected-subgraph-paper/datasets/graphsdb/mcs70/bvg/b09/mcs70_b09_s30.B05
Reading graphs...
30 :  129
30 :  135
Initializing...
maxdom : 30
D->valSize : 900
Solving...
currentSize : 12 <-- 0.009498 s
currentSize : 13 <-- 0.009856 s
currentSize : 14 <-- 0.010236 s
currentSize : 15 <-- 0.011555 s
currentSize : 16 <-- 0.011876 s
currentSize : 17 <-- 0.012198 s
currentSize : 18 <-- 0.907106 s
currentSize : 20 <-- 1.044366 s
currentSize : 21 <-- 2.738556 s

maxsize : 21
nodes : 996269.000000
filtered : 31295934.000000
CCGP filtered : 47312.000000
CCGT filtered : 34068.000000
time : 11.020884
