Parameters: GAD=1 vflib=1 dir=0 label=0 lowerbound=1 fileNameGp=../../cp2016-max-common-connected-subgraph-paper/datasets/graphsdb/mcs70/bvg/b06/mcs70_b06_s40.A04 fileNameGt=../../cp2016-max-common-connected-subgraph-paper/datasets/graphsdb/mcs70/bvg/b06/mcs70_b06_s40.B04
Reading graphs...
40 :  120
40 :  119
Initializing...
maxdom : 40
D->valSize : 1600
Solving...
currentSize : 18 <-- 0.033678 s
currentSize : 20 <-- 0.033830 s
currentSize : 21 <-- 0.035951 s
currentSize : 22 <-- 0.071867 s
currentSize : 23 <-- 0.248007 s
currentSize : 24 <-- 0.291027 s
currentSize : 25 <-- 0.367612 s
currentSize : 26 <-- 0.369804 s
currentSize : 27 <-- 2.959376 s
currentSize : 28 <-- 11.203259 s
currentSize : 29 <-- 11.205661 s
currentSize : 30 <-- 11.205875 s

maxsize : 30
nodes : 7241063.000000
filtered : 391226923.000000
CCGP filtered : 17632508.000000
CCGT filtered : 12501744.000000
time : 105.839996
