Parameters: GAD=1 vflib=1 dir=0 label=0 lowerbound=1 fileNameGp=../../cp2016-max-common-connected-subgraph-paper/datasets/graphsdb/mcs70/rand/r01/mcs70_r01_s30.A02 fileNameGt=../../cp2016-max-common-connected-subgraph-paper/datasets/graphsdb/mcs70/rand/r01/mcs70_r01_s30.B02
Reading graphs...
30 :  81
30 :  82
Initializing...
maxdom : 30
D->valSize : 900
Solving...
currentSize : 12 <-- 0.010347 s
currentSize : 13 <-- 0.010415 s
currentSize : 14 <-- 0.010442 s
currentSize : 15 <-- 0.011094 s
currentSize : 16 <-- 0.011785 s
currentSize : 17 <-- 0.111993 s
currentSize : 18 <-- 0.296731 s
currentSize : 19 <-- 105.625404 s
currentSize : 21 <-- 109.569862 s

maxsize : 21
nodes : 12435144.000000
filtered : 288697395.000000
CCGP filtered : 20213253.000000
CCGT filtered : 18195724.000000
time : 119.143356
