Parameters: GAD=1 vflib=1 dir=0 label=0 lowerbound=1 fileNameGp=../../cp2016-max-common-connected-subgraph-paper/datasets/graphsdb/mcs70/m2D/m2Dr4/mcs70_m2Dr4_s35.A05 fileNameGt=../../cp2016-max-common-connected-subgraph-paper/datasets/graphsdb/mcs70/m2D/m2Dr4/mcs70_m2Dr4_s35.B05
Reading graphs...
35 :  71
35 :  70
Initializing...
maxdom : 35
D->valSize : 1225
Solving...
currentSize : 15 <-- 0.020376 s
currentSize : 16 <-- 0.020479 s
currentSize : 17 <-- 0.020611 s
currentSize : 18 <-- 0.021030 s
currentSize : 20 <-- 0.021150 s
currentSize : 21 <-- 0.022521 s
currentSize : 22 <-- 1.449898 s
currentSize : 23 <-- 3.572322 s
currentSize : 25 <-- 93.164551 s
currentSize : 26 <-- 419.473663 s

maxsize : 26
nodes : 43805071.000000
filtered : 1352085221.000000
CCGP filtered : 105410866.000000
CCGT filtered : 85829809.000000
time : 465.134521
