Parameters: GAD=1 vflib=1 dir=0 label=0 lowerbound=1 fileNameGp=../../cp2016-max-common-connected-subgraph-paper/datasets/graphsdb/mcs70/m2D/m2Dr4/mcs70_m2Dr4_s35.A07 fileNameGt=../../cp2016-max-common-connected-subgraph-paper/datasets/graphsdb/mcs70/m2D/m2Dr4/mcs70_m2Dr4_s35.B07
Reading graphs...
35 :  72
35 :  72
Initializing...
maxdom : 35
D->valSize : 1225
Solving...
currentSize : 13 <-- 0.020291 s
currentSize : 16 <-- 0.020409 s
currentSize : 17 <-- 0.023706 s
currentSize : 18 <-- 0.025645 s
currentSize : 19 <-- 0.087838 s
currentSize : 20 <-- 0.090352 s
currentSize : 21 <-- 2.200251 s
currentSize : 22 <-- 5.939824 s
currentSize : 23 <-- 21.208750 s
currentSize : 24 <-- 217.535034 s
currentSize : 25 <-- 336.623596 s

maxsize : 25
nodes : 36450629.000000
filtered : 1079701493.000000
CCGP filtered : 126198333.000000
CCGT filtered : 126385668.000000
time : 399.720123
