Parameters: GAD=1 vflib=1 dir=0 label=0 lowerbound=1 fileNameGp=../../cp2016-max-common-connected-subgraph-paper/datasets/graphsdb/mcs70/bvg/b03/mcs70_b03_s40.A09 fileNameGt=../../cp2016-max-common-connected-subgraph-paper/datasets/graphsdb/mcs70/bvg/b03/mcs70_b03_s40.B09
Reading graphs...
40 :  60
40 :  60
Initializing...
maxdom : 40
D->valSize : 1600
Solving...
currentSize : 20 <-- 0.036733 s
currentSize : 21 <-- 0.037033 s
currentSize : 22 <-- 0.037170 s
currentSize : 23 <-- 0.037250 s
currentSize : 24 <-- 0.037587 s
currentSize : 25 <-- 0.037683 s
currentSize : 26 <-- 0.044135 s
currentSize : 27 <-- 0.055798 s
currentSize : 28 <-- 0.062560 s
currentSize : 29 <-- 0.068544 s
currentSize : 30 <-- 0.855851 s
currentSize : 31 <-- 0.858058 s

maxsize : 31
nodes : 16610594.000000
filtered : 581179504.000000
CCGP filtered : 529174196.000000
CCGT filtered : 267332680.000000
time : 219.896194
