Parameters: GAD=1 vflib=1 dir=0 label=0 lowerbound=1 fileNameGp=../../cp2016-max-common-connected-subgraph-paper/datasets/graphsdb/mcs70/bvg/b09/mcs70_b09_s30.A09 fileNameGt=../../cp2016-max-common-connected-subgraph-paper/datasets/graphsdb/mcs70/bvg/b09/mcs70_b09_s30.B09
Reading graphs...
30 :  132
30 :  133
Initializing...
maxdom : 30
D->valSize : 900
Solving...
currentSize : 9 <-- 0.009554 s
currentSize : 10 <-- 0.009640 s
currentSize : 11 <-- 0.009793 s
currentSize : 12 <-- 0.010098 s
currentSize : 13 <-- 0.019856 s
currentSize : 14 <-- 0.140932 s
currentSize : 16 <-- 1.295757 s
currentSize : 17 <-- 1.348075 s
currentSize : 19 <-- 1.348150 s
currentSize : 20 <-- 1.348263 s
currentSize : 21 <-- 1.740672 s

maxsize : 21
nodes : 805381.000000
filtered : 25881770.000000
CCGP filtered : 97684.000000
CCGT filtered : 106889.000000
time : 9.006225
