Parameters: GAD=1 vflib=1 dir=0 label=0 lowerbound=1 fileNameGp=../../cp2016-max-common-connected-subgraph-paper/datasets/graphsdb/mcs70/rand/r005/mcs70_r005_s35.A03 fileNameGt=../../cp2016-max-common-connected-subgraph-paper/datasets/graphsdb/mcs70/rand/r005/mcs70_r005_s35.B03
Reading graphs...
35 :  57
35 :  56
Initializing...
maxdom : 35
D->valSize : 1225
Solving...
currentSize : 15 <-- 0.036750 s
currentSize : 16 <-- 0.037197 s
currentSize : 17 <-- 0.037667 s
currentSize : 18 <-- 0.044121 s
currentSize : 19 <-- 0.090819 s
currentSize : 20 <-- 0.142928 s
currentSize : 21 <-- 0.143035 s
currentSize : 22 <-- 0.145854 s
currentSize : 23 <-- 0.177595 s
currentSize : 24 <-- 0.214702 s
currentSize : 25 <-- 1.819750 s
currentSize : 26 <-- 3.228114 s

maxsize : 26
nodes : 2228579.000000
filtered : 77565638.000000
CCGP filtered : 41615574.000000
CCGT filtered : 18142983.000000
time : 24.955769
