Parameters: GAD=1 vflib=1 dir=0 label=0 lowerbound=1 fileNameGp=../../cp2016-max-common-connected-subgraph-paper/datasets/graphsdb/mcs70/bvg/b06m/mcs70_b06m_s35.A08 fileNameGt=../../cp2016-max-common-connected-subgraph-paper/datasets/graphsdb/mcs70/bvg/b06m/mcs70_b06m_s35.B08
Reading graphs...
35 :  100
35 :  99
Initializing...
maxdom : 35
D->valSize : 1225
Solving...
currentSize : 15 <-- 0.019294 s
currentSize : 16 <-- 0.019667 s
currentSize : 17 <-- 0.023806 s
currentSize : 18 <-- 0.023978 s
currentSize : 19 <-- 0.027875 s
currentSize : 20 <-- 0.068160 s
currentSize : 21 <-- 92.380226 s
currentSize : 22 <-- 313.578827 s
currentSize : 23 <-- 315.978546 s
currentSize : 24 <-- 469.162476 s
currentSize : 25 <-- 469.162659 s

maxsize : 25
nodes : 43538502.000000
filtered : 1382712906.000000
CCGP filtered : 88509124.000000
CCGT filtered : 42592959.000000
time : 485.303589
