Parameters: GAD=1 vflib=1 dir=0 label=0 lowerbound=1 fileNameGp=../../cp2016-max-common-connected-subgraph-paper/datasets/graphsdb/mcs70/m3D/m3Dr4/mcs70_m3Dr4_s40.A03 fileNameGt=../../cp2016-max-common-connected-subgraph-paper/datasets/graphsdb/mcs70/m3D/m3Dr4/mcs70_m3Dr4_s40.B03
Reading graphs...
40 :  98
40 :  96
Initializing...
maxdom : 40
D->valSize : 1600
Solving...
currentSize : 14 <-- 0.034619 s
currentSize : 15 <-- 0.034726 s
currentSize : 16 <-- 0.034860 s
currentSize : 17 <-- 0.037161 s
currentSize : 18 <-- 0.037555 s
currentSize : 19 <-- 0.052181 s
currentSize : 20 <-- 0.076921 s
currentSize : 21 <-- 0.135166 s
currentSize : 22 <-- 0.238397 s
currentSize : 23 <-- 5.830406 s
currentSize : 24 <-- 161.486206 s

TIMEOUT
maxsize : 24
nodes : 86152836.000000
filtered : 2183506189.000000
CCGP filtered : 290117483.000000
CCGT filtered : 250715881.000000
time : 1000.000000
