Parameters: GAD=1 vflib=1 dir=0 label=0 lowerbound=1 fileNameGp=../../cp2016-max-common-connected-subgraph-paper/datasets/graphsdb/mcs70/m2D/m2D/mcs70_m2D_s35.A09 fileNameGt=../../cp2016-max-common-connected-subgraph-paper/datasets/graphsdb/mcs70/m2D/m2D/mcs70_m2D_s35.B09
Reading graphs...
35 :  58
35 :  58
Initializing...
maxdom : 35
D->valSize : 1225
Solving...
currentSize : 14 <-- 0.020805 s
currentSize : 18 <-- 0.020942 s
currentSize : 20 <-- 0.021010 s
currentSize : 21 <-- 0.021146 s
currentSize : 22 <-- 0.031117 s
currentSize : 23 <-- 0.115657 s
currentSize : 24 <-- 0.675833 s
currentSize : 25 <-- 1.832241 s
currentSize : 26 <-- 27.213444 s
currentSize : 27 <-- 27.459328 s

maxsize : 27
nodes : 5621793.000000
filtered : 173872340.000000
CCGP filtered : 50532170.000000
CCGT filtered : 23597067.000000
time : 61.158600
