Parameters: GAD=1 vflib=1 dir=0 label=0 lowerbound=1 fileNameGp=../../cp2016-max-common-connected-subgraph-paper/datasets/graphsdb/mcs70/bvg/b03/mcs70_b03_s50.A06 fileNameGt=../../cp2016-max-common-connected-subgraph-paper/datasets/graphsdb/mcs70/bvg/b03/mcs70_b03_s50.B06
Reading graphs...
50 :  75
50 :  75
Initializing...
maxdom : 50
D->valSize : 2500
Solving...
currentSize : 22 <-- 0.119852 s
currentSize : 29 <-- 0.119957 s
currentSize : 30 <-- 0.120000 s
currentSize : 31 <-- 0.121558 s
currentSize : 32 <-- 0.124556 s
currentSize : 33 <-- 0.136503 s
currentSize : 34 <-- 0.138761 s
currentSize : 35 <-- 21.713449 s
currentSize : 36 <-- 28.281136 s
currentSize : 37 <-- 53.276424 s
currentSize : 38 <-- 293.554291 s
currentSize : 39 <-- 539.229858 s

TIMEOUT
maxsize : 39
nodes : 56792147.000000
filtered : 2343387815.000000
CCGP filtered : 2315473462.000000
CCGT filtered : 1462980858.000000
time : 1000.000061
