Parameters: GAD=1 vflib=1 dir=0 label=0 lowerbound=1 fileNameGp=../../cp2016-max-common-connected-subgraph-paper/datasets/graphsdb/mcs70/bvg/b06/mcs70_b06_s40.A06 fileNameGt=../../cp2016-max-common-connected-subgraph-paper/datasets/graphsdb/mcs70/bvg/b06/mcs70_b06_s40.B06
Reading graphs...
40 :  120
40 :  120
Initializing...
maxdom : 40
D->valSize : 1600
Solving...
currentSize : 16 <-- 0.054503 s
currentSize : 19 <-- 0.054605 s
currentSize : 20 <-- 0.054644 s
currentSize : 21 <-- 0.054815 s
currentSize : 22 <-- 0.070451 s
currentSize : 23 <-- 0.179008 s
currentSize : 24 <-- 0.180580 s
currentSize : 26 <-- 0.583819 s
currentSize : 28 <-- 2.199251 s
currentSize : 29 <-- 7.945100 s
currentSize : 30 <-- 45.784832 s

maxsize : 30
nodes : 8726909.000000
filtered : 467151360.000000
CCGP filtered : 26487931.000000
CCGT filtered : 14870496.000000
time : 127.652702
