Parameters: GAD=1 vflib=1 dir=0 label=0 lowerbound=1 fileNameGp=../../cp2016-max-common-connected-subgraph-paper/datasets/graphsdb/mcs70/m3D/m3Dr4/mcs70_m3Dr4_s35.A05 fileNameGt=../../cp2016-max-common-connected-subgraph-paper/datasets/graphsdb/mcs70/m3D/m3Dr4/mcs70_m3Dr4_s35.B05
Reading graphs...
35 :  85
35 :  85
Initializing...
maxdom : 35
D->valSize : 1225
Solving...
currentSize : 16 <-- 0.019617 s
currentSize : 17 <-- 0.022203 s
currentSize : 18 <-- 0.029570 s
currentSize : 19 <-- 0.100952 s
currentSize : 20 <-- 0.207140 s
currentSize : 21 <-- 22.227669 s
currentSize : 22 <-- 27.861809 s
currentSize : 23 <-- 27.917028 s
currentSize : 25 <-- 159.029373 s
currentSize : 27 <-- 159.060867 s

maxsize : 27
nodes : 15547178.000000
filtered : 481499610.000000
CCGP filtered : 31430793.000000
CCGT filtered : 32881971.000000
time : 174.697037
