Parameters: GAD=1 vflib=1 dir=0 label=0 lowerbound=1 fileNameGp=../../cp2016-max-common-connected-subgraph-paper/datasets/graphsdb/mcs70/bvg/b09/mcs70_b09_s35.A06 fileNameGt=../../cp2016-max-common-connected-subgraph-paper/datasets/graphsdb/mcs70/bvg/b09/mcs70_b09_s35.B06
Reading graphs...
35 :  153
35 :  154
Initializing...
maxdom : 35
D->valSize : 1225
Solving...
currentSize : 11 <-- 0.018185 s
currentSize : 12 <-- 0.018260 s
currentSize : 13 <-- 0.018393 s
currentSize : 14 <-- 0.019246 s
currentSize : 15 <-- 0.025470 s
currentSize : 18 <-- 0.224111 s
currentSize : 21 <-- 0.224254 s
currentSize : 22 <-- 1.701014 s
currentSize : 24 <-- 1.965430 s
currentSize : 25 <-- 1.965506 s

maxsize : 25
nodes : 2607068.000000
filtered : 110179597.000000
CCGP filtered : 87612.000000
CCGT filtered : 503729.000000
time : 34.209202
