Parameters: GAD=1 vflib=1 dir=0 label=0 lowerbound=1 fileNameGp=../../cp2016-max-common-connected-subgraph-paper/datasets/graphsdb/mcs70/m3D/m3Dr2/mcs70_m3Dr2_s35.A03 fileNameGt=../../cp2016-max-common-connected-subgraph-paper/datasets/graphsdb/mcs70/m3D/m3Dr2/mcs70_m3Dr2_s35.B03
Reading graphs...
35 :  79
35 :  77
Initializing...
maxdom : 35
D->valSize : 1225
Solving...
currentSize : 14 <-- 0.020059 s
currentSize : 15 <-- 0.020139 s
currentSize : 16 <-- 0.020733 s
currentSize : 17 <-- 0.021277 s
currentSize : 18 <-- 0.025880 s
currentSize : 19 <-- 0.026960 s
currentSize : 20 <-- 0.033831 s
currentSize : 21 <-- 1.315261 s
currentSize : 22 <-- 2.143167 s
currentSize : 23 <-- 75.537598 s
currentSize : 24 <-- 415.723755 s
currentSize : 25 <-- 415.723969 s
currentSize : 27 <-- 488.105927 s

maxsize : 27
nodes : 49433978.000000
filtered : 1363267644.000000
CCGP filtered : 117191469.000000
CCGT filtered : 56187919.000000
time : 503.203247
