Parameters: GAD=1 vflib=1 dir=0 label=0 lowerbound=1 fileNameGp=../../cp2016-max-common-connected-subgraph-paper/datasets/graphsdb/mcs70/m3D/m3Dr6/mcs70_m3Dr6_s35.A05 fileNameGt=../../cp2016-max-common-connected-subgraph-paper/datasets/graphsdb/mcs70/m3D/m3Dr6/mcs70_m3Dr6_s35.B05
Reading graphs...
35 :  91
35 :  89
Initializing...
maxdom : 35
D->valSize : 1225
Solving...
currentSize : 16 <-- 0.019591 s
currentSize : 17 <-- 0.020026 s
currentSize : 18 <-- 0.028054 s
currentSize : 19 <-- 0.044563 s
currentSize : 20 <-- 3.363624 s
currentSize : 21 <-- 82.880226 s
currentSize : 23 <-- 162.290558 s
currentSize : 24 <-- 275.992554 s
currentSize : 26 <-- 275.993774 s
currentSize : 27 <-- 275.993805 s

maxsize : 27
nodes : 27440023.000000
filtered : 729211940.000000
CCGP filtered : 43928458.000000
CCGT filtered : 40504337.000000
time : 295.828949
