Parameters: GAD=1 vflib=1 dir=0 label=0 lowerbound=1 fileNameGp=../../cp2016-max-common-connected-subgraph-paper/datasets/graphsdb/mcs70/bvg/b03m/mcs70_b03m_s35.A07 fileNameGt=../../cp2016-max-common-connected-subgraph-paper/datasets/graphsdb/mcs70/bvg/b03m/mcs70_b03m_s35.B07
Reading graphs...
35 :  52
35 :  52
Initializing...
maxdom : 35
D->valSize : 1225
Solving...
currentSize : 16 <-- 0.036417 s
currentSize : 17 <-- 0.036485 s
currentSize : 18 <-- 0.066464 s
currentSize : 19 <-- 0.068660 s
currentSize : 20 <-- 0.172626 s
currentSize : 21 <-- 0.507050 s
currentSize : 22 <-- 1.642665 s
currentSize : 23 <-- 2.310757 s
currentSize : 24 <-- 4.246238 s
currentSize : 25 <-- 4.774343 s
currentSize : 26 <-- 6.051261 s
currentSize : 27 <-- 12.133970 s

maxsize : 27
nodes : 1599986.000000
filtered : 42372934.000000
CCGP filtered : 41790062.000000
CCGT filtered : 25824509.000000
time : 18.590868
