Parameters: GAD=1 vflib=1 dir=0 label=0 lowerbound=1 fileNameGp=../../cp2016-max-common-connected-subgraph-paper/datasets/graphsdb/mcs70/m2D/m2Dr2/mcs70_m2Dr2_s40.A08 fileNameGt=../../cp2016-max-common-connected-subgraph-paper/datasets/graphsdb/mcs70/m2D/m2Dr2/mcs70_m2Dr2_s40.B08
Reading graphs...
40 :  74
40 :  73
Initializing...
maxdom : 40
D->valSize : 1600
Solving...
currentSize : 18 <-- 0.058074 s
currentSize : 20 <-- 0.058339 s
currentSize : 21 <-- 0.058637 s
currentSize : 22 <-- 0.083714 s
currentSize : 23 <-- 0.127034 s
currentSize : 24 <-- 0.150321 s
currentSize : 25 <-- 3.874125 s
currentSize : 26 <-- 6.388323 s
currentSize : 27 <-- 6.862573 s
currentSize : 28 <-- 453.672516 s
currentSize : 29 <-- 785.076294 s

TIMEOUT
maxsize : 29
nodes : 79938864.000000
filtered : 2767262544.000000
CCGP filtered : 684137068.000000
CCGT filtered : 471233594.000000
time : 1000.000061
