Parameters: GAD=1 vflib=1 dir=0 label=0 lowerbound=1 fileNameGp=../../cp2016-max-common-connected-subgraph-paper/datasets/graphsdb/mcs70/m2D/m2Dr4/mcs70_m2Dr4_s35.A04 fileNameGt=../../cp2016-max-common-connected-subgraph-paper/datasets/graphsdb/mcs70/m2D/m2Dr4/mcs70_m2Dr4_s35.B04
Reading graphs...
35 :  71
35 :  71
Initializing...
maxdom : 35
D->valSize : 1225
Solving...
currentSize : 18 <-- 0.032727 s
currentSize : 19 <-- 0.048405 s
currentSize : 20 <-- 0.066280 s
currentSize : 21 <-- 0.141291 s
currentSize : 22 <-- 4.326130 s
currentSize : 23 <-- 16.632015 s
currentSize : 24 <-- 42.278252 s
currentSize : 25 <-- 42.279049 s
currentSize : 26 <-- 136.561859 s

maxsize : 26
nodes : 15226723.000000
filtered : 535472800.000000
CCGP filtered : 58113439.000000
CCGT filtered : 40757807.000000
time : 169.344467
