Parameters: GAD=1 vflib=1 dir=0 label=0 lowerbound=1 fileNameGp=../../cp2016-max-common-connected-subgraph-paper/datasets/graphsdb/mcs70/bvg/b09m/mcs70_b09m_s35.A06 fileNameGt=../../cp2016-max-common-connected-subgraph-paper/datasets/graphsdb/mcs70/bvg/b09m/mcs70_b09m_s35.B06
Reading graphs...
35 :  152
35 :  154
Initializing...
maxdom : 35
D->valSize : 1225
Solving...
currentSize : 11 <-- 0.029083 s
currentSize : 12 <-- 0.029154 s
currentSize : 13 <-- 0.029759 s
currentSize : 15 <-- 0.040449 s
currentSize : 16 <-- 0.388145 s
currentSize : 17 <-- 107.206352 s
currentSize : 18 <-- 528.291748 s
currentSize : 21 <-- 528.310242 s
currentSize : 23 <-- 528.328918 s
currentSize : 24 <-- 528.329041 s

maxsize : 24
nodes : 48776032.000000
filtered : 963127728.000000
CCGP filtered : 26094257.000000
CCGT filtered : 35324543.000000
time : 570.301208
