Parameters: GAD=1 vflib=1 dir=0 label=0 lowerbound=1 fileNameGp=../../cp2016-max-common-connected-subgraph-paper/datasets/graphsdb/mcs70/m3D/m3D/mcs70_m3D_s35.A07 fileNameGt=../../cp2016-max-common-connected-subgraph-paper/datasets/graphsdb/mcs70/m3D/m3D/mcs70_m3D_s35.B07
Reading graphs...
35 :  71
35 :  72
Initializing...
maxdom : 35
D->valSize : 1225
Solving...
currentSize : 17 <-- 0.036137 s
currentSize : 18 <-- 0.036317 s
currentSize : 19 <-- 0.065864 s
currentSize : 20 <-- 0.085719 s
currentSize : 21 <-- 0.261067 s
currentSize : 22 <-- 0.857056 s
currentSize : 23 <-- 8.480275 s
currentSize : 24 <-- 15.135262 s
currentSize : 25 <-- 23.977840 s
currentSize : 27 <-- 23.978064 s

maxsize : 27
nodes : 4976284.000000
filtered : 150009596.000000
CCGP filtered : 14603803.000000
CCGT filtered : 7824437.000000
time : 51.858356
