Parameters: GAD=1 vflib=1 dir=0 label=0 lowerbound=1 fileNameGp=../../cp2016-max-common-connected-subgraph-paper/datasets/graphsdb/mcs70/bvg/b03m/mcs70_b03m_s40.A07 fileNameGt=../../cp2016-max-common-connected-subgraph-paper/datasets/graphsdb/mcs70/bvg/b03m/mcs70_b03m_s40.B07
Reading graphs...
40 :  60
40 :  60
Initializing...
maxdom : 40
D->valSize : 1600
Solving...
currentSize : 20 <-- 0.036578 s
currentSize : 21 <-- 0.036629 s
currentSize : 22 <-- 0.041728 s
currentSize : 23 <-- 0.047512 s
currentSize : 25 <-- 0.047557 s
currentSize : 26 <-- 0.047934 s
currentSize : 27 <-- 0.118972 s
currentSize : 28 <-- 0.119911 s
currentSize : 29 <-- 25.173674 s
currentSize : 30 <-- 25.192579 s
currentSize : 31 <-- 25.220476 s

maxsize : 31
nodes : 8352621.000000
filtered : 301644709.000000
CCGP filtered : 249887497.000000
CCGT filtered : 144576745.000000
time : 114.852005
