Parameters: GAD=1 vflib=1 dir=0 label=0 lowerbound=1 fileNameGp=../../cp2016-max-common-connected-subgraph-paper/datasets/graphsdb/mcs70/bvg/b03m/mcs70_b03m_s30.A03 fileNameGt=../../cp2016-max-common-connected-subgraph-paper/datasets/graphsdb/mcs70/bvg/b03m/mcs70_b03m_s30.B03
Reading graphs...
30 :  45
30 :  45
Initializing...
maxdom : 30
D->valSize : 900
Solving...
currentSize : 12 <-- 0.010992 s
currentSize : 14 <-- 0.011084 s
currentSize : 15 <-- 0.011102 s
currentSize : 16 <-- 0.011174 s
currentSize : 17 <-- 0.011535 s
currentSize : 18 <-- 0.012755 s
currentSize : 20 <-- 0.013838 s
currentSize : 21 <-- 0.014272 s
currentSize : 22 <-- 0.015665 s

maxsize : 22
nodes : 717605.000000
filtered : 18503571.000000
CCGP filtered : 11942673.000000
CCGT filtered : 8272598.000000
time : 6.970315
