Parameters: GAD=1 vflib=1 dir=0 label=0 lowerbound=1 fileNameGp=../../cp2016-max-common-connected-subgraph-paper/datasets/graphsdb/mcs70/m3D/m3Dr6/mcs70_m3Dr6_s35.A03 fileNameGt=../../cp2016-max-common-connected-subgraph-paper/datasets/graphsdb/mcs70/m3D/m3Dr6/mcs70_m3Dr6_s35.B03
Reading graphs...
35 :  89
35 :  88
Initializing...
maxdom : 35
D->valSize : 1225
Solving...
currentSize : 17 <-- 0.034790 s
currentSize : 18 <-- 0.042431 s
currentSize : 19 <-- 0.042811 s
currentSize : 20 <-- 0.468514 s
currentSize : 21 <-- 2.742743 s
currentSize : 22 <-- 21.217133 s
currentSize : 23 <-- 21.245228 s
currentSize : 24 <-- 55.200527 s
currentSize : 26 <-- 55.201397 s
currentSize : 27 <-- 55.202911 s

maxsize : 27
nodes : 5599135.000000
filtered : 177034964.000000
CCGP filtered : 14938970.000000
CCGT filtered : 15287037.000000
time : 63.964165
