Parameters: GAD=1 vflib=1 dir=0 label=0 lowerbound=1 fileNameGp=../../cp2016-max-common-connected-subgraph-paper/datasets/graphsdb/mcs70/m2D/m2D/mcs70_m2D_s35.A05 fileNameGt=../../cp2016-max-common-connected-subgraph-paper/datasets/graphsdb/mcs70/m2D/m2D/mcs70_m2D_s35.B05
Reading graphs...
35 :  58
35 :  58
Initializing...
maxdom : 35
D->valSize : 1225
Solving...
currentSize : 11 <-- 0.036139 s
currentSize : 12 <-- 0.036257 s
currentSize : 15 <-- 0.036549 s
currentSize : 16 <-- 0.036636 s
currentSize : 20 <-- 0.036760 s
currentSize : 21 <-- 0.036948 s
currentSize : 22 <-- 0.037275 s
currentSize : 23 <-- 0.052275 s
currentSize : 24 <-- 0.231034 s
currentSize : 25 <-- 0.674918 s
currentSize : 26 <-- 13.781277 s
currentSize : 27 <-- 15.915315 s
currentSize : 28 <-- 22.026768 s

maxsize : 28
nodes : 3167862.000000
filtered : 97771295.000000
CCGP filtered : 36761705.000000
CCGT filtered : 16285048.000000
time : 34.137985
