Parameters: GAD=1 vflib=1 dir=0 label=0 lowerbound=1 fileNameGp=../../cp2016-max-common-connected-subgraph-paper/datasets/graphsdb/mcs70/bvg/b09/mcs70_b09_s40.A08 fileNameGt=../../cp2016-max-common-connected-subgraph-paper/datasets/graphsdb/mcs70/bvg/b09/mcs70_b09_s40.B08
Reading graphs...
40 :  179
40 :  180
Initializing...
maxdom : 40
D->valSize : 1600
Solving...
currentSize : 14 <-- 0.031538 s
currentSize : 15 <-- 0.032150 s
currentSize : 16 <-- 0.032341 s
currentSize : 17 <-- 0.090007 s
currentSize : 18 <-- 1.015380 s
currentSize : 19 <-- 4.448518 s
currentSize : 20 <-- 31.528547 s
currentSize : 22 <-- 37.079079 s
currentSize : 23 <-- 37.080452 s
currentSize : 24 <-- 37.105713 s
currentSize : 25 <-- 53.130627 s
currentSize : 26 <-- 55.476784 s
currentSize : 27 <-- 55.476955 s
currentSize : 28 <-- 55.655151 s
currentSize : 29 <-- 152.490768 s

maxsize : 29
nodes : 11164961.000000
filtered : 574499054.000000
CCGP filtered : 2882806.000000
CCGT filtered : 1579168.000000
time : 167.078476
