Parameters: GAD=1 vflib=1 dir=0 label=0 lowerbound=1 fileNameGp=../../cp2016-max-common-connected-subgraph-paper/datasets/graphsdb/mcs70/bvg/b03m/mcs70_b03m_s40.A09 fileNameGt=../../cp2016-max-common-connected-subgraph-paper/datasets/graphsdb/mcs70/bvg/b03m/mcs70_b03m_s40.B09
Reading graphs...
40 :  58
40 :  58
Initializing...
maxdom : 40
D->valSize : 1600
Solving...
currentSize : 19 <-- 0.036733 s
currentSize : 20 <-- 0.036866 s
currentSize : 21 <-- 0.037024 s
currentSize : 22 <-- 0.037351 s
currentSize : 23 <-- 0.040053 s
currentSize : 24 <-- 0.040116 s
currentSize : 25 <-- 0.282353 s
currentSize : 26 <-- 0.321194 s
currentSize : 27 <-- 3.032286 s
currentSize : 28 <-- 6.342932 s
currentSize : 29 <-- 36.699486 s
currentSize : 30 <-- 39.208698 s
currentSize : 31 <-- 39.236820 s

maxsize : 31
nodes : 5327942.000000
filtered : 158498494.000000
CCGP filtered : 138115295.000000
CCGT filtered : 63834483.000000
time : 65.638489
