Parameters: GAD=1 vflib=1 dir=0 label=0 lowerbound=1 fileNameGp=../../cp2016-max-common-connected-subgraph-paper/datasets/graphsdb/mcs70/m3D/m3Dr6/mcs70_m3Dr6_s40.A06 fileNameGt=../../cp2016-max-common-connected-subgraph-paper/datasets/graphsdb/mcs70/m3D/m3Dr6/mcs70_m3Dr6_s40.B06
Reading graphs...
40 :  104
40 :  107
Initializing...
maxdom : 40
D->valSize : 1600
Solving...
currentSize : 17 <-- 0.058823 s
currentSize : 18 <-- 0.059093 s
currentSize : 19 <-- 0.061175 s
currentSize : 20 <-- 0.064068 s
currentSize : 21 <-- 0.067700 s
currentSize : 22 <-- 0.079384 s
currentSize : 23 <-- 47.041969 s
currentSize : 24 <-- 681.475403 s
currentSize : 25 <-- 932.059021 s
currentSize : 26 <-- 932.059448 s
currentSize : 27 <-- 932.059509 s

TIMEOUT
maxsize : 27
nodes : 85306256.000000
filtered : 2097382269.000000
CCGP filtered : 230069913.000000
CCGT filtered : 135968412.000000
time : 1000.000061
