Parameters: GAD=1 vflib=1 dir=0 label=0 lowerbound=1 fileNameGp=../../cp2016-max-common-connected-subgraph-paper/datasets/graphsdb/mcs70/bvg/b09/mcs70_b09_s35.A08 fileNameGt=../../cp2016-max-common-connected-subgraph-paper/datasets/graphsdb/mcs70/bvg/b09/mcs70_b09_s35.B08
Reading graphs...
35 :  155
35 :  155
Initializing...
maxdom : 35
D->valSize : 1225
Solving...
currentSize : 13 <-- 0.017830 s
currentSize : 14 <-- 0.017972 s
currentSize : 15 <-- 0.018823 s
currentSize : 16 <-- 0.018955 s
currentSize : 17 <-- 0.608110 s
currentSize : 18 <-- 0.616387 s
currentSize : 19 <-- 2.451921 s
currentSize : 21 <-- 2.620522 s
currentSize : 22 <-- 2.620588 s
currentSize : 24 <-- 2.622781 s

maxsize : 24
nodes : 4403801.000000
filtered : 181797930.000000
CCGP filtered : 388372.000000
CCGT filtered : 249297.000000
time : 57.930004
