Parameters: GAD=1 vflib=1 dir=0 label=0 lowerbound=1 fileNameGp=../../cp2016-max-common-connected-subgraph-paper/datasets/graphsdb/mcs70/bvg/b09/mcs70_b09_s35.A07 fileNameGt=../../cp2016-max-common-connected-subgraph-paper/datasets/graphsdb/mcs70/bvg/b09/mcs70_b09_s35.B07
Reading graphs...
35 :  155
35 :  156
Initializing...
maxdom : 35
D->valSize : 1225
Solving...
currentSize : 12 <-- 0.031483 s
currentSize : 13 <-- 0.031704 s
currentSize : 14 <-- 0.031924 s
currentSize : 15 <-- 0.032407 s
currentSize : 16 <-- 0.038125 s
currentSize : 17 <-- 0.046771 s
currentSize : 18 <-- 0.047960 s
currentSize : 20 <-- 3.795832 s
currentSize : 22 <-- 4.065802 s
currentSize : 24 <-- 4.066257 s
currentSize : 25 <-- 5.334087 s

maxsize : 25
nodes : 2052565.000000
filtered : 92248394.000000
CCGP filtered : 510320.000000
CCGT filtered : 658765.000000
time : 27.193581
