Parameters: GAD=1 vflib=1 dir=0 label=0 lowerbound=1 fileNameGp=../../cp2016-max-common-connected-subgraph-paper/datasets/graphsdb/mcs70/bvg/b06/mcs70_b06_s35.A04 fileNameGt=../../cp2016-max-common-connected-subgraph-paper/datasets/graphsdb/mcs70/bvg/b06/mcs70_b06_s35.B04
Reading graphs...
35 :  105
35 :  102
Initializing...
maxdom : 35
D->valSize : 1225
Solving...
currentSize : 17 <-- 0.033300 s
currentSize : 18 <-- 0.033533 s
currentSize : 19 <-- 0.080727 s
currentSize : 20 <-- 0.173902 s
currentSize : 21 <-- 0.178974 s
currentSize : 22 <-- 0.585068 s
currentSize : 24 <-- 1.566457 s
currentSize : 25 <-- 1.902881 s
currentSize : 26 <-- 2.611296 s

maxsize : 26
nodes : 1487917.000000
filtered : 68243663.000000
CCGP filtered : 2185148.000000
CCGT filtered : 1582001.000000
time : 18.660681
