Parameters: GAD=1 vflib=1 dir=0 label=0 lowerbound=1 fileNameGp=../../cp2016-max-common-connected-subgraph-paper/datasets/graphsdb/mcs70/rand/r005/mcs70_r005_s25.A06 fileNameGt=../../cp2016-max-common-connected-subgraph-paper/datasets/graphsdb/mcs70/rand/r005/mcs70_r005_s25.B06
Reading graphs...
25 :  33
25 :  33
Initializing...
maxdom : 25
D->valSize : 625
Solving...
currentSize : 7 <-- 0.009113 s
currentSize : 8 <-- 0.009158 s
currentSize : 9 <-- 0.009247 s
currentSize : 10 <-- 0.009329 s
currentSize : 11 <-- 0.009749 s
currentSize : 12 <-- 0.010578 s
currentSize : 13 <-- 0.010621 s
currentSize : 14 <-- 0.011428 s
currentSize : 15 <-- 0.011511 s
currentSize : 16 <-- 0.011744 s
currentSize : 17 <-- 0.025903 s
currentSize : 18 <-- 0.062061 s
currentSize : 19 <-- 0.066865 s

maxsize : 19
nodes : 66503.000000
filtered : 1454786.000000
CCGP filtered : 1367369.000000
CCGT filtered : 422612.000000
time : 0.607308
