Parameters: GAD=1 vflib=1 dir=0 label=0 lowerbound=1 fileNameGp=../../cp2016-max-common-connected-subgraph-paper/datasets/graphsdb/mcs70/m2D/m2Dr2/mcs70_m2Dr2_s35.A08 fileNameGt=../../cp2016-max-common-connected-subgraph-paper/datasets/graphsdb/mcs70/m2D/m2Dr2/mcs70_m2Dr2_s35.B08
Reading graphs...
35 :  65
35 :  64
Initializing...
maxdom : 35
D->valSize : 1225
Solving...
currentSize : 11 <-- 0.020472 s
currentSize : 13 <-- 0.020508 s
currentSize : 15 <-- 0.020832 s
currentSize : 16 <-- 0.026837 s
currentSize : 17 <-- 0.027437 s
currentSize : 18 <-- 0.027701 s
currentSize : 19 <-- 0.032565 s
currentSize : 20 <-- 0.084159 s
currentSize : 21 <-- 0.336887 s
currentSize : 22 <-- 0.852537 s
currentSize : 23 <-- 6.234825 s
currentSize : 24 <-- 26.694675 s
currentSize : 25 <-- 55.597218 s

maxsize : 25
nodes : 18275497.000000
filtered : 599470792.000000
CCGP filtered : 133417592.000000
CCGT filtered : 84239610.000000
time : 204.200134
