Parameters: GAD=1 vflib=1 dir=0 label=0 lowerbound=1 fileNameGp=../../cp2016-max-common-connected-subgraph-paper/datasets/graphsdb/mcs70/bvg/b03m/mcs70_b03m_s40.A08 fileNameGt=../../cp2016-max-common-connected-subgraph-paper/datasets/graphsdb/mcs70/bvg/b03m/mcs70_b03m_s40.B08
Reading graphs...
40 :  59
40 :  59
Initializing...
maxdom : 40
D->valSize : 1600
Solving...
currentSize : 19 <-- 0.065701 s
currentSize : 20 <-- 0.068970 s
currentSize : 21 <-- 0.069169 s
currentSize : 22 <-- 0.075591 s
currentSize : 24 <-- 0.075878 s
currentSize : 25 <-- 0.716022 s
currentSize : 26 <-- 0.890789 s
currentSize : 27 <-- 5.896932 s
currentSize : 28 <-- 14.236813 s
currentSize : 29 <-- 20.050524 s
currentSize : 30 <-- 82.129730 s
currentSize : 31 <-- 128.597626 s

maxsize : 31
nodes : 14055112.000000
filtered : 497162473.000000
CCGP filtered : 324249273.000000
CCGT filtered : 192936701.000000
time : 188.991714
