Parameters: GAD=1 vflib=1 dir=0 label=0 lowerbound=1 fileNameGp=../../cp2016-max-common-connected-subgraph-paper/datasets/graphsdb/mcs70/bvg/b03/mcs70_b03_s35.A07 fileNameGt=../../cp2016-max-common-connected-subgraph-paper/datasets/graphsdb/mcs70/bvg/b03/mcs70_b03_s35.B07
Reading graphs...
35 :  52
35 :  52
Initializing...
maxdom : 35
D->valSize : 1225
Solving...
currentSize : 18 <-- 0.034250 s
currentSize : 20 <-- 0.034323 s
currentSize : 21 <-- 0.034595 s
currentSize : 22 <-- 0.034896 s
currentSize : 23 <-- 0.036718 s
currentSize : 24 <-- 0.038945 s
currentSize : 25 <-- 0.052499 s
currentSize : 27 <-- 0.295232 s
currentSize : 28 <-- 6.363392 s

maxsize : 28
nodes : 1754418.000000
filtered : 54767882.000000
CCGP filtered : 36514826.000000
CCGT filtered : 15516837.000000
time : 20.112801
