Parameters: GAD=1 vflib=1 dir=0 label=0 lowerbound=1 fileNameGp=../../cp2016-max-common-connected-subgraph-paper/datasets/graphsdb/mcs70/m3D/m3D/mcs70_m3D_s40.A02 fileNameGt=../../cp2016-max-common-connected-subgraph-paper/datasets/graphsdb/mcs70/m3D/m3D/mcs70_m3D_s40.B02
Reading graphs...
40 :  82
40 :  84
Initializing...
maxdom : 40
D->valSize : 1600
Solving...
currentSize : 14 <-- 0.035182 s
currentSize : 18 <-- 0.035231 s
currentSize : 19 <-- 0.035418 s
currentSize : 20 <-- 0.035468 s
currentSize : 21 <-- 0.037628 s
currentSize : 22 <-- 0.041786 s
currentSize : 23 <-- 0.064424 s
currentSize : 24 <-- 0.083387 s
currentSize : 25 <-- 1.738734 s
currentSize : 26 <-- 18.245016 s
currentSize : 28 <-- 29.194487 s
currentSize : 29 <-- 36.684204 s
currentSize : 30 <-- 191.860413 s

maxsize : 30
nodes : 45294546.000000
filtered : 1860253404.000000
CCGP filtered : 142103861.000000
CCGT filtered : 74846867.000000
time : 575.883850
