Parameters: GAD=1 vflib=1 dir=0 label=0 lowerbound=1 fileNameGp=../../cp2016-max-common-connected-subgraph-paper/datasets/graphsdb/mcs70/m3D/m3Dr6/mcs70_m3Dr6_s35.A02 fileNameGt=../../cp2016-max-common-connected-subgraph-paper/datasets/graphsdb/mcs70/m3D/m3Dr6/mcs70_m3Dr6_s35.B02
Reading graphs...
35 :  90
35 :  91
Initializing...
maxdom : 35
D->valSize : 1225
Solving...
currentSize : 14 <-- 0.035754 s
currentSize : 15 <-- 0.035934 s
currentSize : 17 <-- 0.035961 s
currentSize : 18 <-- 0.039448 s
currentSize : 19 <-- 0.102765 s
currentSize : 20 <-- 3.107198 s
currentSize : 21 <-- 34.517403 s
currentSize : 22 <-- 59.497185 s
currentSize : 23 <-- 77.585197 s
currentSize : 24 <-- 298.322113 s
currentSize : 27 <-- 298.322235 s

maxsize : 27
nodes : 27195292.000000
filtered : 887649900.000000
CCGP filtered : 64692085.000000
CCGT filtered : 35382127.000000
time : 304.861298
