Parameters: GAD=1 vflib=1 dir=0 label=0 lowerbound=1 fileNameGp=../../cp2016-max-common-connected-subgraph-paper/datasets/graphsdb/mcs70/rand/r005/mcs70_r005_s50.A04 fileNameGt=../../cp2016-max-common-connected-subgraph-paper/datasets/graphsdb/mcs70/rand/r005/mcs70_r005_s50.B04
Reading graphs...
50 :  119
50 :  120
Initializing...
maxdom : 50
D->valSize : 2500
Solving...
currentSize : 18 <-- 0.093827 s
currentSize : 19 <-- 0.093952 s
currentSize : 21 <-- 0.094118 s
currentSize : 22 <-- 0.096053 s
currentSize : 23 <-- 0.096653 s
currentSize : 24 <-- 0.097056 s
currentSize : 25 <-- 0.120249 s
currentSize : 26 <-- 0.302557 s
currentSize : 27 <-- 13.941800 s
currentSize : 28 <-- 27.228172 s
currentSize : 29 <-- 65.597359 s
currentSize : 30 <-- 849.035278 s

TIMEOUT
maxsize : 30
nodes : 61860286.000000
filtered : 1660415446.000000
CCGP filtered : 595824715.000000
CCGT filtered : 446986571.000000
time : 1000.000061
