Parameters: GAD=1 vflib=1 dir=0 label=0 lowerbound=1 fileNameGp=../../cp2016-max-common-connected-subgraph-paper/datasets/graphsdb/mcs70/bvg/b09m/mcs70_b09m_s35.A05 fileNameGt=../../cp2016-max-common-connected-subgraph-paper/datasets/graphsdb/mcs70/bvg/b09m/mcs70_b09m_s35.B05
Reading graphs...
35 :  152
35 :  152
Initializing...
maxdom : 35
D->valSize : 1225
Solving...
currentSize : 13 <-- 0.018230 s
currentSize : 14 <-- 0.018303 s
currentSize : 15 <-- 0.023528 s
currentSize : 16 <-- 0.182414 s
currentSize : 17 <-- 2.250118 s
currentSize : 18 <-- 221.766144 s
currentSize : 19 <-- 684.040039 s
currentSize : 23 <-- 777.134399 s
currentSize : 24 <-- 777.140686 s

maxsize : 24
nodes : 68489465.000000
filtered : 1393254905.000000
CCGP filtered : 31227398.000000
CCGT filtered : 44107355.000000
time : 804.458008
