Parameters: GAD=1 vflib=1 dir=0 label=0 lowerbound=1 fileNameGp=../../cp2016-max-common-connected-subgraph-paper/datasets/graphsdb/mcs70/m3D/m3Dr4/mcs70_m3Dr4_s35.A08 fileNameGt=../../cp2016-max-common-connected-subgraph-paper/datasets/graphsdb/mcs70/m3D/m3Dr4/mcs70_m3Dr4_s35.B08
Reading graphs...
35 :  86
35 :  86
Initializing...
maxdom : 35
D->valSize : 1225
Solving...
currentSize : 14 <-- 0.019912 s
currentSize : 15 <-- 0.020291 s
currentSize : 16 <-- 0.020579 s
currentSize : 17 <-- 0.020826 s
currentSize : 18 <-- 0.021257 s
currentSize : 19 <-- 0.027778 s
currentSize : 20 <-- 0.191296 s
currentSize : 21 <-- 8.229485 s
currentSize : 22 <-- 9.340267 s
currentSize : 23 <-- 17.850775 s
currentSize : 24 <-- 17.943552 s
currentSize : 25 <-- 17.988544 s
currentSize : 28 <-- 17.988672 s

maxsize : 28
nodes : 2291043.000000
filtered : 60346498.000000
CCGP filtered : 5152427.000000
CCGT filtered : 2780780.000000
time : 23.035990
