Parameters: GAD=1 vflib=1 dir=0 label=0 lowerbound=1 fileNameGp=../../cp2016-max-common-connected-subgraph-paper/datasets/graphsdb/mcs70/m2D/m2Dr4/mcs70_m2Dr4_s35.A01 fileNameGt=../../cp2016-max-common-connected-subgraph-paper/datasets/graphsdb/mcs70/m2D/m2Dr4/mcs70_m2Dr4_s35.B01
Reading graphs...
35 :  71
35 :  69
Initializing...
maxdom : 35
D->valSize : 1225
Solving...
currentSize : 15 <-- 0.020122 s
currentSize : 16 <-- 0.020247 s
currentSize : 17 <-- 0.021105 s
currentSize : 18 <-- 0.026002 s
currentSize : 19 <-- 0.122128 s
currentSize : 20 <-- 0.131511 s
currentSize : 21 <-- 0.131662 s
currentSize : 22 <-- 0.131950 s
currentSize : 23 <-- 33.265484 s
currentSize : 24 <-- 66.797401 s
currentSize : 27 <-- 67.510735 s

maxsize : 27
nodes : 7339135.000000
filtered : 202229330.000000
CCGP filtered : 29529784.000000
CCGT filtered : 39633393.000000
time : 77.276054
