Parameters: GAD=1 vflib=1 dir=0 label=0 lowerbound=1 fileNameGp=../../cp2016-max-common-connected-subgraph-paper/datasets/graphsdb/mcs70/bvg/b06m/mcs70_b06m_s35.A09 fileNameGt=../../cp2016-max-common-connected-subgraph-paper/datasets/graphsdb/mcs70/bvg/b06m/mcs70_b06m_s35.B09
Reading graphs...
35 :  102
35 :  101
Initializing...
maxdom : 35
D->valSize : 1225
Solving...
currentSize : 15 <-- 0.034042 s
currentSize : 16 <-- 0.034212 s
currentSize : 17 <-- 0.038158 s
currentSize : 18 <-- 0.140251 s
currentSize : 19 <-- 3.097871 s
currentSize : 20 <-- 3.175921 s
currentSize : 21 <-- 70.069458 s
currentSize : 22 <-- 273.105164 s
currentSize : 23 <-- 462.156433 s
currentSize : 24 <-- 464.675201 s

maxsize : 24
nodes : 44533951.000000
filtered : 1400599612.000000
CCGP filtered : 129220307.000000
CCGT filtered : 106859765.000000
time : 512.642029
