Parameters: GAD=1 vflib=1 dir=0 label=0 lowerbound=1 fileNameGp=../../cp2016-max-common-connected-subgraph-paper/datasets/graphsdb/mcs70/bvg/b09/mcs70_b09_s40.A05 fileNameGt=../../cp2016-max-common-connected-subgraph-paper/datasets/graphsdb/mcs70/bvg/b09/mcs70_b09_s40.B05
Reading graphs...
40 :  179
40 :  178
Initializing...
maxdom : 40
D->valSize : 1600
Solving...
currentSize : 12 <-- 0.031507 s
currentSize : 13 <-- 0.031544 s
currentSize : 14 <-- 0.031852 s
currentSize : 16 <-- 0.032813 s
currentSize : 17 <-- 0.033057 s
currentSize : 20 <-- 0.034136 s
currentSize : 22 <-- 0.084015 s
currentSize : 24 <-- 5.652588 s
currentSize : 26 <-- 6.588098 s
currentSize : 27 <-- 6.589975 s
currentSize : 28 <-- 6.590273 s
currentSize : 29 <-- 59.323635 s

maxsize : 29
nodes : 7034953.000000
filtered : 397555344.000000
CCGP filtered : 1681238.000000
CCGT filtered : 951774.000000
time : 109.179832
