Parameters: GAD=1 vflib=1 dir=0 label=0 lowerbound=1 fileNameGp=../../cp2016-max-common-connected-subgraph-paper/datasets/graphsdb/mcs70/bvg/b03/mcs70_b03_s50.A02 fileNameGt=../../cp2016-max-common-connected-subgraph-paper/datasets/graphsdb/mcs70/bvg/b03/mcs70_b03_s50.B02
Reading graphs...
50 :  75
50 :  74
Initializing...
maxdom : 50
D->valSize : 2500
Solving...
currentSize : 26 <-- 0.097977 s
currentSize : 31 <-- 0.098181 s
currentSize : 32 <-- 0.101272 s
currentSize : 33 <-- 0.106429 s
currentSize : 34 <-- 0.107611 s
currentSize : 35 <-- 0.112257 s
currentSize : 36 <-- 0.115047 s
currentSize : 37 <-- 0.328546 s
currentSize : 38 <-- 139.059677 s
currentSize : 39 <-- 834.232971 s

TIMEOUT
maxsize : 39
nodes : 56605836.000000
filtered : 2222386255.000000
CCGP filtered : 2853821650.000000
CCGT filtered : 1715597086.000000
time : 1000.000061
