Parameters: GAD=1 vflib=1 dir=0 label=0 lowerbound=1 fileNameGp=../../cp2016-max-common-connected-subgraph-paper/datasets/graphsdb/mcs70/m2D/m2Dr4/mcs70_m2Dr4_s50.A08 fileNameGt=../../cp2016-max-common-connected-subgraph-paper/datasets/graphsdb/mcs70/m2D/m2Dr4/mcs70_m2Dr4_s50.B08
Reading graphs...
50 :  103
50 :  102
Initializing...
maxdom : 50
D->valSize : 2500
Solving...
currentSize : 19 <-- 0.106667 s
currentSize : 22 <-- 0.106914 s
currentSize : 23 <-- 0.106938 s
currentSize : 25 <-- 0.107069 s
currentSize : 26 <-- 0.110787 s
currentSize : 27 <-- 0.110867 s
currentSize : 28 <-- 0.147573 s
currentSize : 29 <-- 0.479508 s
currentSize : 30 <-- 31.315958 s
currentSize : 31 <-- 54.550678 s
currentSize : 32 <-- 316.483276 s

TIMEOUT
maxsize : 32
nodes : 69808424.000000
filtered : 2098824102.000000
CCGP filtered : 538140789.000000
CCGT filtered : 260424322.000000
time : 1000.000061
