Parameters: GAD=1 vflib=1 dir=0 label=0 lowerbound=1 fileNameGp=../../cp2016-max-common-connected-subgraph-paper/datasets/graphsdb/mcs70/bvg/b09/mcs70_b09_s35.A09 fileNameGt=../../cp2016-max-common-connected-subgraph-paper/datasets/graphsdb/mcs70/bvg/b09/mcs70_b09_s35.B09
Reading graphs...
35 :  155
35 :  154
Initializing...
maxdom : 35
D->valSize : 1225
Solving...
currentSize : 12 <-- 0.031984 s
currentSize : 13 <-- 0.033760 s
currentSize : 14 <-- 0.035445 s
currentSize : 15 <-- 0.072658 s
currentSize : 16 <-- 0.073261 s
currentSize : 18 <-- 2.100180 s
currentSize : 20 <-- 2.282451 s
currentSize : 24 <-- 3.603659 s
currentSize : 25 <-- 13.372010 s

maxsize : 25
nodes : 2721331.000000
filtered : 109826788.000000
CCGP filtered : 261106.000000
CCGT filtered : 1207223.000000
time : 36.181931
