Parameters: GAD=1 vflib=1 dir=0 label=0 lowerbound=1 fileNameGp=../../cp2016-max-common-connected-subgraph-paper/datasets/graphsdb/mcs70/m3D/m3Dr2/mcs70_m3Dr2_s35.A00 fileNameGt=../../cp2016-max-common-connected-subgraph-paper/datasets/graphsdb/mcs70/m3D/m3Dr2/mcs70_m3Dr2_s35.B00
Reading graphs...
35 :  79
35 :  79
Initializing...
maxdom : 35
D->valSize : 1225
Solving...
currentSize : 15 <-- 0.020782 s
currentSize : 16 <-- 0.020888 s
currentSize : 17 <-- 0.024378 s
currentSize : 18 <-- 0.041519 s
currentSize : 19 <-- 0.042176 s
currentSize : 20 <-- 0.053703 s
currentSize : 21 <-- 1.196250 s
currentSize : 22 <-- 31.356880 s
currentSize : 23 <-- 171.121872 s
currentSize : 24 <-- 198.337509 s
currentSize : 28 <-- 399.115051 s

maxsize : 28
nodes : 37340065.000000
filtered : 1052643921.000000
CCGP filtered : 100640512.000000
CCGT filtered : 81218994.000000
time : 404.196838
