Parameters: GAD=1 vflib=1 dir=0 label=0 lowerbound=1 fileNameGp=../../cp2016-max-common-connected-subgraph-paper/datasets/graphsdb/mcs70/rand/r005/mcs70_r005_s40.A09 fileNameGt=../../cp2016-max-common-connected-subgraph-paper/datasets/graphsdb/mcs70/rand/r005/mcs70_r005_s40.B09
Reading graphs...
40 :  76
40 :  77
Initializing...
maxdom : 40
D->valSize : 1600
Solving...
currentSize : 19 <-- 0.056695 s
currentSize : 20 <-- 0.056815 s
currentSize : 21 <-- 0.057710 s
currentSize : 22 <-- 0.059880 s
currentSize : 23 <-- 0.256241 s
currentSize : 24 <-- 0.316858 s
currentSize : 25 <-- 8.093897 s
currentSize : 26 <-- 66.162636 s
currentSize : 27 <-- 380.645782 s
currentSize : 28 <-- 441.489166 s
currentSize : 29 <-- 446.009064 s

TIMEOUT
maxsize : 29
nodes : 75994927.000000
filtered : 2743533533.000000
CCGP filtered : 782443753.000000
CCGT filtered : 526587415.000000
time : 1000.000000
