Parameters: GAD=1 vflib=1 dir=0 label=0 lowerbound=1 fileNameGp=../../cp2016-max-common-connected-subgraph-paper/datasets/graphsdb/mcs70/bvg/b06m/mcs70_b06m_s35.A06 fileNameGt=../../cp2016-max-common-connected-subgraph-paper/datasets/graphsdb/mcs70/bvg/b06m/mcs70_b06m_s35.B06
Reading graphs...
35 :  104
35 :  104
Initializing...
maxdom : 35
D->valSize : 1225
Solving...
currentSize : 13 <-- 0.019649 s
currentSize : 14 <-- 0.019926 s
currentSize : 15 <-- 0.020102 s
currentSize : 16 <-- 0.020309 s
currentSize : 17 <-- 0.021198 s
currentSize : 18 <-- 1.108308 s
currentSize : 19 <-- 3.369676 s
currentSize : 20 <-- 138.581009 s
currentSize : 22 <-- 375.516907 s
currentSize : 25 <-- 375.520569 s

maxsize : 25
nodes : 39016648.000000
filtered : 1014493240.000000
CCGP filtered : 89202237.000000
CCGT filtered : 68872998.000000
time : 424.989746
