Parameters: GAD=1 vflib=1 dir=0 label=0 lowerbound=1 fileNameGp=../../cp2016-max-common-connected-subgraph-paper/datasets/graphsdb/mcs70/m2D/m2Dr4/mcs70_m2Dr4_s35.A08 fileNameGt=../../cp2016-max-common-connected-subgraph-paper/datasets/graphsdb/mcs70/m2D/m2Dr4/mcs70_m2Dr4_s35.B08
Reading graphs...
35 :  72
35 :  71
Initializing...
maxdom : 35
D->valSize : 1225
Solving...
currentSize : 16 <-- 0.020315 s
currentSize : 18 <-- 0.020419 s
currentSize : 19 <-- 0.020439 s
currentSize : 20 <-- 0.023056 s
currentSize : 21 <-- 0.157400 s
currentSize : 22 <-- 1.758599 s
currentSize : 23 <-- 4.906210 s
currentSize : 24 <-- 8.222743 s
currentSize : 25 <-- 51.291283 s
currentSize : 27 <-- 51.292011 s

maxsize : 27
nodes : 5907434.000000
filtered : 203591829.000000
CCGP filtered : 28989862.000000
CCGT filtered : 26109888.000000
time : 68.848251
