Parameters: GAD=1 vflib=1 dir=0 label=0 lowerbound=1 fileNameGp=../../cp2016-max-common-connected-subgraph-paper/datasets/graphsdb/mcs90/rand/r005/mcs90_r005_s40.A01 fileNameGt=../../cp2016-max-common-connected-subgraph-paper/datasets/graphsdb/mcs90/rand/r005/mcs90_r005_s40.B01
Reading graphs...
40 :  77
40 :  77
Initializing...
maxdom : 40
D->valSize : 1600
Solving...
currentSize : 18 <-- 0.035603 s
currentSize : 19 <-- 0.035798 s
currentSize : 20 <-- 0.037195 s
currentSize : 21 <-- 0.039182 s
currentSize : 22 <-- 0.039292 s
currentSize : 23 <-- 0.058908 s
currentSize : 24 <-- 11.247467 s
currentSize : 25 <-- 29.668123 s
currentSize : 27 <-- 48.188042 s
currentSize : 28 <-- 53.760399 s
currentSize : 30 <-- 53.760571 s
currentSize : 31 <-- 64.008385 s
currentSize : 35 <-- 64.042809 s
currentSize : 36 <-- 64.042999 s

maxsize : 36
nodes : 5519693.000000
filtered : 137371463.000000
CCGP filtered : 53754397.000000
CCGT filtered : 35766350.000000
time : 64.109055
