Parameters: GAD=1 vflib=1 dir=0 label=0 lowerbound=1 fileNameGp=../../cp2016-max-common-connected-subgraph-paper/datasets/graphsdb/mcs90/bvg/b09/mcs90_b09_s40.A02 fileNameGt=../../cp2016-max-common-connected-subgraph-paper/datasets/graphsdb/mcs90/bvg/b09/mcs90_b09_s40.B02
Reading graphs...
40 :  179
40 :  180
Initializing...
maxdom : 40
D->valSize : 1600
Solving...
currentSize : 15 <-- 0.031284 s
currentSize : 16 <-- 0.031736 s
currentSize : 17 <-- 0.035671 s
currentSize : 18 <-- 0.054332 s
currentSize : 19 <-- 0.708660 s
currentSize : 20 <-- 1.089694 s
currentSize : 22 <-- 1.541570 s
currentSize : 23 <-- 7.474033 s
currentSize : 24 <-- 38.455730 s
currentSize : 26 <-- 38.457981 s
currentSize : 28 <-- 38.490089 s
currentSize : 29 <-- 38.492607 s
currentSize : 32 <-- 38.494091 s
currentSize : 36 <-- 38.525616 s

maxsize : 36
nodes : 2781544.000000
filtered : 85393298.000000
CCGP filtered : 302815.000000
CCGT filtered : 669244.000000
time : 39.022598
