Parameters: GAD=1 vflib=1 dir=0 label=0 lowerbound=1 fileNameGp=../../cp2016-max-common-connected-subgraph-paper/datasets/graphsdb/mcs90/rand/r01/mcs90_r01_s40.A08 fileNameGt=../../cp2016-max-common-connected-subgraph-paper/datasets/graphsdb/mcs90/rand/r01/mcs90_r01_s40.B08
Reading graphs...
40 :  148
40 :  148
Initializing...
maxdom : 40
D->valSize : 1600
Solving...
currentSize : 14 <-- 0.053326 s
currentSize : 15 <-- 0.053359 s
currentSize : 16 <-- 0.062974 s
currentSize : 17 <-- 0.069990 s
currentSize : 18 <-- 0.116096 s
currentSize : 19 <-- 0.445153 s
currentSize : 20 <-- 3.103413 s
currentSize : 21 <-- 24.817003 s
currentSize : 22 <-- 79.578384 s
currentSize : 23 <-- 83.847878 s
currentSize : 25 <-- 96.256989 s
currentSize : 26 <-- 101.339417 s
currentSize : 27 <-- 106.289825 s
currentSize : 28 <-- 106.332802 s
currentSize : 30 <-- 106.376678 s
currentSize : 32 <-- 108.700783 s
currentSize : 36 <-- 108.925255 s

maxsize : 36
nodes : 8295309.000000
filtered : 234744758.000000
CCGP filtered : 8112718.000000
CCGT filtered : 10780416.000000
time : 109.003494
