Parameters: GAD=1 vflib=1 dir=0 label=0 lowerbound=1 fileNameGp=../../cp2016-max-common-connected-subgraph-paper/datasets/graphsdb/mcs90/bvg/b06/mcs90_b06_s25.A00 fileNameGt=../../cp2016-max-common-connected-subgraph-paper/datasets/graphsdb/mcs90/bvg/b06/mcs90_b06_s25.B00
Reading graphs...
25 :  75
25 :  75
Initializing...
maxdom : 25
D->valSize : 625
Solving...
currentSize : 13 <-- 0.008266 s
currentSize : 14 <-- 0.008389 s
currentSize : 15 <-- 0.008981 s
currentSize : 17 <-- 0.009207 s
currentSize : 18 <-- 0.009591 s
currentSize : 19 <-- 0.010098 s
currentSize : 20 <-- 0.010163 s
currentSize : 21 <-- 0.015022 s
currentSize : 22 <-- 0.015159 s

maxsize : 22
nodes : 7883.000000
filtered : 218027.000000
CCGP filtered : 12.000000
CCGT filtered : 147.000000
time : 0.104897
