Parameters: GAD=1 vflib=1 dir=0 label=0 lowerbound=1 fileNameGp=../../cp2016-max-common-connected-subgraph-paper/datasets/graphsdb/mcs90/bvg/b03m/mcs90_b03m_s25.A04 fileNameGt=../../cp2016-max-common-connected-subgraph-paper/datasets/graphsdb/mcs90/bvg/b03m/mcs90_b03m_s25.B04
Reading graphs...
25 :  37
25 :  37
Initializing...
maxdom : 25
D->valSize : 625
Solving...
currentSize : 13 <-- 0.005309 s
currentSize : 15 <-- 0.005379 s
currentSize : 16 <-- 0.005739 s
currentSize : 17 <-- 0.011463 s
currentSize : 18 <-- 0.016234 s
currentSize : 19 <-- 0.043277 s
currentSize : 20 <-- 0.067279 s
currentSize : 21 <-- 0.067298 s
currentSize : 22 <-- 0.067730 s

maxsize : 22
nodes : 9908.000000
filtered : 208924.000000
CCGP filtered : 132043.000000
CCGT filtered : 81036.000000
time : 0.085867
