Parameters: GAD=1 vflib=1 dir=0 label=0 lowerbound=1 fileNameGp=../../cp2016-max-common-connected-subgraph-paper/datasets/graphsdb/mcs90/bvg/b09/mcs90_b09_s25.A06 fileNameGt=../../cp2016-max-common-connected-subgraph-paper/datasets/graphsdb/mcs90/bvg/b09/mcs90_b09_s25.B06
Reading graphs...
25 :  111
25 :  111
Initializing...
maxdom : 25
D->valSize : 625
Solving...
currentSize : 9 <-- 0.004574 s
currentSize : 10 <-- 0.004912 s
currentSize : 11 <-- 0.016441 s
currentSize : 12 <-- 0.056483 s
currentSize : 13 <-- 0.184226 s
currentSize : 14 <-- 0.305228 s
currentSize : 16 <-- 0.305820 s
currentSize : 18 <-- 0.308144 s
currentSize : 22 <-- 0.308771 s

maxsize : 22
nodes : 43109.000000
filtered : 611644.000000
CCGP filtered : 2950.000000
CCGT filtered : 7105.000000
time : 0.360017
