Parameters: GAD=1 vflib=1 dir=0 label=0 lowerbound=1 fileNameGp=../../cp2016-max-common-connected-subgraph-paper/datasets/graphsdb/mcs90/bvg/b03m/mcs90_b03m_s50.A02 fileNameGt=../../cp2016-max-common-connected-subgraph-paper/datasets/graphsdb/mcs90/bvg/b03m/mcs90_b03m_s50.B02
Reading graphs...
50 :  74
50 :  74
Initializing...
maxdom : 50
D->valSize : 2500
Solving...
currentSize : 11 <-- 0.098398 s
currentSize : 15 <-- 0.098531 s
currentSize : 29 <-- 0.098930 s
currentSize : 30 <-- 0.098981 s
currentSize : 31 <-- 0.100559 s
currentSize : 32 <-- 0.102942 s
currentSize : 33 <-- 0.160386 s
currentSize : 34 <-- 0.203779 s
currentSize : 35 <-- 8.404096 s
currentSize : 36 <-- 31.198292 s
currentSize : 37 <-- 97.275566 s
currentSize : 38 <-- 172.137268 s
currentSize : 39 <-- 172.140274 s
currentSize : 40 <-- 172.227554 s
currentSize : 41 <-- 172.249298 s
currentSize : 42 <-- 172.490952 s
currentSize : 43 <-- 172.499542 s
currentSize : 44 <-- 172.499603 s

maxsize : 44
nodes : 10274497.000000
filtered : 353933756.000000
CCGP filtered : 276205612.000000
CCGT filtered : 294535350.000000
time : 173.758316
