Parameters: GAD=1 vflib=1 dir=0 label=0 lowerbound=1 fileNameGp=../../cp2016-max-common-connected-subgraph-paper/datasets/graphsdb/mcs90/m2D/m2Dr4/mcs90_m2Dr4_s30.A04 fileNameGt=../../cp2016-max-common-connected-subgraph-paper/datasets/graphsdb/mcs90/m2D/m2Dr4/mcs90_m2Dr4_s30.B04
Reading graphs...
30 :  60
30 :  60
Initializing...
maxdom : 30
D->valSize : 900
Solving...
currentSize : 14 <-- 0.010706 s
currentSize : 15 <-- 0.010748 s
currentSize : 16 <-- 0.010854 s
currentSize : 17 <-- 0.011969 s
currentSize : 18 <-- 0.012170 s
currentSize : 19 <-- 0.189655 s
currentSize : 20 <-- 0.847310 s
currentSize : 21 <-- 2.397692 s
currentSize : 22 <-- 2.521095 s
currentSize : 23 <-- 2.830913 s
currentSize : 25 <-- 4.436612 s

maxsize : 25
nodes : 493295.000000
filtered : 13605781.000000
CCGP filtered : 2092994.000000
CCGT filtered : 1286152.000000
time : 4.624531
