Parameters: GAD=1 vflib=1 dir=0 label=0 lowerbound=1 fileNameGp=../../cp2016-max-common-connected-subgraph-paper/datasets/graphsdb/mcs90/m2D/m2Dr6/mcs90_m2Dr6_s30.A06 fileNameGt=../../cp2016-max-common-connected-subgraph-paper/datasets/graphsdb/mcs90/m2D/m2Dr6/mcs90_m2Dr6_s30.B06
Reading graphs...
30 :  65
30 :  64
Initializing...
maxdom : 30
D->valSize : 900
Solving...
currentSize : 13 <-- 0.010986 s
currentSize : 14 <-- 0.011011 s
currentSize : 15 <-- 0.011306 s
currentSize : 16 <-- 0.011993 s
currentSize : 17 <-- 0.015673 s
currentSize : 18 <-- 0.025490 s
currentSize : 19 <-- 1.014244 s
currentSize : 20 <-- 14.287434 s
currentSize : 21 <-- 14.761183 s
currentSize : 23 <-- 15.153792 s
currentSize : 25 <-- 16.110750 s

maxsize : 25
nodes : 1862478.000000
filtered : 38632550.000000
CCGP filtered : 9087804.000000
CCGT filtered : 4196686.000000
time : 16.241522
