Parameters: GAD=1 vflib=1 dir=0 label=0 lowerbound=1 fileNameGp=../../cp2016-max-common-connected-subgraph-paper/datasets/graphsdb/mcs90/rand/r02/mcs90_r02_s40.A08 fileNameGt=../../cp2016-max-common-connected-subgraph-paper/datasets/graphsdb/mcs90/rand/r02/mcs90_r02_s40.B08
Reading graphs...
40 :  280
40 :  283
Initializing...
maxdom : 40
D->valSize : 1600
Solving...
currentSize : 11 <-- 0.029532 s
currentSize : 12 <-- 0.029652 s
currentSize : 13 <-- 0.031670 s
currentSize : 14 <-- 0.062311 s
currentSize : 15 <-- 13.430116 s
currentSize : 16 <-- 315.349792 s
currentSize : 18 <-- 324.762146 s
currentSize : 21 <-- 398.366028 s
currentSize : 22 <-- 890.431885 s
currentSize : 25 <-- 895.799805 s
currentSize : 36 <-- 895.801147 s

maxsize : 36
nodes : 60225941.000000
filtered : 1009556521.000000
CCGP filtered : 530443.000000
CCGT filtered : 603702.000000
time : 896.061401
