Parameters: GAD=1 vflib=1 dir=0 label=0 lowerbound=1 fileNameGp=../../cp2016-max-common-connected-subgraph-paper/datasets/graphsdb/mcs90/bvg/b06/mcs90_b06_s30.A01 fileNameGt=../../cp2016-max-common-connected-subgraph-paper/datasets/graphsdb/mcs90/bvg/b06/mcs90_b06_s30.B01
Reading graphs...
30 :  90
30 :  89
Initializing...
maxdom : 30
D->valSize : 900
Solving...
currentSize : 11 <-- 0.017623 s
currentSize : 12 <-- 0.017724 s
currentSize : 14 <-- 0.018177 s
currentSize : 15 <-- 0.019873 s
currentSize : 16 <-- 0.023115 s
currentSize : 17 <-- 0.023477 s
currentSize : 18 <-- 0.023869 s
currentSize : 19 <-- 0.024312 s
currentSize : 20 <-- 0.028531 s
currentSize : 22 <-- 0.039049 s
currentSize : 23 <-- 0.039413 s
currentSize : 24 <-- 0.059266 s
currentSize : 25 <-- 0.059409 s
currentSize : 27 <-- 0.060217 s

maxsize : 27
nodes : 12544.000000
filtered : 399445.000000
CCGP filtered : 17142.000000
CCGT filtered : 10773.000000
time : 0.165090
