Parameters: GAD=1 vflib=1 dir=0 label=0 lowerbound=1 fileNameGp=../../cp2016-max-common-connected-subgraph-paper/datasets/graphsdb/mcs90/bvg/b03m/mcs90_b03m_s20.A07 fileNameGt=../../cp2016-max-common-connected-subgraph-paper/datasets/graphsdb/mcs90/bvg/b03m/mcs90_b03m_s20.B07
Reading graphs...
20 :  30
20 :  30
Initializing...
maxdom : 20
D->valSize : 400
Solving...
currentSize : 10 <-- 0.002218 s
currentSize : 11 <-- 0.002260 s
currentSize : 12 <-- 0.002371 s
currentSize : 13 <-- 0.002614 s
currentSize : 14 <-- 0.002763 s
currentSize : 15 <-- 0.004676 s
currentSize : 16 <-- 0.024666 s
currentSize : 17 <-- 0.070756 s
currentSize : 18 <-- 0.071118 s

maxsize : 18
nodes : 7979.000000
filtered : 135492.000000
CCGP filtered : 31722.000000
CCGT filtered : 15836.000000
time : 0.073408
