Parameters: GAD=1 vflib=1 dir=0 label=0 lowerbound=1 fileNameGp=../../cp2016-max-common-connected-subgraph-paper/datasets/graphsdb/mcs90/bvg/b03m/mcs90_b03m_s30.A04 fileNameGt=../../cp2016-max-common-connected-subgraph-paper/datasets/graphsdb/mcs90/bvg/b03m/mcs90_b03m_s30.B04
Reading graphs...
30 :  44
30 :  44
Initializing...
maxdom : 30
D->valSize : 900
Solving...
currentSize : 17 <-- 0.011262 s
currentSize : 18 <-- 0.011285 s
currentSize : 19 <-- 0.011364 s
currentSize : 20 <-- 0.011383 s
currentSize : 21 <-- 0.011719 s
currentSize : 22 <-- 0.011867 s
currentSize : 23 <-- 0.031261 s
currentSize : 24 <-- 0.042116 s
currentSize : 26 <-- 0.044452 s

maxsize : 26
nodes : 8888.000000
filtered : 237007.000000
CCGP filtered : 111186.000000
CCGT filtered : 25141.000000
time : 0.088659
