Parameters: GAD=1 vflib=1 dir=0 label=0 lowerbound=1 fileNameGp=../../cp2016-max-common-connected-subgraph-paper/datasets/graphsdb/mcs90/m2D/m2Dr2/mcs90_m2Dr2_s30.A06 fileNameGt=../../cp2016-max-common-connected-subgraph-paper/datasets/graphsdb/mcs90/m2D/m2Dr2/mcs90_m2Dr2_s30.B06
Reading graphs...
30 :  55
30 :  55
Initializing...
maxdom : 30
D->valSize : 900
Solving...
currentSize : 12 <-- 0.019322 s
currentSize : 14 <-- 0.019382 s
currentSize : 15 <-- 0.019484 s
currentSize : 16 <-- 0.019525 s
currentSize : 19 <-- 0.019560 s
currentSize : 20 <-- 0.060697 s
currentSize : 21 <-- 0.060720 s
currentSize : 22 <-- 0.077820 s
currentSize : 23 <-- 0.195019 s
currentSize : 26 <-- 0.202867 s

maxsize : 26
nodes : 35422.000000
filtered : 1187537.000000
CCGP filtered : 109804.000000
CCGT filtered : 35623.000000
time : 0.379351
