Parameters: GAD=1 vflib=1 dir=0 label=0 lowerbound=1 fileNameGp=../../cp2016-max-common-connected-subgraph-paper/datasets/graphsdb/mcs90/m3D/m3Dr6/mcs90_m3Dr6_s30.A03 fileNameGt=../../cp2016-max-common-connected-subgraph-paper/datasets/graphsdb/mcs90/m3D/m3Dr6/mcs90_m3Dr6_s30.B03
Reading graphs...
30 :  78
30 :  76
Initializing...
maxdom : 30
D->valSize : 900
Solving...
currentSize : 15 <-- 0.018452 s
currentSize : 16 <-- 0.018697 s
currentSize : 17 <-- 0.067901 s
currentSize : 18 <-- 0.983171 s
currentSize : 19 <-- 14.675115 s
currentSize : 20 <-- 15.644381 s
currentSize : 21 <-- 15.644547 s
currentSize : 22 <-- 16.889189 s
currentSize : 27 <-- 16.936541 s

maxsize : 27
nodes : 1936064.000000
filtered : 37506217.000000
CCGP filtered : 2027382.000000
CCGT filtered : 1042368.000000
time : 16.998920
