Parameters: GAD=1 vflib=1 dir=0 label=0 lowerbound=1 fileNameGp=../../cp2016-max-common-connected-subgraph-paper/datasets/graphsdb/mcs90/bvg/b06m/mcs90_b06m_s30.A08 fileNameGt=../../cp2016-max-common-connected-subgraph-paper/datasets/graphsdb/mcs90/bvg/b06m/mcs90_b06m_s30.B08
Reading graphs...
30 :  87
30 :  87
Initializing...
maxdom : 30
D->valSize : 900
Solving...
currentSize : 12 <-- 0.010110 s
currentSize : 14 <-- 0.010457 s
currentSize : 15 <-- 0.011951 s
currentSize : 16 <-- 0.044387 s
currentSize : 17 <-- 0.180800 s
currentSize : 18 <-- 2.471808 s
currentSize : 19 <-- 7.521563 s
currentSize : 20 <-- 29.512028 s
currentSize : 27 <-- 30.942251 s

maxsize : 27
nodes : 3121066.000000
filtered : 85521255.000000
CCGP filtered : 5859444.000000
CCGT filtered : 3214272.000000
time : 30.960012
