Parameters: GAD=1 vflib=1 dir=0 label=0 lowerbound=1 fileNameGp=../../cp2016-max-common-connected-subgraph-paper/datasets/graphsdb/mcs90/bvg/b03m/mcs90_b03m_s35.A03 fileNameGt=../../cp2016-max-common-connected-subgraph-paper/datasets/graphsdb/mcs90/bvg/b03m/mcs90_b03m_s35.B03
Reading graphs...
35 :  52
35 :  52
Initializing...
maxdom : 35
D->valSize : 1225
Solving...
currentSize : 18 <-- 0.020985 s
currentSize : 19 <-- 0.021022 s
currentSize : 20 <-- 0.021078 s
currentSize : 21 <-- 0.021248 s
currentSize : 22 <-- 0.022959 s
currentSize : 23 <-- 0.039726 s
currentSize : 24 <-- 0.062269 s
currentSize : 25 <-- 0.094537 s
currentSize : 26 <-- 0.199077 s
currentSize : 27 <-- 0.280644 s
currentSize : 28 <-- 0.323791 s
currentSize : 29 <-- 0.371259 s
currentSize : 30 <-- 0.392009 s

maxsize : 30
nodes : 66242.000000
filtered : 2192275.000000
CCGP filtered : 1556169.000000
CCGT filtered : 341751.000000
time : 0.755295
