Parameters: GAD=1 vflib=1 dir=0 label=0 lowerbound=1 fileNameGp=../../cp2016-max-common-connected-subgraph-paper/datasets/graphsdb/mcs90/rand/r01/mcs90_r01_s35.A02 fileNameGt=../../cp2016-max-common-connected-subgraph-paper/datasets/graphsdb/mcs90/rand/r01/mcs90_r01_s35.B02
Reading graphs...
35 :  111
35 :  109
Initializing...
maxdom : 35
D->valSize : 1225
Solving...
currentSize : 14 <-- 0.018958 s
currentSize : 15 <-- 0.019940 s
currentSize : 16 <-- 0.024419 s
currentSize : 17 <-- 0.121766 s
currentSize : 18 <-- 1.687198 s
currentSize : 19 <-- 8.250839 s
currentSize : 20 <-- 98.758606 s
currentSize : 24 <-- 320.285980 s
currentSize : 25 <-- 327.273590 s
currentSize : 31 <-- 330.942932 s

maxsize : 31
nodes : 30874785.000000
filtered : 703430400.000000
CCGP filtered : 23728588.000000
CCGT filtered : 23344216.000000
time : 331.074005
