Parameters: GAD=1 vflib=1 dir=0 label=0 lowerbound=1 fileNameGp=../../cp2016-max-common-connected-subgraph-paper/datasets/graphsdb/mcs90/m2D/m2Dr2/mcs90_m2Dr2_s50.A04 fileNameGt=../../cp2016-max-common-connected-subgraph-paper/datasets/graphsdb/mcs90/m2D/m2Dr2/mcs90_m2Dr2_s50.B04
Reading graphs...
50 :  94
50 :  94
Initializing...
maxdom : 50
D->valSize : 2500
Solving...
currentSize : 25 <-- 0.096180 s
currentSize : 26 <-- 0.096289 s
currentSize : 27 <-- 0.097576 s
currentSize : 29 <-- 0.125136 s
currentSize : 30 <-- 0.125318 s
currentSize : 31 <-- 0.139583 s
currentSize : 32 <-- 1.492056 s
currentSize : 33 <-- 9.008296 s
currentSize : 34 <-- 19.232044 s
currentSize : 35 <-- 280.977722 s
currentSize : 36 <-- 646.574768 s

TIMEOUT
maxsize : 36
nodes : 68760995.000000
filtered : 2295929510.000000
CCGP filtered : 525035975.000000
CCGT filtered : 335397323.000000
time : 1000.000061
