Parameters: GAD=1 vflib=1 dir=0 label=0 lowerbound=1 fileNameGp=../../cp2016-max-common-connected-subgraph-paper/datasets/graphsdb/mcs90/m2D/m2Dr4/mcs90_m2Dr4_s30.A08 fileNameGt=../../cp2016-max-common-connected-subgraph-paper/datasets/graphsdb/mcs90/m2D/m2Dr4/mcs90_m2Dr4_s30.B08
Reading graphs...
30 :  59
30 :  58
Initializing...
maxdom : 30
D->valSize : 900
Solving...
currentSize : 15 <-- 0.018828 s
currentSize : 16 <-- 0.018887 s
currentSize : 17 <-- 0.019914 s
currentSize : 18 <-- 0.032526 s
currentSize : 19 <-- 0.098137 s
currentSize : 20 <-- 0.098193 s
currentSize : 21 <-- 0.167928 s
currentSize : 22 <-- 0.183227 s
currentSize : 26 <-- 0.849709 s

maxsize : 26
nodes : 98918.000000
filtered : 3078024.000000
CCGP filtered : 301801.000000
CCGT filtered : 143207.000000
time : 0.980120
