Parameters: GAD=1 vflib=1 dir=0 label=0 lowerbound=1 fileNameGp=../../cp2016-max-common-connected-subgraph-paper/datasets/graphsdb/mcs90/m2D/m2Dr6/mcs90_m2Dr6_s50.A05 fileNameGt=../../cp2016-max-common-connected-subgraph-paper/datasets/graphsdb/mcs90/m2D/m2Dr6/mcs90_m2Dr6_s50.B05
Reading graphs...
50 :  115
50 :  112
Initializing...
maxdom : 50
D->valSize : 2500
Solving...
currentSize : 23 <-- 0.118535 s
currentSize : 24 <-- 0.118594 s
currentSize : 25 <-- 0.118752 s
currentSize : 26 <-- 0.118993 s
currentSize : 29 <-- 0.119207 s
currentSize : 30 <-- 0.120820 s
currentSize : 31 <-- 0.121739 s
currentSize : 32 <-- 143.259735 s
currentSize : 33 <-- 202.304810 s
currentSize : 34 <-- 202.307495 s
currentSize : 35 <-- 202.312790 s
currentSize : 37 <-- 215.732422 s
currentSize : 38 <-- 215.732773 s
currentSize : 39 <-- 216.624802 s
currentSize : 41 <-- 216.743851 s
currentSize : 42 <-- 217.903030 s
currentSize : 45 <-- 218.260101 s
currentSize : 49 <-- 218.278717 s

maxsize : 49
nodes : 15526916.000000
filtered : 424529582.000000
CCGP filtered : 104127816.000000
CCGT filtered : 57196243.000000
time : 218.282516
