Parameters: GAD=1 vflib=1 dir=0 label=0 lowerbound=1 fileNameGp=../../cp2016-max-common-connected-subgraph-paper/datasets/graphsdb/mcs90/m3D/m3Dr4/mcs90_m3Dr4_s30.A04 fileNameGt=../../cp2016-max-common-connected-subgraph-paper/datasets/graphsdb/mcs90/m3D/m3Dr4/mcs90_m3Dr4_s30.B04
Reading graphs...
30 :  73
30 :  73
Initializing...
maxdom : 30
D->valSize : 900
Solving...
currentSize : 9 <-- 0.010820 s
currentSize : 10 <-- 0.010856 s
currentSize : 11 <-- 0.010908 s
currentSize : 13 <-- 0.011166 s
currentSize : 15 <-- 0.011356 s
currentSize : 16 <-- 0.014279 s
currentSize : 17 <-- 0.021697 s
currentSize : 18 <-- 0.607928 s
currentSize : 19 <-- 1.810518 s
currentSize : 20 <-- 6.673495 s
currentSize : 21 <-- 12.636634 s
currentSize : 22 <-- 12.678753 s
currentSize : 23 <-- 12.680032 s
currentSize : 25 <-- 12.776614 s
currentSize : 27 <-- 12.966065 s

maxsize : 27
nodes : 1495371.000000
filtered : 32329366.000000
CCGP filtered : 1454560.000000
CCGT filtered : 728914.000000
time : 12.970869
