Parameters: GAD=1 vflib=1 dir=0 label=0 lowerbound=1 fileNameGp=../../cp2016-max-common-connected-subgraph-paper/datasets/graphsdb/mcs90/bvg/b09m/mcs90_b09m_s40.A06 fileNameGt=../../cp2016-max-common-connected-subgraph-paper/datasets/graphsdb/mcs90/bvg/b09m/mcs90_b09m_s40.B06
Reading graphs...
40 :  178
40 :  179
Initializing...
maxdom : 40
D->valSize : 1600
Solving...
currentSize : 13 <-- 0.052795 s
currentSize : 14 <-- 0.052832 s
currentSize : 15 <-- 0.053334 s
currentSize : 16 <-- 0.110422 s
currentSize : 17 <-- 0.512044 s
currentSize : 18 <-- 10.038454 s
currentSize : 19 <-- 64.858810 s
currentSize : 20 <-- 82.662178 s
currentSize : 21 <-- 82.716415 s
currentSize : 22 <-- 220.295822 s
currentSize : 23 <-- 229.269012 s
currentSize : 25 <-- 229.279785 s
currentSize : 26 <-- 229.285721 s
currentSize : 27 <-- 236.389572 s
currentSize : 28 <-- 236.390396 s
currentSize : 29 <-- 240.604507 s
currentSize : 33 <-- 240.618301 s
currentSize : 36 <-- 240.622528 s

maxsize : 36
nodes : 17644553.000000
filtered : 452464381.000000
CCGP filtered : 4562388.000000
CCGT filtered : 9366733.000000
time : 240.777405
