Parameters: GAD=1 vflib=1 dir=0 label=0 lowerbound=1 fileNameGp=../../cp2016-max-common-connected-subgraph-paper/datasets/graphsdb/mcs90/bvg/b03m/mcs90_b03m_s35.A09 fileNameGt=../../cp2016-max-common-connected-subgraph-paper/datasets/graphsdb/mcs90/bvg/b03m/mcs90_b03m_s35.B09
Reading graphs...
35 :  52
35 :  52
Initializing...
maxdom : 35
D->valSize : 1225
Solving...
currentSize : 10 <-- 0.021184 s
currentSize : 15 <-- 0.021302 s
currentSize : 17 <-- 0.021387 s
currentSize : 18 <-- 0.022266 s
currentSize : 19 <-- 0.022451 s
currentSize : 20 <-- 0.022586 s
currentSize : 21 <-- 0.023254 s
currentSize : 22 <-- 0.024026 s
currentSize : 23 <-- 0.024265 s
currentSize : 24 <-- 0.031676 s
currentSize : 25 <-- 0.119221 s
currentSize : 26 <-- 2.106370 s
currentSize : 27 <-- 5.569590 s
currentSize : 28 <-- 8.138389 s
currentSize : 29 <-- 8.505430 s
currentSize : 30 <-- 8.505598 s

maxsize : 30
nodes : 829328.000000
filtered : 24127896.000000
CCGP filtered : 17935320.000000
CCGT filtered : 5737902.000000
time : 9.060351
