Parameters: GAD=1 vflib=1 dir=0 label=0 lowerbound=1 fileNameGp=../../cp2016-max-common-connected-subgraph-paper/datasets/graphsdb/mcs90/rand/r005/mcs90_r005_s25.A01 fileNameGt=../../cp2016-max-common-connected-subgraph-paper/datasets/graphsdb/mcs90/rand/r005/mcs90_r005_s25.B01
Reading graphs...
25 :  29
25 :  29
Initializing...
maxdom : 25
D->valSize : 625
Solving...
currentSize : 5 <-- 0.005347 s
currentSize : 6 <-- 0.005381 s
currentSize : 10 <-- 0.005478 s
currentSize : 11 <-- 0.005557 s
currentSize : 12 <-- 0.005632 s
currentSize : 13 <-- 0.006212 s
currentSize : 14 <-- 0.006538 s
currentSize : 16 <-- 0.008401 s
currentSize : 17 <-- 0.008428 s
currentSize : 18 <-- 0.011788 s
currentSize : 19 <-- 0.011904 s
currentSize : 20 <-- 0.011919 s
currentSize : 21 <-- 0.015945 s
currentSize : 22 <-- 0.022972 s

maxsize : 22
nodes : 5541.000000
filtered : 117498.000000
CCGP filtered : 52141.000000
CCGT filtered : 36399.000000
time : 0.046233
