Parameters: GAD=1 vflib=1 dir=0 label=0 lowerbound=1 fileNameGp=../../cp2016-max-common-connected-subgraph-paper/datasets/graphsdb/mcs90/rand/r005/mcs90_r005_s30.A09 fileNameGt=../../cp2016-max-common-connected-subgraph-paper/datasets/graphsdb/mcs90/rand/r005/mcs90_r005_s30.B09
Reading graphs...
30 :  41
30 :  41
Initializing...
maxdom : 30
D->valSize : 900
Solving...
currentSize : 10 <-- 0.019682 s
currentSize : 11 <-- 0.019832 s
currentSize : 12 <-- 0.020075 s
currentSize : 13 <-- 0.020500 s
currentSize : 14 <-- 0.020778 s
currentSize : 15 <-- 0.021560 s
currentSize : 17 <-- 0.030612 s
currentSize : 18 <-- 0.030764 s
currentSize : 19 <-- 0.046851 s
currentSize : 20 <-- 0.047230 s
currentSize : 21 <-- 0.387311 s
currentSize : 22 <-- 0.402704 s
currentSize : 23 <-- 0.417305 s
currentSize : 24 <-- 0.425711 s
currentSize : 26 <-- 0.425791 s
currentSize : 27 <-- 0.426218 s

maxsize : 27
nodes : 33080.000000
filtered : 623461.000000
CCGP filtered : 743940.000000
CCGT filtered : 889123.000000
time : 0.440071
