Parameters: GAD=1 vflib=1 dir=0 label=0 lowerbound=1 fileNameGp=../../cp2016-max-common-connected-subgraph-paper/datasets/graphsdb/mcs90/bvg/b06m/mcs90_b06m_s50.A00 fileNameGt=../../cp2016-max-common-connected-subgraph-paper/datasets/graphsdb/mcs90/bvg/b06m/mcs90_b06m_s50.B00
Reading graphs...
50 :  148
50 :  148
Initializing...
maxdom : 50
D->valSize : 2500
Solving...
currentSize : 20 <-- 0.153801 s
currentSize : 21 <-- 0.154419 s
currentSize : 22 <-- 0.156619 s
currentSize : 23 <-- 0.164864 s
currentSize : 24 <-- 0.178130 s
currentSize : 25 <-- 0.250793 s
currentSize : 26 <-- 4.908588 s
currentSize : 27 <-- 55.785736 s
currentSize : 28 <-- 865.730896 s
currentSize : 29 <-- 914.399902 s

TIMEOUT
maxsize : 29
nodes : 68391123.000000
filtered : 1482836015.000000
CCGP filtered : 316017487.000000
CCGT filtered : 196802551.000000
time : 1000.000061
