Parameters: GAD=1 vflib=1 dir=0 label=0 lowerbound=1 fileNameGp=../../cp2016-max-common-connected-subgraph-paper/datasets/graphsdb/mcs90/m3D/m3D/mcs90_m3D_s30.A07 fileNameGt=../../cp2016-max-common-connected-subgraph-paper/datasets/graphsdb/mcs90/m3D/m3D/mcs90_m3D_s30.B07
Reading graphs...
30 :  61
30 :  61
Initializing...
maxdom : 30
D->valSize : 900
Solving...
currentSize : 13 <-- 0.019399 s
currentSize : 16 <-- 0.019503 s
currentSize : 17 <-- 0.019790 s
currentSize : 18 <-- 0.032114 s
currentSize : 19 <-- 0.034712 s
currentSize : 22 <-- 0.069856 s
currentSize : 23 <-- 0.307536 s
currentSize : 24 <-- 0.711371 s
currentSize : 25 <-- 1.269388 s
currentSize : 27 <-- 1.542225 s

maxsize : 27
nodes : 176026.000000
filtered : 5230936.000000
CCGP filtered : 146218.000000
CCGT filtered : 39522.000000
time : 1.567490
