Parameters: GAD=1 vflib=1 dir=0 label=0 lowerbound=1 fileNameGp=../../cp2016-max-common-connected-subgraph-paper/datasets/graphsdb/mcs90/rand/r02/mcs90_r02_s25.A02 fileNameGt=../../cp2016-max-common-connected-subgraph-paper/datasets/graphsdb/mcs90/rand/r02/mcs90_r02_s25.B02
Reading graphs...
25 :  110
25 :  107
Initializing...
maxdom : 25
D->valSize : 625
Solving...
currentSize : 9 <-- 0.004639 s
currentSize : 10 <-- 0.005656 s
currentSize : 11 <-- 0.005888 s
currentSize : 12 <-- 0.148703 s
currentSize : 13 <-- 0.305796 s
currentSize : 14 <-- 2.307348 s
currentSize : 15 <-- 3.019721 s
currentSize : 16 <-- 3.524979 s
currentSize : 17 <-- 3.525312 s
currentSize : 19 <-- 3.527944 s
currentSize : 22 <-- 3.627256 s

maxsize : 22
nodes : 432874.000000
filtered : 5987368.000000
CCGP filtered : 14610.000000
CCGT filtered : 7034.000000
time : 3.636604
