Parameters: GAD=1 vflib=1 dir=0 label=0 lowerbound=1 fileNameGp=../../cp2016-max-common-connected-subgraph-paper/datasets/graphsdb/mcs90/bvg/b03m/mcs90_b03m_s40.A04 fileNameGt=../../cp2016-max-common-connected-subgraph-paper/datasets/graphsdb/mcs90/bvg/b03m/mcs90_b03m_s40.B04
Reading graphs...
40 :  59
40 :  59
Initializing...
maxdom : 40
D->valSize : 1600
Solving...
currentSize : 11 <-- 0.058650 s
currentSize : 12 <-- 0.058805 s
currentSize : 14 <-- 0.059156 s
currentSize : 15 <-- 0.059425 s
currentSize : 16 <-- 0.059565 s
currentSize : 17 <-- 0.059760 s
currentSize : 19 <-- 0.059953 s
currentSize : 20 <-- 0.060380 s
currentSize : 23 <-- 0.061468 s
currentSize : 26 <-- 0.072712 s
currentSize : 27 <-- 0.139642 s
currentSize : 28 <-- 1.748846 s
currentSize : 29 <-- 3.045942 s
currentSize : 31 <-- 8.519760 s
currentSize : 33 <-- 8.524003 s
currentSize : 34 <-- 8.746378 s
currentSize : 36 <-- 8.747446 s

maxsize : 36
nodes : 718014.000000
filtered : 19238289.000000
CCGP filtered : 28123652.000000
CCGT filtered : 11025085.000000
time : 9.007746
