Parameters: GAD=1 vflib=1 dir=0 label=0 lowerbound=1 fileNameGp=../../cp2016-max-common-connected-subgraph-paper/datasets/graphsdb/mcs90/bvg/b09/mcs90_b09_s35.A08 fileNameGt=../../cp2016-max-common-connected-subgraph-paper/datasets/graphsdb/mcs90/bvg/b09/mcs90_b09_s35.B08
Reading graphs...
35 :  157
35 :  155
Initializing...
maxdom : 35
D->valSize : 1225
Solving...
currentSize : 11 <-- 0.018917 s
currentSize : 12 <-- 0.019012 s
currentSize : 13 <-- 0.019236 s
currentSize : 14 <-- 0.020264 s
currentSize : 15 <-- 0.026735 s
currentSize : 16 <-- 0.027517 s
currentSize : 17 <-- 0.126830 s
currentSize : 18 <-- 0.154990 s
currentSize : 22 <-- 0.156322 s
currentSize : 30 <-- 0.167952 s

maxsize : 30
nodes : 83894.000000
filtered : 4897497.000000
CCGP filtered : 6825.000000
CCGT filtered : 4277.000000
time : 1.089794
