Parameters: GAD=1 vflib=1 dir=0 label=0 lowerbound=1 fileNameGp=../../cp2016-max-common-connected-subgraph-paper/datasets/graphsdb/mcs90/m2D/m2Dr4/mcs90_m2Dr4_s50.A00 fileNameGt=../../cp2016-max-common-connected-subgraph-paper/datasets/graphsdb/mcs90/m2D/m2Dr4/mcs90_m2Dr4_s50.B00
Reading graphs...
50 :  105
50 :  105
Initializing...
maxdom : 50
D->valSize : 2500
Solving...
currentSize : 25 <-- 0.094593 s
currentSize : 26 <-- 0.094720 s
currentSize : 28 <-- 0.095362 s
currentSize : 29 <-- 0.096539 s
currentSize : 30 <-- 0.101797 s
currentSize : 31 <-- 0.140548 s
currentSize : 32 <-- 44.010269 s
currentSize : 33 <-- 55.322975 s
currentSize : 35 <-- 56.367954 s
currentSize : 36 <-- 68.869652 s
currentSize : 37 <-- 98.252609 s
currentSize : 38 <-- 98.265640 s
currentSize : 39 <-- 101.397057 s
currentSize : 40 <-- 101.590523 s
currentSize : 42 <-- 101.606125 s
currentSize : 45 <-- 101.611649 s
currentSize : 49 <-- 101.618271 s

maxsize : 49
nodes : 7245380.000000
filtered : 198897042.000000
CCGP filtered : 38542882.000000
CCGT filtered : 21636417.000000
time : 101.622192
