Parameters: GAD=1 vflib=1 dir=0 label=0 lowerbound=1 fileNameGp=../../cp2016-max-common-connected-subgraph-paper/datasets/graphsdb/mcs90/rand/r02/mcs90_r02_s25.A04 fileNameGt=../../cp2016-max-common-connected-subgraph-paper/datasets/graphsdb/mcs90/rand/r02/mcs90_r02_s25.B04
Reading graphs...
25 :  107
25 :  108
Initializing...
maxdom : 25
D->valSize : 625
Solving...
currentSize : 9 <-- 0.004606 s
currentSize : 10 <-- 0.004887 s
currentSize : 11 <-- 0.006422 s
currentSize : 12 <-- 0.007730 s
currentSize : 13 <-- 0.023675 s
currentSize : 14 <-- 0.024472 s
currentSize : 15 <-- 3.022676 s
currentSize : 16 <-- 3.596743 s
currentSize : 22 <-- 3.597864 s

maxsize : 22
nodes : 429416.000000
filtered : 6392522.000000
CCGP filtered : 10128.000000
CCGT filtered : 18685.000000
time : 3.611517
