Parameters: GAD=1 vflib=1 dir=0 label=0 lowerbound=1 fileNameGp=../../cp2016-max-common-connected-subgraph-paper/datasets/graphsdb/mcs90/m3D/m3Dr6/mcs90_m3Dr6_s30.A04 fileNameGt=../../cp2016-max-common-connected-subgraph-paper/datasets/graphsdb/mcs90/m3D/m3Dr6/mcs90_m3Dr6_s30.B04
Reading graphs...
30 :  77
30 :  74
Initializing...
maxdom : 30
D->valSize : 900
Solving...
currentSize : 13 <-- 0.010624 s
currentSize : 14 <-- 0.010784 s
currentSize : 15 <-- 0.010998 s
currentSize : 16 <-- 0.014752 s
currentSize : 17 <-- 0.040544 s
currentSize : 18 <-- 0.176658 s
currentSize : 19 <-- 3.490910 s
currentSize : 20 <-- 8.868623 s
currentSize : 22 <-- 10.420864 s
currentSize : 24 <-- 10.826189 s
currentSize : 25 <-- 10.888116 s
currentSize : 26 <-- 10.930789 s
currentSize : 27 <-- 10.969209 s

maxsize : 27
nodes : 1293120.000000
filtered : 25089218.000000
CCGP filtered : 953537.000000
CCGT filtered : 481848.000000
time : 10.976864
