Parameters: GAD=1 vflib=1 dir=0 label=0 lowerbound=1 fileNameGp=../../cp2016-max-common-connected-subgraph-paper/datasets/graphsdb/mcs90/m2D/m2D/mcs90_m2D_s40.A04 fileNameGt=../../cp2016-max-common-connected-subgraph-paper/datasets/graphsdb/mcs90/m2D/m2D/mcs90_m2D_s40.B04
Reading graphs...
40 :  67
40 :  67
Initializing...
maxdom : 40
D->valSize : 1600
Solving...
currentSize : 17 <-- 0.061718 s
currentSize : 19 <-- 0.061758 s
currentSize : 22 <-- 0.061948 s
currentSize : 23 <-- 0.063424 s
currentSize : 24 <-- 0.065623 s
currentSize : 25 <-- 0.069149 s
currentSize : 26 <-- 0.069332 s
currentSize : 27 <-- 0.156931 s
currentSize : 28 <-- 0.241435 s
currentSize : 29 <-- 0.267111 s
currentSize : 30 <-- 0.291552 s
currentSize : 31 <-- 0.387965 s
currentSize : 32 <-- 1.051870 s
currentSize : 33 <-- 1.511858 s
currentSize : 34 <-- 1.592905 s
currentSize : 36 <-- 1.749543 s
currentSize : 37 <-- 2.087739 s

maxsize : 37
nodes : 184665.000000
filtered : 6189340.000000
CCGP filtered : 1071839.000000
CCGT filtered : 285195.000000
time : 2.190873
