Parameters: GAD=1 vflib=1 dir=0 label=0 lowerbound=1 fileNameGp=../../cp2016-max-common-connected-subgraph-paper/datasets/graphsdb/mcs90/m3D/m3Dr2/mcs90_m3Dr2_s30.A06 fileNameGt=../../cp2016-max-common-connected-subgraph-paper/datasets/graphsdb/mcs90/m3D/m3Dr2/mcs90_m3Dr2_s30.B06
Reading graphs...
30 :  67
30 :  67
Initializing...
maxdom : 30
D->valSize : 900
Solving...
currentSize : 13 <-- 0.011015 s
currentSize : 14 <-- 0.011043 s
currentSize : 15 <-- 0.011779 s
currentSize : 16 <-- 0.012483 s
currentSize : 17 <-- 0.014117 s
currentSize : 18 <-- 0.029185 s
currentSize : 20 <-- 1.479738 s
currentSize : 21 <-- 1.499187 s
currentSize : 22 <-- 1.710109 s
currentSize : 23 <-- 1.767266 s
currentSize : 24 <-- 2.179366 s
currentSize : 25 <-- 2.215147 s
currentSize : 27 <-- 2.483951 s

maxsize : 27
nodes : 297749.000000
filtered : 6423239.000000
CCGP filtered : 463871.000000
CCGT filtered : 185300.000000
time : 2.497379
