Parameters: GAD=1 vflib=1 dir=0 label=0 lowerbound=1 fileNameGp=../../cp2016-max-common-connected-subgraph-paper/datasets/graphsdb/mcs90/bvg/b03m/mcs90_b03m_s40.A05 fileNameGt=../../cp2016-max-common-connected-subgraph-paper/datasets/graphsdb/mcs90/bvg/b03m/mcs90_b03m_s40.B05
Reading graphs...
40 :  59
40 :  59
Initializing...
maxdom : 40
D->valSize : 1600
Solving...
currentSize : 20 <-- 0.057493 s
currentSize : 22 <-- 0.057788 s
currentSize : 24 <-- 0.058915 s
currentSize : 25 <-- 0.059175 s
currentSize : 26 <-- 0.063431 s
currentSize : 27 <-- 0.086138 s
currentSize : 28 <-- 0.214138 s
currentSize : 29 <-- 2.018740 s
currentSize : 30 <-- 15.951698 s
currentSize : 33 <-- 19.063404 s
currentSize : 34 <-- 19.063534 s
currentSize : 36 <-- 20.567436 s

maxsize : 36
nodes : 1719388.000000
filtered : 42643658.000000
CCGP filtered : 57838804.000000
CCGT filtered : 25432746.000000
time : 20.853680
