Parameters: GAD=1 vflib=1 dir=0 label=0 lowerbound=1 fileNameGp=../../cp2016-max-common-connected-subgraph-paper/datasets/graphsdb/mcs90/bvg/b09/mcs90_b09_s35.A05 fileNameGt=../../cp2016-max-common-connected-subgraph-paper/datasets/graphsdb/mcs90/bvg/b09/mcs90_b09_s35.B05
Reading graphs...
35 :  157
35 :  156
Initializing...
maxdom : 35
D->valSize : 1225
Solving...
currentSize : 13 <-- 0.017947 s
currentSize : 14 <-- 0.018232 s
currentSize : 15 <-- 0.018328 s
currentSize : 16 <-- 0.018430 s
currentSize : 17 <-- 0.059134 s
currentSize : 18 <-- 0.141294 s
currentSize : 19 <-- 0.272912 s
currentSize : 20 <-- 0.293115 s
currentSize : 22 <-- 0.301573 s
currentSize : 24 <-- 0.304751 s
currentSize : 26 <-- 0.464628 s
currentSize : 30 <-- 0.523147 s

maxsize : 30
nodes : 89558.000000
filtered : 4485932.000000
CCGP filtered : 353.000000
CCGT filtered : 3779.000000
time : 1.184613
