Parameters: GAD=1 vflib=1 dir=0 label=0 lowerbound=1 fileNameGp=../../cp2016-max-common-connected-subgraph-paper/datasets/graphsdb/mcs90/bvg/b03m/mcs90_b03m_s30.A09 fileNameGt=../../cp2016-max-common-connected-subgraph-paper/datasets/graphsdb/mcs90/bvg/b03m/mcs90_b03m_s30.B09
Reading graphs...
30 :  45
30 :  45
Initializing...
maxdom : 30
D->valSize : 900
Solving...
currentSize : 17 <-- 0.011348 s
currentSize : 18 <-- 0.011491 s
currentSize : 19 <-- 0.011551 s
currentSize : 20 <-- 0.011978 s
currentSize : 21 <-- 0.012077 s
currentSize : 22 <-- 0.042376 s
currentSize : 23 <-- 0.053411 s
currentSize : 24 <-- 0.086604 s
currentSize : 26 <-- 0.310645 s
currentSize : 28 <-- 0.314999 s

maxsize : 28
nodes : 35724.000000
filtered : 909682.000000
CCGP filtered : 366341.000000
CCGT filtered : 133623.000000
time : 0.326880
