Parameters: GAD=1 vflib=1 dir=0 label=0 lowerbound=1 fileNameGp=../../cp2016-max-common-connected-subgraph-paper/datasets/graphsdb/mcs90/bvg/b03m/mcs90_b03m_s20.A02 fileNameGt=../../cp2016-max-common-connected-subgraph-paper/datasets/graphsdb/mcs90/bvg/b03m/mcs90_b03m_s20.B02
Reading graphs...
20 :  29
20 :  29
Initializing...
maxdom : 20
D->valSize : 400
Solving...
currentSize : 7 <-- 0.003793 s
currentSize : 8 <-- 0.003829 s
currentSize : 12 <-- 0.003966 s
currentSize : 13 <-- 0.004101 s
currentSize : 14 <-- 0.009702 s
currentSize : 15 <-- 0.012504 s
currentSize : 16 <-- 0.013186 s
currentSize : 17 <-- 0.028068 s
currentSize : 18 <-- 0.032994 s

maxsize : 18
nodes : 3025.000000
filtered : 62265.000000
CCGP filtered : 43911.000000
CCGT filtered : 5811.000000
time : 0.034366
