Parameters: GAD=1 vflib=1 dir=0 label=0 lowerbound=1 fileNameGp=../../cp2016-max-common-connected-subgraph-paper/datasets/graphsdb/mcs90/bvg/b06m/mcs90_b06m_s30.A04 fileNameGt=../../cp2016-max-common-connected-subgraph-paper/datasets/graphsdb/mcs90/bvg/b06m/mcs90_b06m_s30.B04
Reading graphs...
30 :  88
30 :  88
Initializing...
maxdom : 30
D->valSize : 900
Solving...
currentSize : 13 <-- 0.010123 s
currentSize : 14 <-- 0.010190 s
currentSize : 15 <-- 0.010822 s
currentSize : 16 <-- 0.059737 s
currentSize : 17 <-- 0.221582 s
currentSize : 18 <-- 0.381643 s
currentSize : 21 <-- 0.388660 s
currentSize : 24 <-- 0.564086 s
currentSize : 27 <-- 0.927668 s

maxsize : 27
nodes : 95311.000000
filtered : 2944857.000000
CCGP filtered : 138358.000000
CCGT filtered : 48464.000000
time : 0.941720
