Parameters: GAD=1 vflib=1 dir=0 label=0 lowerbound=1 fileNameGp=../../cp2016-max-common-connected-subgraph-paper/datasets/graphsdb/mcs90/rand/r01/mcs90_r01_s50.A07 fileNameGt=../../cp2016-max-common-connected-subgraph-paper/datasets/graphsdb/mcs90/rand/r01/mcs90_r01_s50.B07
Reading graphs...
50 :  233
50 :  230
Initializing...
maxdom : 50
D->valSize : 2500
Solving...
currentSize : 16 <-- 0.084284 s
currentSize : 17 <-- 0.090987 s
currentSize : 18 <-- 0.106644 s
currentSize : 19 <-- 0.213958 s
currentSize : 20 <-- 0.911139 s
currentSize : 21 <-- 0.911703 s
currentSize : 22 <-- 2.549767 s
currentSize : 23 <-- 14.541395 s
currentSize : 25 <-- 14.542790 s
currentSize : 26 <-- 28.356422 s
currentSize : 29 <-- 28.444412 s
currentSize : 32 <-- 28.447454 s
currentSize : 45 <-- 32.272919 s

maxsize : 45
nodes : 1864545.000000
filtered : 50262572.000000
CCGP filtered : 711129.000000
CCGT filtered : 1601169.000000
time : 32.828926
