Parameters: GAD=1 vflib=1 dir=0 label=0 lowerbound=1 fileNameGp=../../cp2016-max-common-connected-subgraph-paper/datasets/graphsdb/mcs90/bvg/b09m/mcs90_b09m_s35.A07 fileNameGt=../../cp2016-max-common-connected-subgraph-paper/datasets/graphsdb/mcs90/bvg/b09m/mcs90_b09m_s35.B07
Reading graphs...
35 :  151
35 :  151
Initializing...
maxdom : 35
D->valSize : 1225
Solving...
currentSize : 11 <-- 0.018142 s
currentSize : 12 <-- 0.019559 s
currentSize : 13 <-- 0.021910 s
currentSize : 14 <-- 0.038136 s
currentSize : 15 <-- 0.151489 s
currentSize : 16 <-- 2.229604 s
currentSize : 17 <-- 2.346462 s
currentSize : 18 <-- 2.346797 s
currentSize : 19 <-- 66.954445 s
currentSize : 20 <-- 74.125893 s
currentSize : 21 <-- 77.365723 s
currentSize : 22 <-- 77.444725 s
currentSize : 25 <-- 79.308319 s
currentSize : 30 <-- 79.656036 s

maxsize : 30
nodes : 6793745.000000
filtered : 151798000.000000
CCGP filtered : 1604586.000000
CCGT filtered : 1253657.000000
time : 80.017548
