Parameters: GAD=1 vflib=1 dir=0 label=0 lowerbound=1 fileNameGp=../../cp2016-max-common-connected-subgraph-paper/datasets/graphsdb/mcs90/bvg/b09m/mcs90_b09m_s35.A00 fileNameGt=../../cp2016-max-common-connected-subgraph-paper/datasets/graphsdb/mcs90/bvg/b09m/mcs90_b09m_s35.B00
Reading graphs...
35 :  150
35 :  150
Initializing...
maxdom : 35
D->valSize : 1225
Solving...
currentSize : 14 <-- 0.018210 s
currentSize : 15 <-- 0.057593 s
currentSize : 16 <-- 0.975757 s
currentSize : 17 <-- 3.769303 s
currentSize : 18 <-- 284.237549 s
currentSize : 19 <-- 322.122314 s
currentSize : 21 <-- 322.182739 s
currentSize : 24 <-- 322.187134 s
currentSize : 30 <-- 324.809845 s

maxsize : 30
nodes : 29187493.000000
filtered : 526268578.000000
CCGP filtered : 7451859.000000
CCGT filtered : 11188755.000000
time : 325.035004
