Parameters: GAD=1 vflib=1 dir=0 label=0 lowerbound=1 fileNameGp=../../cp2016-max-common-connected-subgraph-paper/datasets/graphsdb/mcs90/bvg/b09/mcs90_b09_s30.A02 fileNameGt=../../cp2016-max-common-connected-subgraph-paper/datasets/graphsdb/mcs90/bvg/b09/mcs90_b09_s30.B02
Reading graphs...
30 :  135
30 :  135
Initializing...
maxdom : 30
D->valSize : 900
Solving...
currentSize : 12 <-- 0.016590 s
currentSize : 13 <-- 0.016880 s
currentSize : 14 <-- 0.017909 s
currentSize : 15 <-- 0.037710 s
currentSize : 16 <-- 0.181700 s
currentSize : 17 <-- 1.285242 s
currentSize : 18 <-- 1.285757 s
currentSize : 19 <-- 1.290356 s
currentSize : 20 <-- 1.290502 s
currentSize : 22 <-- 1.297711 s
currentSize : 26 <-- 1.308417 s

maxsize : 26
nodes : 151880.000000
filtered : 3153357.000000
CCGP filtered : 15605.000000
CCGT filtered : 14776.000000
time : 1.533818
