Parameters: GAD=1 vflib=1 dir=0 label=0 lowerbound=1 fileNameGp=../../cp2016-max-common-connected-subgraph-paper/datasets/graphsdb/mcs90/rand/r01/mcs90_r01_s40.A04 fileNameGt=../../cp2016-max-common-connected-subgraph-paper/datasets/graphsdb/mcs90/rand/r01/mcs90_r01_s40.B04
Reading graphs...
40 :  148
40 :  148
Initializing...
maxdom : 40
D->valSize : 1600
Solving...
currentSize : 13 <-- 0.032926 s
currentSize : 14 <-- 0.033113 s
currentSize : 15 <-- 0.033575 s
currentSize : 16 <-- 0.033915 s
currentSize : 17 <-- 0.058906 s
currentSize : 18 <-- 0.181088 s
currentSize : 19 <-- 0.479212 s
currentSize : 20 <-- 24.892094 s
currentSize : 21 <-- 124.531235 s
currentSize : 23 <-- 314.683960 s
currentSize : 24 <-- 327.292480 s
currentSize : 25 <-- 382.887451 s
currentSize : 29 <-- 384.599762 s
currentSize : 31 <-- 387.497559 s
currentSize : 36 <-- 387.849091 s

maxsize : 36
nodes : 31188741.000000
filtered : 758952413.000000
CCGP filtered : 30245834.000000
CCGT filtered : 21686009.000000
time : 388.015503
