Parameters: GAD=1 vflib=1 dir=0 label=0 lowerbound=1 fileNameGp=../../cp2016-max-common-connected-subgraph-paper/datasets/graphsdb/mcs90/bvg/b06m/mcs90_b06m_s50.A07 fileNameGt=../../cp2016-max-common-connected-subgraph-paper/datasets/graphsdb/mcs90/bvg/b06m/mcs90_b06m_s50.B07
Reading graphs...
50 :  149
50 :  150
Initializing...
maxdom : 50
D->valSize : 2500
Solving...
currentSize : 20 <-- 0.112407 s
currentSize : 21 <-- 0.113214 s
currentSize : 22 <-- 0.121533 s
currentSize : 23 <-- 0.129316 s
currentSize : 24 <-- 0.147529 s
currentSize : 25 <-- 0.182757 s
currentSize : 26 <-- 41.086788 s
currentSize : 27 <-- 143.317337 s
currentSize : 28 <-- 144.801895 s
currentSize : 29 <-- 144.815781 s
currentSize : 30 <-- 145.160202 s
currentSize : 31 <-- 146.509232 s
currentSize : 32 <-- 165.817673 s
currentSize : 33 <-- 173.053467 s
currentSize : 35 <-- 224.147293 s
currentSize : 36 <-- 240.763229 s
currentSize : 37 <-- 244.173645 s
currentSize : 40 <-- 251.160217 s
currentSize : 45 <-- 254.005325 s

maxsize : 45
nodes : 15018393.000000
filtered : 578797940.000000
CCGP filtered : 85196394.000000
CCGT filtered : 55906611.000000
time : 254.787262
