Parameters: GAD=1 vflib=1 dir=0 label=0 lowerbound=1 fileNameGp=../../cp2016-max-common-connected-subgraph-paper/datasets/graphsdb/mcs90/rand/r01/mcs90_r01_s50.A08 fileNameGt=../../cp2016-max-common-connected-subgraph-paper/datasets/graphsdb/mcs90/rand/r01/mcs90_r01_s50.B08
Reading graphs...
50 :  232
50 :  231
Initializing...
maxdom : 50
D->valSize : 2500
Solving...
currentSize : 17 <-- 0.084909 s
currentSize : 18 <-- 0.085050 s
currentSize : 19 <-- 0.086174 s
currentSize : 20 <-- 0.086212 s
currentSize : 21 <-- 0.751993 s
currentSize : 22 <-- 3.058944 s
currentSize : 23 <-- 76.604538 s
currentSize : 24 <-- 119.426872 s
currentSize : 25 <-- 125.084549 s
currentSize : 27 <-- 128.415863 s
currentSize : 30 <-- 427.942078 s
currentSize : 32 <-- 754.977905 s

TIMEOUT
maxsize : 32
nodes : 55337573.000000
filtered : 2575816927.000000
CCGP filtered : 5954803.000000
CCGT filtered : 5469564.000000
time : 1000.000061
