Parameters: GAD=1 vflib=1 dir=0 label=0 lowerbound=1 fileNameGp=../../cp2016-max-common-connected-subgraph-paper/datasets/graphsdb/mcs90/m2D/m2Dr4/mcs90_m2Dr4_s30.A03 fileNameGt=../../cp2016-max-common-connected-subgraph-paper/datasets/graphsdb/mcs90/m2D/m2Dr4/mcs90_m2Dr4_s30.B03
Reading graphs...
30 :  59
30 :  59
Initializing...
maxdom : 30
D->valSize : 900
Solving...
currentSize : 17 <-- 0.010713 s
currentSize : 18 <-- 0.010947 s
currentSize : 19 <-- 0.015152 s
currentSize : 20 <-- 0.357800 s
currentSize : 21 <-- 1.250948 s
currentSize : 22 <-- 1.394159 s
currentSize : 23 <-- 1.812873 s
currentSize : 24 <-- 1.888619 s
currentSize : 25 <-- 2.032526 s

maxsize : 25
nodes : 244697.000000
filtered : 6684031.000000
CCGP filtered : 1569757.000000
CCGT filtered : 598105.000000
time : 2.298260
