Parameters: GAD=1 vflib=1 dir=0 label=0 lowerbound=1 fileNameGp=../../cp2016-max-common-connected-subgraph-paper/datasets/graphsdb/mcs90/bvg/b09m/mcs90_b09m_s35.A03 fileNameGt=../../cp2016-max-common-connected-subgraph-paper/datasets/graphsdb/mcs90/bvg/b09m/mcs90_b09m_s35.B03
Reading graphs...
35 :  153
35 :  152
Initializing...
maxdom : 35
D->valSize : 1225
Solving...
currentSize : 11 <-- 0.018271 s
currentSize : 12 <-- 0.018517 s
currentSize : 13 <-- 0.022793 s
currentSize : 14 <-- 0.024615 s
currentSize : 15 <-- 0.042150 s
currentSize : 16 <-- 1.322393 s
currentSize : 17 <-- 15.151467 s
currentSize : 18 <-- 15.347534 s
currentSize : 19 <-- 15.500464 s
currentSize : 21 <-- 15.503263 s
currentSize : 23 <-- 15.889353 s
currentSize : 30 <-- 23.029337 s

maxsize : 30
nodes : 2005640.000000
filtered : 46538961.000000
CCGP filtered : 421609.000000
CCGT filtered : 485309.000000
time : 23.381672
