Parameters: GAD=1 vflib=1 dir=0 label=0 lowerbound=1 fileNameGp=../../cp2016-max-common-connected-subgraph-paper/datasets/graphsdb/mcs90/rand/r01/mcs90_r01_s30.A09 fileNameGt=../../cp2016-max-common-connected-subgraph-paper/datasets/graphsdb/mcs90/rand/r01/mcs90_r01_s30.B09
Reading graphs...
30 :  82
30 :  82
Initializing...
maxdom : 30
D->valSize : 900
Solving...
currentSize : 14 <-- 0.010328 s
currentSize : 15 <-- 0.014491 s
currentSize : 16 <-- 0.018416 s
currentSize : 17 <-- 0.284435 s
currentSize : 18 <-- 39.589161 s
currentSize : 19 <-- 39.591381 s
currentSize : 20 <-- 45.723286 s
currentSize : 21 <-- 58.442337 s
currentSize : 22 <-- 64.094925 s
currentSize : 25 <-- 65.402321 s
currentSize : 27 <-- 65.404205 s

maxsize : 27
nodes : 7177325.000000
filtered : 142327309.000000
CCGP filtered : 5381001.000000
CCGT filtered : 4717651.000000
time : 65.410950
