Parameters: GAD=1 vflib=1 dir=0 label=0 lowerbound=1 fileNameGp=../../cp2016-max-common-connected-subgraph-paper/datasets/graphsdb/mcs90/rand/r005/mcs90_r005_s30.A00 fileNameGt=../../cp2016-max-common-connected-subgraph-paper/datasets/graphsdb/mcs90/rand/r005/mcs90_r005_s30.B00
Reading graphs...
30 :  41
30 :  42
Initializing...
maxdom : 30
D->valSize : 900
Solving...
currentSize : 16 <-- 0.020036 s
currentSize : 17 <-- 0.020216 s
currentSize : 18 <-- 0.020293 s
currentSize : 19 <-- 0.028219 s
currentSize : 20 <-- 0.045016 s
currentSize : 21 <-- 0.192577 s
currentSize : 22 <-- 0.196675 s
currentSize : 23 <-- 0.205966 s
currentSize : 24 <-- 0.832609 s
currentSize : 25 <-- 0.993645 s
currentSize : 26 <-- 0.999419 s
currentSize : 27 <-- 1.001730 s

maxsize : 27
nodes : 89927.000000
filtered : 2469799.000000
CCGP filtered : 3572548.000000
CCGT filtered : 1217998.000000
time : 1.010150
