Parameters: GAD=1 vflib=1 dir=0 label=0 lowerbound=1 fileNameGp=../../cp2016-max-common-connected-subgraph-paper/datasets/graphsdb/mcs90/m2D/m2Dr4/mcs90_m2Dr4_s30.A06 fileNameGt=../../cp2016-max-common-connected-subgraph-paper/datasets/graphsdb/mcs90/m2D/m2Dr4/mcs90_m2Dr4_s30.B06
Reading graphs...
30 :  60
30 :  58
Initializing...
maxdom : 30
D->valSize : 900
Solving...
currentSize : 15 <-- 0.018503 s
currentSize : 16 <-- 0.019303 s
currentSize : 17 <-- 0.019915 s
currentSize : 18 <-- 0.081459 s
currentSize : 19 <-- 0.109171 s
currentSize : 20 <-- 7.510296 s
currentSize : 21 <-- 50.350185 s
currentSize : 23 <-- 53.975594 s
currentSize : 25 <-- 54.004471 s

maxsize : 25
nodes : 6267341.000000
filtered : 128648645.000000
CCGP filtered : 19748422.000000
CCGT filtered : 14281393.000000
time : 54.317001
