Parameters: GAD=1 vflib=1 dir=0 label=0 lowerbound=1 fileNameGp=../../cp2016-max-common-connected-subgraph-paper/datasets/graphsdb/mcs90/rand/r02/mcs90_r02_s30.A07 fileNameGt=../../cp2016-max-common-connected-subgraph-paper/datasets/graphsdb/mcs90/rand/r02/mcs90_r02_s30.B07
Reading graphs...
30 :  157
30 :  160
Initializing...
maxdom : 30
D->valSize : 900
Solving...
currentSize : 10 <-- 0.016099 s
currentSize : 11 <-- 0.018050 s
currentSize : 12 <-- 0.021994 s
currentSize : 13 <-- 0.089132 s
currentSize : 14 <-- 3.400284 s
currentSize : 15 <-- 8.433088 s
currentSize : 17 <-- 16.745930 s
currentSize : 18 <-- 18.238487 s
currentSize : 20 <-- 18.319201 s
currentSize : 27 <-- 18.319967 s

maxsize : 27
nodes : 1765472.000000
filtered : 21518270.000000
CCGP filtered : 17653.000000
CCGT filtered : 34107.000000
time : 18.348104
