Parameters: GAD=1 vflib=1 dir=0 label=0 lowerbound=1 fileNameGp=../../cp2016-max-common-connected-subgraph-paper/datasets/graphsdb/mcs90/bvg/b06/mcs90_b06_s35.A03 fileNameGt=../../cp2016-max-common-connected-subgraph-paper/datasets/graphsdb/mcs90/bvg/b06/mcs90_b06_s35.B03
Reading graphs...
35 :  105
35 :  105
Initializing...
maxdom : 35
D->valSize : 1225
Solving...
currentSize : 17 <-- 0.033667 s
currentSize : 18 <-- 0.033778 s
currentSize : 19 <-- 0.034129 s
currentSize : 20 <-- 0.034945 s
currentSize : 21 <-- 0.060427 s
currentSize : 22 <-- 0.076711 s
currentSize : 23 <-- 0.582293 s
currentSize : 24 <-- 1.235629 s
currentSize : 25 <-- 3.309778 s
currentSize : 26 <-- 3.558769 s
currentSize : 29 <-- 3.697573 s
currentSize : 31 <-- 3.698750 s

maxsize : 31
nodes : 398466.000000
filtered : 8774165.000000
CCGP filtered : 647229.000000
CCGT filtered : 353038.000000
time : 3.944399
