Parameters: GAD=1 vflib=1 dir=0 label=0 lowerbound=1 fileNameGp=../../cp2016-max-common-connected-subgraph-paper/datasets/graphsdb/mcs90/m3D/m3Dr6/mcs90_m3Dr6_s30.A09 fileNameGt=../../cp2016-max-common-connected-subgraph-paper/datasets/graphsdb/mcs90/m3D/m3Dr6/mcs90_m3Dr6_s30.B09
Reading graphs...
30 :  76
30 :  76
Initializing...
maxdom : 30
D->valSize : 900
Solving...
currentSize : 13 <-- 0.018359 s
currentSize : 14 <-- 0.018594 s
currentSize : 15 <-- 0.018679 s
currentSize : 16 <-- 0.019085 s
currentSize : 17 <-- 0.104208 s
currentSize : 18 <-- 1.603988 s
currentSize : 19 <-- 9.676344 s
currentSize : 20 <-- 52.348392 s
currentSize : 23 <-- 52.420696 s
currentSize : 27 <-- 53.394016 s

maxsize : 27
nodes : 6134325.000000
filtered : 111908112.000000
CCGP filtered : 3975392.000000
CCGT filtered : 2896300.000000
time : 53.428806
