Parameters: GAD=1 vflib=1 dir=0 label=0 lowerbound=1 fileNameGp=../../cp2016-max-common-connected-subgraph-paper/datasets/graphsdb/mcs90/m2D/m2Dr6/mcs90_m2Dr6_s30.A07 fileNameGt=../../cp2016-max-common-connected-subgraph-paper/datasets/graphsdb/mcs90/m2D/m2Dr6/mcs90_m2Dr6_s30.B07
Reading graphs...
30 :  66
30 :  64
Initializing...
maxdom : 30
D->valSize : 900
Solving...
currentSize : 13 <-- 0.010546 s
currentSize : 14 <-- 0.010675 s
currentSize : 15 <-- 0.012617 s
currentSize : 16 <-- 0.018021 s
currentSize : 17 <-- 0.018717 s
currentSize : 18 <-- 0.402300 s
currentSize : 19 <-- 5.933373 s
currentSize : 20 <-- 8.484616 s
currentSize : 21 <-- 14.656474 s
currentSize : 22 <-- 15.578257 s
currentSize : 23 <-- 15.578383 s
currentSize : 24 <-- 15.635440 s
currentSize : 25 <-- 15.635801 s

maxsize : 25
nodes : 1861106.000000
filtered : 37471231.000000
CCGP filtered : 4395861.000000
CCGT filtered : 3113079.000000
time : 16.244539
