Parameters: GAD=1 vflib=1 dir=0 label=0 lowerbound=1 fileNameGp=../../cp2016-max-common-connected-subgraph-paper/datasets/graphsdb/mcs90/bvg/b09m/mcs90_b09m_s20.A04 fileNameGt=../../cp2016-max-common-connected-subgraph-paper/datasets/graphsdb/mcs90/bvg/b09m/mcs90_b09m_s20.B04
Reading graphs...
20 :  87
20 :  86
Initializing...
maxdom : 20
D->valSize : 400
Solving...
currentSize : 7 <-- 0.002011 s
currentSize : 8 <-- 0.002032 s
currentSize : 9 <-- 0.002351 s
currentSize : 10 <-- 0.003886 s
currentSize : 11 <-- 0.031939 s
currentSize : 12 <-- 0.034967 s
currentSize : 13 <-- 0.167820 s
currentSize : 15 <-- 0.169834 s
currentSize : 18 <-- 0.170098 s

maxsize : 18
nodes : 23408.000000
filtered : 266491.000000
CCGP filtered : 43.000000
CCGT filtered : 2279.000000
time : 0.171524
