Parameters: GAD=1 vflib=1 dir=0 label=0 lowerbound=1 fileNameGp=../../cp2016-max-common-connected-subgraph-paper/datasets/graphsdb/mcs90/m2D/m2Dr2/mcs90_m2Dr2_s30.A03 fileNameGt=../../cp2016-max-common-connected-subgraph-paper/datasets/graphsdb/mcs90/m2D/m2Dr2/mcs90_m2Dr2_s30.B03
Reading graphs...
30 :  54
30 :  53
Initializing...
maxdom : 30
D->valSize : 900
Solving...
currentSize : 15 <-- 0.011214 s
currentSize : 17 <-- 0.011442 s
currentSize : 18 <-- 0.017567 s
currentSize : 19 <-- 0.032862 s
currentSize : 20 <-- 0.037072 s
currentSize : 21 <-- 0.044772 s
currentSize : 22 <-- 0.759531 s
currentSize : 23 <-- 3.676346 s
currentSize : 24 <-- 5.093261 s
currentSize : 26 <-- 5.093344 s

maxsize : 26
nodes : 597840.000000
filtered : 14600371.000000
CCGP filtered : 3112678.000000
CCGT filtered : 926186.000000
time : 5.198165
