Parameters: GAD=1 vflib=1 dir=0 label=0 lowerbound=1 fileNameGp=../../cp2016-max-common-connected-subgraph-paper/datasets/graphsdb/mcs90/m2D/m2D/mcs90_m2D_s50.A02 fileNameGt=../../cp2016-max-common-connected-subgraph-paper/datasets/graphsdb/mcs90/m2D/m2D/mcs90_m2D_s50.B02
Reading graphs...
50 :  85
50 :  85
Initializing...
maxdom : 50
D->valSize : 2500
Solving...
currentSize : 29 <-- 0.096531 s
currentSize : 32 <-- 0.096881 s
currentSize : 33 <-- 0.097713 s
currentSize : 34 <-- 0.101301 s
currentSize : 35 <-- 0.102450 s
currentSize : 36 <-- 0.111403 s
currentSize : 37 <-- 0.185005 s
currentSize : 38 <-- 5.394986 s
currentSize : 39 <-- 5.395243 s
currentSize : 41 <-- 9.960229 s
currentSize : 42 <-- 10.055511 s
currentSize : 43 <-- 10.070984 s
currentSize : 44 <-- 10.580698 s
currentSize : 45 <-- 11.060991 s
currentSize : 49 <-- 11.071054 s

maxsize : 49
nodes : 811528.000000
filtered : 26316552.000000
CCGP filtered : 9787407.000000
CCGT filtered : 2153329.000000
time : 11.081300
