Parameters: GAD=1 vflib=1 dir=0 label=0 lowerbound=1 fileNameGp=../../cp2016-max-common-connected-subgraph-paper/datasets/graphsdb/mcs90/bvg/b09m/mcs90_b09m_s30.A07 fileNameGt=../../cp2016-max-common-connected-subgraph-paper/datasets/graphsdb/mcs90/bvg/b09m/mcs90_b09m_s30.B07
Reading graphs...
30 :  128
30 :  130
Initializing...
maxdom : 30
D->valSize : 900
Solving...
currentSize : 10 <-- 0.009805 s
currentSize : 11 <-- 0.009903 s
currentSize : 12 <-- 0.011445 s
currentSize : 13 <-- 0.014875 s
currentSize : 14 <-- 0.020670 s
currentSize : 15 <-- 0.284722 s
currentSize : 16 <-- 38.844177 s
currentSize : 17 <-- 41.483528 s
currentSize : 18 <-- 42.033298 s
currentSize : 19 <-- 42.126976 s
currentSize : 20 <-- 43.283714 s
currentSize : 21 <-- 44.482082 s
currentSize : 24 <-- 45.009655 s
currentSize : 26 <-- 45.009937 s

maxsize : 26
nodes : 4679234.000000
filtered : 78011968.000000
CCGP filtered : 906347.000000
CCGT filtered : 717552.000000
time : 45.066681
