Parameters: GAD=1 vflib=1 dir=0 label=0 lowerbound=1 fileNameGp=../../cp2016-max-common-connected-subgraph-paper/datasets/graphsdb/mcs90/rand/r02/mcs90_r02_s40.A03 fileNameGt=../../cp2016-max-common-connected-subgraph-paper/datasets/graphsdb/mcs90/rand/r02/mcs90_r02_s40.B03
Reading graphs...
40 :  280
40 :  282
Initializing...
maxdom : 40
D->valSize : 1600
Solving...
currentSize : 10 <-- 0.052538 s
currentSize : 11 <-- 0.052688 s
currentSize : 12 <-- 0.053381 s
currentSize : 13 <-- 0.062117 s
currentSize : 14 <-- 0.319890 s
currentSize : 15 <-- 2.811657 s
currentSize : 16 <-- 8.048803 s
currentSize : 19 <-- 16.124428 s
currentSize : 20 <-- 139.684143 s
currentSize : 24 <-- 139.684341 s
currentSize : 26 <-- 160.392563 s
currentSize : 36 <-- 377.695190 s

maxsize : 36
nodes : 23164787.000000
filtered : 736660104.000000
CCGP filtered : 49043.000000
CCGT filtered : 48064.000000
time : 377.781433
