Parameters: GAD=1 vflib=1 dir=0 label=0 lowerbound=1 fileNameGp=../../cp2016-max-common-connected-subgraph-paper/datasets/graphsdb/mcs90/m2D/m2Dr4/mcs90_m2Dr4_s40.A08 fileNameGt=../../cp2016-max-common-connected-subgraph-paper/datasets/graphsdb/mcs90/m2D/m2Dr4/mcs90_m2Dr4_s40.B08
Reading graphs...
40 :  82
40 :  82
Initializing...
maxdom : 40
D->valSize : 1600
Solving...
currentSize : 22 <-- 0.060242 s
currentSize : 23 <-- 0.060505 s
currentSize : 24 <-- 0.077194 s
currentSize : 25 <-- 0.105393 s
currentSize : 26 <-- 0.105725 s
currentSize : 27 <-- 0.391937 s
currentSize : 28 <-- 2.438581 s
currentSize : 29 <-- 9.061081 s
currentSize : 30 <-- 9.062945 s
currentSize : 31 <-- 16.899658 s
currentSize : 32 <-- 25.207081 s
currentSize : 34 <-- 26.797415 s
currentSize : 36 <-- 26.798122 s

maxsize : 36
nodes : 2057390.000000
filtered : 92072240.000000
CCGP filtered : 29354547.000000
CCGT filtered : 4482011.000000
time : 26.957184
