Parameters: GAD=1 vflib=1 dir=0 label=0 lowerbound=1 fileNameGp=../../cp2016-max-common-connected-subgraph-paper/datasets/graphsdb/mcs90/m2D/m2Dr4/mcs90_m2Dr4_s30.A05 fileNameGt=../../cp2016-max-common-connected-subgraph-paper/datasets/graphsdb/mcs90/m2D/m2Dr4/mcs90_m2Dr4_s30.B05
Reading graphs...
30 :  60
30 :  59
Initializing...
maxdom : 30
D->valSize : 900
Solving...
currentSize : 12 <-- 0.018497 s
currentSize : 13 <-- 0.018542 s
currentSize : 14 <-- 0.018694 s
currentSize : 15 <-- 0.020116 s
currentSize : 17 <-- 0.030971 s
currentSize : 18 <-- 0.064616 s
currentSize : 21 <-- 0.138337 s
currentSize : 22 <-- 0.378319 s
currentSize : 24 <-- 0.378356 s
currentSize : 25 <-- 1.201135 s

maxsize : 25
nodes : 123784.000000
filtered : 4680324.000000
CCGP filtered : 396417.000000
CCGT filtered : 238997.000000
time : 1.255262
