Parameters: GAD=1 vflib=1 dir=0 label=0 lowerbound=1 fileNameGp=../../cp2016-max-common-connected-subgraph-paper/datasets/graphsdb/mcs90/bvg/b03/mcs90_b03_s30.A02 fileNameGt=../../cp2016-max-common-connected-subgraph-paper/datasets/graphsdb/mcs90/bvg/b03/mcs90_b03_s30.B02
Reading graphs...
30 :  45
30 :  45
Initializing...
maxdom : 30
D->valSize : 900
Solving...
currentSize : 14 <-- 0.011359 s
currentSize : 18 <-- 0.011435 s
currentSize : 19 <-- 0.011467 s
currentSize : 20 <-- 0.012001 s
currentSize : 21 <-- 0.013485 s
currentSize : 22 <-- 0.014301 s
currentSize : 23 <-- 0.015622 s
currentSize : 24 <-- 0.029937 s
currentSize : 26 <-- 0.091773 s
currentSize : 27 <-- 0.285879 s

maxsize : 27
nodes : 40335.000000
filtered : 982287.000000
CCGP filtered : 337576.000000
CCGT filtered : 95388.000000
time : 0.339534
