Parameters: GAD=1 vflib=1 dir=0 label=0 lowerbound=1 fileNameGp=../../cp2016-max-common-connected-subgraph-paper/datasets/graphsdb/mcs90/bvg/b06m/mcs90_b06m_s25.A02 fileNameGt=../../cp2016-max-common-connected-subgraph-paper/datasets/graphsdb/mcs90/bvg/b06m/mcs90_b06m_s25.B02
Reading graphs...
25 :  74
25 :  74
Initializing...
maxdom : 25
D->valSize : 625
Solving...
currentSize : 9 <-- 0.004859 s
currentSize : 10 <-- 0.004908 s
currentSize : 11 <-- 0.005057 s
currentSize : 12 <-- 0.007564 s
currentSize : 14 <-- 0.032627 s
currentSize : 15 <-- 0.160733 s
currentSize : 16 <-- 0.534173 s
currentSize : 17 <-- 0.797934 s
currentSize : 20 <-- 0.856416 s
currentSize : 22 <-- 0.895265 s

maxsize : 22
nodes : 110094.000000
filtered : 2297425.000000
CCGP filtered : 121075.000000
CCGT filtered : 53363.000000
time : 0.904104
