Parameters: GAD=1 vflib=1 dir=0 label=0 lowerbound=1 fileNameGp=../../cp2016-max-common-connected-subgraph-paper/datasets/graphsdb/mcs90/bvg/b09m/mcs90_b09m_s30.A05 fileNameGt=../../cp2016-max-common-connected-subgraph-paper/datasets/graphsdb/mcs90/bvg/b09m/mcs90_b09m_s30.B05
Reading graphs...
30 :  132
30 :  132
Initializing...
maxdom : 30
D->valSize : 900
Solving...
currentSize : 12 <-- 0.009626 s
currentSize : 13 <-- 0.009718 s
currentSize : 14 <-- 0.009770 s
currentSize : 15 <-- 0.011634 s
currentSize : 16 <-- 0.011697 s
currentSize : 18 <-- 0.110461 s
currentSize : 19 <-- 0.926101 s
currentSize : 21 <-- 1.681189 s
currentSize : 26 <-- 3.359321 s

maxsize : 26
nodes : 284151.000000
filtered : 10442079.000000
CCGP filtered : 10773.000000
CCGT filtered : 52989.000000
time : 3.420257
