Parameters: GAD=1 vflib=1 dir=0 label=0 lowerbound=1 fileNameGp=../../cp2016-max-common-connected-subgraph-paper/datasets/graphsdb/mcs90/bvg/b09m/mcs90_b09m_s40.A07 fileNameGt=../../cp2016-max-common-connected-subgraph-paper/datasets/graphsdb/mcs90/bvg/b09m/mcs90_b09m_s40.B07
Reading graphs...
40 :  173
40 :  173
Initializing...
maxdom : 40
D->valSize : 1600
Solving...
currentSize : 13 <-- 0.031720 s
currentSize : 14 <-- 0.031811 s
currentSize : 15 <-- 0.032606 s
currentSize : 16 <-- 0.033952 s
currentSize : 17 <-- 0.113472 s
currentSize : 18 <-- 0.250990 s
currentSize : 19 <-- 5.251780 s
currentSize : 20 <-- 148.732803 s
currentSize : 21 <-- 248.117249 s
currentSize : 22 <-- 553.392456 s
currentSize : 23 <-- 661.746338 s

TIMEOUT
maxsize : 23
nodes : 72709870.000000
filtered : 2141959671.000000
CCGP filtered : 16520412.000000
CCGT filtered : 25960624.000000
time : 1000.000000
