Parameters: GAD=1 vflib=1 dir=0 label=0 lowerbound=1 fileNameGp=../../cp2016-max-common-connected-subgraph-paper/datasets/graphsdb/mcs90/bvg/b03m/mcs90_b03m_s40.A09 fileNameGt=../../cp2016-max-common-connected-subgraph-paper/datasets/graphsdb/mcs90/bvg/b03m/mcs90_b03m_s40.B09
Reading graphs...
40 :  59
40 :  59
Initializing...
maxdom : 40
D->valSize : 1600
Solving...
currentSize : 22 <-- 0.061726 s
currentSize : 23 <-- 0.061781 s
currentSize : 24 <-- 0.072140 s
currentSize : 25 <-- 0.245541 s
currentSize : 26 <-- 0.245592 s
currentSize : 27 <-- 0.261977 s
currentSize : 28 <-- 4.288637 s
currentSize : 29 <-- 4.756591 s
currentSize : 30 <-- 17.967295 s
currentSize : 31 <-- 18.021463 s
currentSize : 32 <-- 56.589146 s
currentSize : 33 <-- 56.621498 s
currentSize : 36 <-- 57.095490 s

maxsize : 36
nodes : 4404264.000000
filtered : 141171861.000000
CCGP filtered : 119104197.000000
CCGT filtered : 62243109.000000
time : 57.430996
