Parameters: GAD=1 vflib=1 dir=0 label=0 lowerbound=1 fileNameGp=../../cp2016-max-common-connected-subgraph-paper/datasets/graphsdb/mcs90/bvg/b09/mcs90_b09_s35.A00 fileNameGt=../../cp2016-max-common-connected-subgraph-paper/datasets/graphsdb/mcs90/bvg/b09/mcs90_b09_s35.B00
Reading graphs...
35 :  157
35 :  157
Initializing...
maxdom : 35
D->valSize : 1225
Solving...
currentSize : 14 <-- 0.018069 s
currentSize : 15 <-- 0.020226 s
currentSize : 16 <-- 0.049752 s
currentSize : 17 <-- 0.053858 s
currentSize : 18 <-- 0.139696 s
currentSize : 22 <-- 1.081990 s
currentSize : 23 <-- 1.082465 s
currentSize : 26 <-- 1.082871 s
currentSize : 29 <-- 1.083976 s
currentSize : 30 <-- 1.084376 s

maxsize : 30
nodes : 147759.000000
filtered : 5294579.000000
CCGP filtered : 6750.000000
CCGT filtered : 21255.000000
time : 1.798145
