Parameters: GAD=1 vflib=1 dir=0 label=0 lowerbound=1 fileNameGp=../../cp2016-max-common-connected-subgraph-paper/datasets/graphsdb/mcs90/m2D/m2Dr2/mcs90_m2Dr2_s40.A08 fileNameGt=../../cp2016-max-common-connected-subgraph-paper/datasets/graphsdb/mcs90/m2D/m2Dr2/mcs90_m2Dr2_s40.B08
Reading graphs...
40 :  75
40 :  75
Initializing...
maxdom : 40
D->valSize : 1600
Solving...
currentSize : 21 <-- 0.035857 s
currentSize : 22 <-- 0.035924 s
currentSize : 23 <-- 0.036071 s
currentSize : 24 <-- 0.036264 s
currentSize : 26 <-- 0.036602 s
currentSize : 27 <-- 0.037008 s
currentSize : 28 <-- 0.039894 s
currentSize : 29 <-- 0.067841 s
currentSize : 30 <-- 13.746893 s
currentSize : 31 <-- 58.407398 s
currentSize : 33 <-- 58.408741 s
currentSize : 36 <-- 58.451771 s

maxsize : 36
nodes : 4534385.000000
filtered : 181850611.000000
CCGP filtered : 25561628.000000
CCGT filtered : 12981934.000000
time : 58.878643
