Parameters: GAD=1 vflib=1 dir=0 label=0 lowerbound=1 fileNameGp=../../cp2016-max-common-connected-subgraph-paper/datasets/graphsdb/mcs90/bvg/b03m/mcs90_b03m_s35.A06 fileNameGt=../../cp2016-max-common-connected-subgraph-paper/datasets/graphsdb/mcs90/bvg/b03m/mcs90_b03m_s35.B06
Reading graphs...
35 :  50
35 :  50
Initializing...
maxdom : 35
D->valSize : 1225
Solving...
currentSize : 14 <-- 0.020855 s
currentSize : 15 <-- 0.020898 s
currentSize : 17 <-- 0.020973 s
currentSize : 19 <-- 0.020996 s
currentSize : 20 <-- 0.031100 s
currentSize : 21 <-- 0.059354 s
currentSize : 22 <-- 0.059471 s
currentSize : 23 <-- 0.060713 s
currentSize : 24 <-- 0.060848 s
currentSize : 25 <-- 0.278527 s
currentSize : 26 <-- 9.872061 s
currentSize : 27 <-- 9.958555 s
currentSize : 29 <-- 9.974416 s
currentSize : 31 <-- 9.974671 s
currentSize : 32 <-- 9.974783 s

maxsize : 32
nodes : 972018.000000
filtered : 20730963.000000
CCGP filtered : 21058008.000000
CCGT filtered : 10939189.000000
time : 10.026072
