Parameters: GAD=1 vflib=1 dir=0 label=0 lowerbound=1 fileNameGp=../../cp2016-max-common-connected-subgraph-paper/datasets/graphsdb/mcs90/m2D/m2D/mcs90_m2D_s50.A04 fileNameGt=../../cp2016-max-common-connected-subgraph-paper/datasets/graphsdb/mcs90/m2D/m2D/mcs90_m2D_s50.B04
Reading graphs...
50 :  85
50 :  85
Initializing...
maxdom : 50
D->valSize : 2500
Solving...
currentSize : 34 <-- 0.119237 s
currentSize : 35 <-- 0.119419 s
currentSize : 36 <-- 0.119482 s
currentSize : 37 <-- 0.143599 s
currentSize : 38 <-- 0.443015 s
currentSize : 39 <-- 0.443031 s
currentSize : 40 <-- 1.133754 s
currentSize : 41 <-- 1.789707 s
currentSize : 42 <-- 2.140040 s
currentSize : 43 <-- 2.303047 s
currentSize : 44 <-- 2.384196 s
currentSize : 45 <-- 2.444061 s
currentSize : 46 <-- 3.310491 s
currentSize : 47 <-- 3.495634 s
currentSize : 49 <-- 3.496043 s
currentSize : 50 <-- 3.501797 s

maxsize : 50
nodes : 248406.000000
filtered : 8825997.000000
CCGP filtered : 2648396.000000
CCGT filtered : 794517.000000
time : 3.501887
