Parameters: GAD=1 vflib=1 dir=0 label=0 lowerbound=1 fileNameGp=../../cp2016-max-common-connected-subgraph-paper/datasets/graphsdb/mcs90/rand/r005/mcs90_r005_s40.A08 fileNameGt=../../cp2016-max-common-connected-subgraph-paper/datasets/graphsdb/mcs90/rand/r005/mcs90_r005_s40.B08
Reading graphs...
40 :  77
40 :  77
Initializing...
maxdom : 40
D->valSize : 1600
Solving...
currentSize : 14 <-- 0.065923 s
currentSize : 15 <-- 0.065984 s
currentSize : 16 <-- 0.066153 s
currentSize : 17 <-- 0.066610 s
currentSize : 18 <-- 0.067401 s
currentSize : 20 <-- 0.070561 s
currentSize : 21 <-- 0.104018 s
currentSize : 22 <-- 0.242947 s
currentSize : 23 <-- 0.741270 s
currentSize : 24 <-- 1.149047 s
currentSize : 25 <-- 3.738854 s
currentSize : 26 <-- 19.954996 s
currentSize : 27 <-- 402.188568 s
currentSize : 29 <-- 576.490967 s
currentSize : 30 <-- 576.979919 s
currentSize : 31 <-- 577.274963 s
currentSize : 32 <-- 577.288635 s
currentSize : 36 <-- 579.049438 s

maxsize : 36
nodes : 46449242.000000
filtered : 1375997317.000000
CCGP filtered : 403315783.000000
CCGT filtered : 293613176.000000
time : 579.212952
