Parameters: GAD=1 vflib=1 dir=0 label=0 lowerbound=1 fileNameGp=../../cp2016-max-common-connected-subgraph-paper/datasets/graphsdb/mcs90/bvg/b03m/mcs90_b03m_s30.A07 fileNameGt=../../cp2016-max-common-connected-subgraph-paper/datasets/graphsdb/mcs90/bvg/b03m/mcs90_b03m_s30.B07
Reading graphs...
30 :  45
30 :  45
Initializing...
maxdom : 30
D->valSize : 900
Solving...
currentSize : 13 <-- 0.011613 s
currentSize : 15 <-- 0.011875 s
currentSize : 16 <-- 0.011934 s
currentSize : 17 <-- 0.011975 s
currentSize : 18 <-- 0.012853 s
currentSize : 19 <-- 0.022200 s
currentSize : 20 <-- 0.022860 s
currentSize : 21 <-- 0.032432 s
currentSize : 22 <-- 0.151667 s
currentSize : 24 <-- 0.208171 s
currentSize : 26 <-- 0.216595 s

maxsize : 26
nodes : 31493.000000
filtered : 857097.000000
CCGP filtered : 755956.000000
CCGT filtered : 220551.000000
time : 0.316284
