Parameters: GAD=1 vflib=1 dir=0 label=0 lowerbound=1 fileNameGp=../../cp2016-max-common-connected-subgraph-paper/datasets/graphsdb/mcs90/rand/r01/mcs90_r01_s30.A00 fileNameGt=../../cp2016-max-common-connected-subgraph-paper/datasets/graphsdb/mcs90/rand/r01/mcs90_r01_s30.B00
Reading graphs...
30 :  84
30 :  84
Initializing...
maxdom : 30
D->valSize : 900
Solving...
currentSize : 13 <-- 0.010365 s
currentSize : 14 <-- 0.010577 s
currentSize : 15 <-- 0.011126 s
currentSize : 16 <-- 0.020094 s
currentSize : 17 <-- 0.044773 s
currentSize : 18 <-- 0.065305 s
currentSize : 19 <-- 9.420733 s
currentSize : 20 <-- 9.421566 s
currentSize : 22 <-- 10.891076 s
currentSize : 23 <-- 11.366418 s
currentSize : 26 <-- 11.672307 s
currentSize : 27 <-- 11.672418 s

maxsize : 27
nodes : 1181311.000000
filtered : 27929562.000000
CCGP filtered : 1498086.000000
CCGT filtered : 1823522.000000
time : 11.678779
