Parameters: GAD=1 vflib=1 dir=0 label=0 lowerbound=1 fileNameGp=../../cp2016-max-common-connected-subgraph-paper/datasets/graphsdb/mcs90/m2D/m2Dr2/mcs90_m2Dr2_s30.A02 fileNameGt=../../cp2016-max-common-connected-subgraph-paper/datasets/graphsdb/mcs90/m2D/m2Dr2/mcs90_m2Dr2_s30.B02
Reading graphs...
30 :  55
30 :  55
Initializing...
maxdom : 30
D->valSize : 900
Solving...
currentSize : 17 <-- 0.010822 s
currentSize : 18 <-- 0.010960 s
currentSize : 19 <-- 0.019521 s
currentSize : 20 <-- 0.071365 s
currentSize : 21 <-- 0.185108 s
currentSize : 22 <-- 0.985897 s
currentSize : 23 <-- 3.867848 s
currentSize : 24 <-- 3.918722 s
currentSize : 26 <-- 4.479220 s

maxsize : 26
nodes : 486314.000000
filtered : 13382504.000000
CCGP filtered : 4198991.000000
CCGT filtered : 1186122.000000
time : 4.545982
