Parameters: GAD=1 vflib=1 dir=0 label=0 lowerbound=1 fileNameGp=../../cp2016-max-common-connected-subgraph-paper/datasets/graphsdb/mcs90/bvg/b06/mcs90_b06_s40.A06 fileNameGt=../../cp2016-max-common-connected-subgraph-paper/datasets/graphsdb/mcs90/bvg/b06/mcs90_b06_s40.B06
Reading graphs...
40 :  120
40 :  120
Initializing...
maxdom : 40
D->valSize : 1600
Solving...
currentSize : 22 <-- 0.033932 s
currentSize : 24 <-- 0.034030 s
currentSize : 25 <-- 0.035455 s
currentSize : 26 <-- 0.038243 s
currentSize : 27 <-- 0.042884 s
currentSize : 28 <-- 0.061822 s
currentSize : 29 <-- 0.068512 s
currentSize : 30 <-- 0.074386 s
currentSize : 36 <-- 1.339372 s

maxsize : 36
nodes : 149110.000000
filtered : 5548023.000000
CCGP filtered : 382598.000000
CCGT filtered : 153381.000000
time : 1.915695
