Parameters: GAD=1 vflib=1 dir=0 label=0 lowerbound=1 fileNameGp=../../cp2016-max-common-connected-subgraph-paper/datasets/graphsdb/mcs90/m2D/m2Dr2/mcs90_m2Dr2_s50.A07 fileNameGt=../../cp2016-max-common-connected-subgraph-paper/datasets/graphsdb/mcs90/m2D/m2Dr2/mcs90_m2Dr2_s50.B07
Reading graphs...
50 :  94
50 :  94
Initializing...
maxdom : 50
D->valSize : 2500
Solving...
currentSize : 33 <-- 0.095671 s
currentSize : 35 <-- 0.095899 s
currentSize : 36 <-- 0.280749 s
currentSize : 37 <-- 0.280914 s
currentSize : 38 <-- 0.284731 s
currentSize : 39 <-- 17.512127 s
currentSize : 40 <-- 48.663605 s
currentSize : 41 <-- 94.190384 s
currentSize : 42 <-- 94.674309 s
currentSize : 49 <-- 109.355942 s

maxsize : 49
nodes : 6563102.000000
filtered : 339462208.000000
CCGP filtered : 27253237.000000
CCGT filtered : 10385560.000000
time : 109.359070
