Parameters: GAD=1 vflib=1 dir=0 label=0 lowerbound=1 fileNameGp=../../cp2016-max-common-connected-subgraph-paper/datasets/graphsdb/mcs90/m2D/m2Dr6/mcs90_m2Dr6_s40.A09 fileNameGt=../../cp2016-max-common-connected-subgraph-paper/datasets/graphsdb/mcs90/m2D/m2Dr6/mcs90_m2Dr6_s40.B09
Reading graphs...
40 :  91
40 :  90
Initializing...
maxdom : 40
D->valSize : 1600
Solving...
currentSize : 15 <-- 0.034854 s
currentSize : 17 <-- 0.034908 s
currentSize : 18 <-- 0.035097 s
currentSize : 19 <-- 0.035921 s
currentSize : 20 <-- 0.038574 s
currentSize : 21 <-- 0.041078 s
currentSize : 22 <-- 0.041234 s
currentSize : 23 <-- 1.926987 s
currentSize : 24 <-- 76.801323 s
currentSize : 25 <-- 872.928772 s
currentSize : 26 <-- 945.460571 s

TIMEOUT
maxsize : 26
nodes : 90616342.000000
filtered : 2025778003.000000
CCGP filtered : 314861099.000000
CCGT filtered : 227550209.000000
time : 1000.000000
