Parameters: GAD=1 vflib=1 dir=0 label=0 lowerbound=1 fileNameGp=../../cp2016-max-common-connected-subgraph-paper/datasets/graphsdb/mcs90/bvg/b06m/mcs90_b06m_s35.A03 fileNameGt=../../cp2016-max-common-connected-subgraph-paper/datasets/graphsdb/mcs90/bvg/b06m/mcs90_b06m_s35.B03
Reading graphs...
35 :  104
35 :  103
Initializing...
maxdom : 35
D->valSize : 1225
Solving...
currentSize : 15 <-- 0.033524 s
currentSize : 16 <-- 0.035766 s
currentSize : 17 <-- 0.046802 s
currentSize : 18 <-- 0.073428 s
currentSize : 19 <-- 0.276942 s
currentSize : 20 <-- 30.448792 s
currentSize : 21 <-- 52.601280 s
currentSize : 22 <-- 96.521812 s
currentSize : 24 <-- 149.856216 s
currentSize : 26 <-- 161.675674 s
currentSize : 27 <-- 163.399948 s
currentSize : 31 <-- 163.425201 s

maxsize : 31
nodes : 14814466.000000
filtered : 433329077.000000
CCGP filtered : 43857564.000000
CCGT filtered : 24693073.000000
time : 163.496994
