Parameters: GAD=1 vflib=1 dir=0 label=0 lowerbound=1 fileNameGp=../../cp2016-max-common-connected-subgraph-paper/datasets/graphsdb/mcs90/bvg/b09/mcs90_b09_s35.A07 fileNameGt=../../cp2016-max-common-connected-subgraph-paper/datasets/graphsdb/mcs90/bvg/b09/mcs90_b09_s35.B07
Reading graphs...
35 :  157
35 :  157
Initializing...
maxdom : 35
D->valSize : 1225
Solving...
currentSize : 11 <-- 0.018113 s
currentSize : 12 <-- 0.018149 s
currentSize : 13 <-- 0.018224 s
currentSize : 15 <-- 0.037343 s
currentSize : 16 <-- 0.109208 s
currentSize : 17 <-- 0.253971 s
currentSize : 18 <-- 0.254421 s
currentSize : 20 <-- 0.354044 s
currentSize : 21 <-- 0.365647 s
currentSize : 26 <-- 0.390301 s
currentSize : 29 <-- 0.427284 s
currentSize : 30 <-- 0.427855 s

maxsize : 30
nodes : 105863.000000
filtered : 5328590.000000
CCGP filtered : 6766.000000
CCGT filtered : 26927.000000
time : 1.349831
