Parameters: GAD=1 vflib=1 dir=0 label=0 lowerbound=1 fileNameGp=../../cp2016-max-common-connected-subgraph-paper/datasets/graphsdb/mcs90/rand/r005/mcs90_r005_s35.A07 fileNameGt=../../cp2016-max-common-connected-subgraph-paper/datasets/graphsdb/mcs90/rand/r005/mcs90_r005_s35.B07
Reading graphs...
35 :  58
35 :  56
Initializing...
maxdom : 35
D->valSize : 1225
Solving...
currentSize : 18 <-- 0.021226 s
currentSize : 19 <-- 0.021422 s
currentSize : 20 <-- 0.021592 s
currentSize : 21 <-- 0.022029 s
currentSize : 22 <-- 0.022414 s
currentSize : 23 <-- 0.022934 s
currentSize : 24 <-- 0.141478 s
currentSize : 25 <-- 0.189385 s
currentSize : 26 <-- 0.218672 s
currentSize : 29 <-- 0.498640 s
currentSize : 31 <-- 0.498768 s

maxsize : 31
nodes : 60321.000000
filtered : 1802980.000000
CCGP filtered : 338460.000000
CCGT filtered : 297957.000000
time : 0.650236
