Parameters: GAD=1 vflib=1 dir=0 label=0 lowerbound=1 fileNameGp=../../cp2016-max-common-connected-subgraph-paper/datasets/graphsdb/mcs90/bvg/b06/mcs90_b06_s40.A07 fileNameGt=../../cp2016-max-common-connected-subgraph-paper/datasets/graphsdb/mcs90/bvg/b06/mcs90_b06_s40.B07
Reading graphs...
40 :  120
40 :  120
Initializing...
maxdom : 40
D->valSize : 1600
Solving...
currentSize : 20 <-- 0.033493 s
currentSize : 21 <-- 0.033559 s
currentSize : 22 <-- 0.033677 s
currentSize : 23 <-- 0.034315 s
currentSize : 24 <-- 0.035553 s
currentSize : 25 <-- 0.056273 s
currentSize : 26 <-- 0.057887 s
currentSize : 27 <-- 0.061717 s
currentSize : 28 <-- 0.069912 s
currentSize : 29 <-- 0.103427 s
currentSize : 30 <-- 0.107994 s
currentSize : 31 <-- 0.118878 s
currentSize : 32 <-- 0.120366 s
currentSize : 34 <-- 0.131879 s
currentSize : 36 <-- 0.161140 s
currentSize : 37 <-- 0.334885 s

maxsize : 37
nodes : 31694.000000
filtered : 1316390.000000
CCGP filtered : 43860.000000
CCGT filtered : 21818.000000
time : 0.440128
