Parameters: GAD=1 vflib=1 dir=0 label=0 lowerbound=1 fileNameGp=../../cp2016-max-common-connected-subgraph-paper/datasets/graphsdb/mcs90/bvg/b09/mcs90_b09_s30.A09 fileNameGt=../../cp2016-max-common-connected-subgraph-paper/datasets/graphsdb/mcs90/bvg/b09/mcs90_b09_s30.B09
Reading graphs...
30 :  135
30 :  135
Initializing...
maxdom : 30
D->valSize : 900
Solving...
currentSize : 10 <-- 0.009472 s
currentSize : 11 <-- 0.009519 s
currentSize : 12 <-- 0.009629 s
currentSize : 13 <-- 0.012790 s
currentSize : 15 <-- 0.182079 s
currentSize : 17 <-- 0.182253 s
currentSize : 18 <-- 0.194093 s
currentSize : 19 <-- 0.260967 s
currentSize : 20 <-- 0.261555 s
currentSize : 22 <-- 0.288312 s
currentSize : 26 <-- 0.304109 s

maxsize : 26
nodes : 46773.000000
filtered : 1627943.000000
CCGP filtered : 3058.000000
CCGT filtered : 2390.000000
time : 0.510146
