Parameters: GAD=1 vflib=1 dir=0 label=0 lowerbound=1 fileNameGp=../../cp2016-max-common-connected-subgraph-paper/datasets/graphsdb/mcs90/bvg/b09m/mcs90_b09m_s35.A08 fileNameGt=../../cp2016-max-common-connected-subgraph-paper/datasets/graphsdb/mcs90/bvg/b09m/mcs90_b09m_s35.B08
Reading graphs...
35 :  151
35 :  151
Initializing...
maxdom : 35
D->valSize : 1225
Solving...
currentSize : 11 <-- 0.031347 s
currentSize : 12 <-- 0.031518 s
currentSize : 14 <-- 0.035196 s
currentSize : 15 <-- 0.055152 s
currentSize : 16 <-- 0.955415 s
currentSize : 17 <-- 2.125181 s
currentSize : 18 <-- 2.245899 s
currentSize : 19 <-- 3.796482 s
currentSize : 21 <-- 9.363223 s
currentSize : 22 <-- 10.476758 s
currentSize : 23 <-- 10.484946 s
currentSize : 30 <-- 17.179630 s

maxsize : 30
nodes : 1373609.000000
filtered : 44808707.000000
CCGP filtered : 455656.000000
CCGT filtered : 680949.000000
time : 17.482121
