Parameters: GAD=1 vflib=1 dir=0 label=0 lowerbound=1 fileNameGp=../../cp2016-max-common-connected-subgraph-paper/datasets/graphsdb/mcs90/rand/r005/mcs90_r005_s35.A04 fileNameGt=../../cp2016-max-common-connected-subgraph-paper/datasets/graphsdb/mcs90/rand/r005/mcs90_r005_s35.B04
Reading graphs...
35 :  57
35 :  57
Initializing...
maxdom : 35
D->valSize : 1225
Solving...
currentSize : 15 <-- 0.020691 s
currentSize : 16 <-- 0.020796 s
currentSize : 17 <-- 0.024584 s
currentSize : 18 <-- 0.024690 s
currentSize : 19 <-- 0.030995 s
currentSize : 20 <-- 0.088581 s
currentSize : 21 <-- 0.088719 s
currentSize : 22 <-- 0.959664 s
currentSize : 23 <-- 9.544837 s
currentSize : 24 <-- 11.981420 s
currentSize : 25 <-- 14.768259 s
currentSize : 29 <-- 14.995547 s
currentSize : 30 <-- 15.140584 s
currentSize : 31 <-- 15.163390 s

maxsize : 31
nodes : 1422282.000000
filtered : 30692170.000000
CCGP filtered : 16420404.000000
CCGT filtered : 13433355.000000
time : 15.188615
