Parameters: GAD=1 vflib=1 dir=0 label=0 lowerbound=1 fileNameGp=../../cp2016-max-common-connected-subgraph-paper/datasets/graphsdb/mcs90/bvg/b06/mcs90_b06_s35.A02 fileNameGt=../../cp2016-max-common-connected-subgraph-paper/datasets/graphsdb/mcs90/bvg/b06/mcs90_b06_s35.B02
Reading graphs...
35 :  105
35 :  105
Initializing...
maxdom : 35
D->valSize : 1225
Solving...
currentSize : 20 <-- 0.033992 s
currentSize : 22 <-- 0.034305 s
currentSize : 23 <-- 0.034328 s
currentSize : 24 <-- 0.034469 s
currentSize : 25 <-- 0.034626 s
currentSize : 26 <-- 0.034888 s
currentSize : 27 <-- 0.036707 s
currentSize : 29 <-- 0.048742 s
currentSize : 31 <-- 0.060100 s
currentSize : 32 <-- 0.117311 s

maxsize : 32
nodes : 12822.000000
filtered : 607007.000000
CCGP filtered : 36.000000
CCGT filtered : 6442.000000
time : 0.193895
