Parameters: GAD=1 vflib=1 dir=0 label=0 lowerbound=1 fileNameGp=../../cp2016-max-common-connected-subgraph-paper/datasets/graphsdb/mcs90/bvg/b06m/mcs90_b06m_s35.A00 fileNameGt=../../cp2016-max-common-connected-subgraph-paper/datasets/graphsdb/mcs90/bvg/b06m/mcs90_b06m_s35.B00
Reading graphs...
35 :  100
35 :  99
Initializing...
maxdom : 35
D->valSize : 1225
Solving...
currentSize : 15 <-- 0.019613 s
currentSize : 16 <-- 0.020007 s
currentSize : 17 <-- 0.020497 s
currentSize : 18 <-- 0.024079 s
currentSize : 19 <-- 0.042543 s
currentSize : 20 <-- 0.063583 s
currentSize : 21 <-- 0.145712 s
currentSize : 22 <-- 21.973944 s
currentSize : 23 <-- 23.080780 s
currentSize : 24 <-- 23.087540 s
currentSize : 25 <-- 23.131323 s
currentSize : 26 <-- 23.163273 s
currentSize : 27 <-- 23.604469 s
currentSize : 31 <-- 23.604977 s

maxsize : 31
nodes : 2115291.000000
filtered : 56242709.000000
CCGP filtered : 10632785.000000
CCGT filtered : 10186698.000000
time : 23.718504
