Parameters: GAD=1 vflib=1 dir=0 label=0 lowerbound=1 fileNameGp=../../cp2016-max-common-connected-subgraph-paper/datasets/graphsdb/mcs90/m2D/m2Dr6/mcs90_m2Dr6_s40.A02 fileNameGt=../../cp2016-max-common-connected-subgraph-paper/datasets/graphsdb/mcs90/m2D/m2Dr6/mcs90_m2Dr6_s40.B02
Reading graphs...
40 :  90
40 :  88
Initializing...
maxdom : 40
D->valSize : 1600
Solving...
currentSize : 20 <-- 0.035642 s
currentSize : 21 <-- 0.037137 s
currentSize : 22 <-- 0.080623 s
currentSize : 23 <-- 0.086744 s
currentSize : 24 <-- 0.213839 s
currentSize : 25 <-- 48.687962 s
currentSize : 26 <-- 173.405609 s
currentSize : 27 <-- 317.626190 s
currentSize : 28 <-- 505.449707 s
currentSize : 32 <-- 513.468994 s
currentSize : 36 <-- 513.469299 s

maxsize : 36
nodes : 43485992.000000
filtered : 1285199575.000000
CCGP filtered : 130692612.000000
CCGT filtered : 139760782.000000
time : 513.622131
