Parameters: GAD=1 vflib=1 dir=0 label=0 lowerbound=1 fileNameGp=../../cp2016-max-common-connected-subgraph-paper/datasets/graphsdb/mcs90/m2D/m2Dr2/mcs90_m2Dr2_s30.A07 fileNameGt=../../cp2016-max-common-connected-subgraph-paper/datasets/graphsdb/mcs90/m2D/m2Dr2/mcs90_m2Dr2_s30.B07
Reading graphs...
30 :  54
30 :  52
Initializing...
maxdom : 30
D->valSize : 900
Solving...
currentSize : 14 <-- 0.011183 s
currentSize : 15 <-- 0.011229 s
currentSize : 16 <-- 0.011325 s
currentSize : 17 <-- 0.011489 s
currentSize : 18 <-- 0.011952 s
currentSize : 19 <-- 0.015102 s
currentSize : 20 <-- 0.025983 s
currentSize : 21 <-- 0.569786 s
currentSize : 22 <-- 1.858689 s
currentSize : 23 <-- 1.888613 s
currentSize : 25 <-- 2.149083 s

maxsize : 25
nodes : 305079.000000
filtered : 7467357.000000
CCGP filtered : 1887285.000000
CCGT filtered : 1016725.000000
time : 2.681727
