Parameters: GAD=1 vflib=1 dir=0 label=0 lowerbound=1 fileNameGp=../../cp2016-max-common-connected-subgraph-paper/datasets/graphsdb/mcs90/m2D/m2Dr6/mcs90_m2Dr6_s40.A04 fileNameGt=../../cp2016-max-common-connected-subgraph-paper/datasets/graphsdb/mcs90/m2D/m2Dr6/mcs90_m2Dr6_s40.B04
Reading graphs...
40 :  91
40 :  91
Initializing...
maxdom : 40
D->valSize : 1600
Solving...
currentSize : 17 <-- 0.034719 s
currentSize : 21 <-- 0.034786 s
currentSize : 22 <-- 0.126210 s
currentSize : 23 <-- 1.440482 s
currentSize : 24 <-- 18.605970 s
currentSize : 25 <-- 22.546162 s
currentSize : 26 <-- 28.366812 s
currentSize : 27 <-- 91.386993 s
currentSize : 28 <-- 91.387886 s
currentSize : 29 <-- 124.888596 s
currentSize : 31 <-- 145.623489 s
currentSize : 34 <-- 145.803314 s
currentSize : 36 <-- 145.823425 s

maxsize : 36
nodes : 11725804.000000
filtered : 379258284.000000
CCGP filtered : 31795829.000000
CCGT filtered : 21047338.000000
time : 146.240143
