Parameters: GAD=1 vflib=1 dir=0 label=0 lowerbound=1 fileNameGp=../../cp2016-max-common-connected-subgraph-paper/datasets/graphsdb/mcs90/m2D/m2Dr2/mcs90_m2Dr2_s30.A01 fileNameGt=../../cp2016-max-common-connected-subgraph-paper/datasets/graphsdb/mcs90/m2D/m2Dr2/mcs90_m2Dr2_s30.B01
Reading graphs...
30 :  55
30 :  54
Initializing...
maxdom : 30
D->valSize : 900
Solving...
currentSize : 14 <-- 0.010709 s
currentSize : 15 <-- 0.011045 s
currentSize : 16 <-- 0.012025 s
currentSize : 17 <-- 0.012075 s
currentSize : 18 <-- 0.012422 s
currentSize : 19 <-- 0.019018 s
currentSize : 20 <-- 0.052987 s
currentSize : 21 <-- 2.506070 s
currentSize : 22 <-- 8.249661 s
currentSize : 23 <-- 8.252220 s
currentSize : 24 <-- 8.264751 s
currentSize : 26 <-- 9.168944 s

maxsize : 26
nodes : 1030404.000000
filtered : 22614304.000000
CCGP filtered : 4866609.000000
CCGT filtered : 2591719.000000
time : 9.256221
