Parameters: GAD=1 vflib=1 dir=0 label=0 lowerbound=1 fileNameGp=../../cp2016-max-common-connected-subgraph-paper/datasets/graphsdb/mcs90/bvg/b06m/mcs90_b06m_s20.A08 fileNameGt=../../cp2016-max-common-connected-subgraph-paper/datasets/graphsdb/mcs90/bvg/b06m/mcs90_b06m_s20.B08
Reading graphs...
20 :  58
20 :  58
Initializing...
maxdom : 20
D->valSize : 400
Solving...
currentSize : 8 <-- 0.002113 s
currentSize : 9 <-- 0.002156 s
currentSize : 10 <-- 0.002282 s
currentSize : 11 <-- 0.002331 s
currentSize : 12 <-- 0.187162 s
currentSize : 13 <-- 0.290535 s
currentSize : 14 <-- 0.292456 s
currentSize : 15 <-- 0.292541 s
currentSize : 18 <-- 0.292678 s

maxsize : 18
nodes : 46521.000000
filtered : 448346.000000
CCGP filtered : 21675.000000
CCGT filtered : 17641.000000
time : 0.294667
