Parameters: GAD=1 vflib=1 dir=0 label=0 lowerbound=1 fileNameGp=../../cp2016-max-common-connected-subgraph-paper/datasets/graphsdb/mcs90/rand/r02/mcs90_r02_s30.A03 fileNameGt=../../cp2016-max-common-connected-subgraph-paper/datasets/graphsdb/mcs90/rand/r02/mcs90_r02_s30.B03
Reading graphs...
30 :  157
30 :  155
Initializing...
maxdom : 30
D->valSize : 900
Solving...
currentSize : 10 <-- 0.009377 s
currentSize : 11 <-- 0.009940 s
currentSize : 12 <-- 0.010229 s
currentSize : 13 <-- 0.094717 s
currentSize : 14 <-- 12.867400 s
currentSize : 15 <-- 20.366669 s
currentSize : 16 <-- 20.369171 s
currentSize : 17 <-- 20.369312 s
currentSize : 18 <-- 20.371149 s
currentSize : 19 <-- 21.459312 s
currentSize : 27 <-- 21.461004 s

maxsize : 27
nodes : 2136974.000000
filtered : 22055029.000000
CCGP filtered : 233898.000000
CCGT filtered : 258521.000000
time : 21.482189
