Parameters: GAD=1 vflib=1 dir=0 label=0 lowerbound=1 fileNameGp=../../cp2016-max-common-connected-subgraph-paper/datasets/graphsdb/mcs90/bvg/b09m/mcs90_b09m_s40.A04 fileNameGt=../../cp2016-max-common-connected-subgraph-paper/datasets/graphsdb/mcs90/bvg/b09m/mcs90_b09m_s40.B04
Reading graphs...
40 :  176
40 :  174
Initializing...
maxdom : 40
D->valSize : 1600
Solving...
currentSize : 12 <-- 0.031640 s
currentSize : 13 <-- 0.031720 s
currentSize : 14 <-- 0.031971 s
currentSize : 15 <-- 0.033212 s
currentSize : 16 <-- 0.038444 s
currentSize : 17 <-- 0.140871 s
currentSize : 18 <-- 4.159854 s
currentSize : 19 <-- 8.010553 s
currentSize : 23 <-- 25.226908 s
currentSize : 26 <-- 28.644344 s
currentSize : 27 <-- 50.281311 s
currentSize : 31 <-- 59.731884 s
currentSize : 36 <-- 60.442722 s

maxsize : 36
nodes : 4191357.000000
filtered : 136742467.000000
CCGP filtered : 845337.000000
CCGT filtered : 1214688.000000
time : 60.583599
