Parameters: GAD=1 vflib=1 dir=0 label=0 lowerbound=1 fileNameGp=../../cp2016-max-common-connected-subgraph-paper/datasets/graphsdb/mcs90/bvg/b06/mcs90_b06_s30.A02 fileNameGt=../../cp2016-max-common-connected-subgraph-paper/datasets/graphsdb/mcs90/bvg/b06/mcs90_b06_s30.B02
Reading graphs...
30 :  89
30 :  90
Initializing...
maxdom : 30
D->valSize : 900
Solving...
currentSize : 18 <-- 0.011080 s
currentSize : 19 <-- 0.011193 s
currentSize : 20 <-- 0.011305 s
currentSize : 21 <-- 0.011498 s
currentSize : 22 <-- 0.011834 s
currentSize : 23 <-- 0.012045 s
currentSize : 24 <-- 0.015452 s
currentSize : 25 <-- 0.015526 s
currentSize : 27 <-- 0.015864 s

maxsize : 27
nodes : 8852.000000
filtered : 319661.000000
CCGP filtered : 3553.000000
CCGT filtered : 604.000000
time : 0.092883
