Parameters: GAD=1 vflib=1 dir=0 label=0 lowerbound=1 fileNameGp=../../cp2016-max-common-connected-subgraph-paper/datasets/graphsdb/mcs90/bvg/b06/mcs90_b06_s35.A01 fileNameGt=../../cp2016-max-common-connected-subgraph-paper/datasets/graphsdb/mcs90/bvg/b06/mcs90_b06_s35.B01
Reading graphs...
35 :  105
35 :  104
Initializing...
maxdom : 35
D->valSize : 1225
Solving...
currentSize : 15 <-- 0.033482 s
currentSize : 16 <-- 0.033672 s
currentSize : 17 <-- 0.033925 s
currentSize : 18 <-- 0.034389 s
currentSize : 19 <-- 0.035742 s
currentSize : 20 <-- 0.060776 s
currentSize : 21 <-- 0.061336 s
currentSize : 22 <-- 0.063413 s
currentSize : 23 <-- 0.064145 s
currentSize : 24 <-- 0.064517 s
currentSize : 25 <-- 0.081476 s
currentSize : 26 <-- 0.119992 s
currentSize : 27 <-- 0.121786 s
currentSize : 28 <-- 0.171510 s
currentSize : 29 <-- 0.171837 s
currentSize : 31 <-- 0.174417 s

maxsize : 31
nodes : 48825.000000
filtered : 1719050.000000
CCGP filtered : 18339.000000
CCGT filtered : 6909.000000
time : 0.684603
