Parameters: GAD=1 vflib=1 dir=0 label=0 lowerbound=1 fileNameGp=../../cp2016-max-common-connected-subgraph-paper/datasets/graphsdb/mcs90/rand/r005/mcs90_r005_s35.A00 fileNameGt=../../cp2016-max-common-connected-subgraph-paper/datasets/graphsdb/mcs90/rand/r005/mcs90_r005_s35.B00
Reading graphs...
35 :  57
35 :  56
Initializing...
maxdom : 35
D->valSize : 1225
Solving...
currentSize : 15 <-- 0.020940 s
currentSize : 16 <-- 0.021166 s
currentSize : 18 <-- 0.022302 s
currentSize : 19 <-- 0.022609 s
currentSize : 20 <-- 0.040506 s
currentSize : 21 <-- 0.088924 s
currentSize : 22 <-- 0.432889 s
currentSize : 23 <-- 11.488323 s
currentSize : 24 <-- 11.625930 s
currentSize : 25 <-- 12.097605 s
currentSize : 26 <-- 12.112721 s
currentSize : 28 <-- 12.233440 s
currentSize : 29 <-- 12.245317 s
currentSize : 31 <-- 12.269488 s

maxsize : 31
nodes : 1195139.000000
filtered : 25559083.000000
CCGP filtered : 24417296.000000
CCGT filtered : 11931770.000000
time : 12.378963
