Parameters: GAD=1 vflib=1 dir=0 label=0 lowerbound=1 fileNameGp=../../cp2016-max-common-connected-subgraph-paper/datasets/graphsdb/mcs90/rand/r02/mcs90_r02_s20.A08 fileNameGt=../../cp2016-max-common-connected-subgraph-paper/datasets/graphsdb/mcs90/rand/r02/mcs90_r02_s20.B08
Reading graphs...
20 :  67
20 :  70
Initializing...
maxdom : 20
D->valSize : 400
Solving...
currentSize : 7 <-- 0.002063 s
currentSize : 8 <-- 0.002089 s
currentSize : 9 <-- 0.002134 s
currentSize : 10 <-- 0.002533 s
currentSize : 11 <-- 0.023112 s
currentSize : 12 <-- 0.110368 s
currentSize : 13 <-- 0.451591 s
currentSize : 15 <-- 0.533627 s
currentSize : 18 <-- 0.534041 s

maxsize : 18
nodes : 77273.000000
filtered : 957888.000000
CCGP filtered : 4124.000000
CCGT filtered : 9282.000000
time : 0.534906
