Parameters: GAD=1 vflib=1 dir=0 label=0 lowerbound=1 fileNameGp=../../cp2016-max-common-connected-subgraph-paper/datasets/graphsdb/mcs90/m2D/m2D/mcs90_m2D_s50.A05 fileNameGt=../../cp2016-max-common-connected-subgraph-paper/datasets/graphsdb/mcs90/m2D/m2D/mcs90_m2D_s50.B05
Reading graphs...
50 :  85
50 :  85
Initializing...
maxdom : 50
D->valSize : 2500
Solving...
currentSize : 30 <-- 0.152584 s
currentSize : 31 <-- 0.152971 s
currentSize : 32 <-- 0.153680 s
currentSize : 33 <-- 0.153769 s
currentSize : 34 <-- 0.166969 s
currentSize : 35 <-- 0.188733 s
currentSize : 36 <-- 0.376442 s
currentSize : 37 <-- 1.003011 s
currentSize : 38 <-- 12.605618 s
currentSize : 39 <-- 58.371929 s
currentSize : 41 <-- 76.329849 s
currentSize : 42 <-- 114.384949 s
currentSize : 43 <-- 114.447464 s
currentSize : 44 <-- 114.755920 s
currentSize : 45 <-- 114.759041 s
currentSize : 46 <-- 114.794342 s
currentSize : 47 <-- 115.413651 s
currentSize : 49 <-- 115.414894 s

maxsize : 49
nodes : 7483608.000000
filtered : 258867640.000000
CCGP filtered : 150430352.000000
CCGT filtered : 58311520.000000
time : 115.416519
