Parameters: GAD=1 vflib=1 dir=0 label=0 lowerbound=1 fileNameGp=../../cp2016-max-common-connected-subgraph-paper/datasets/graphsdb/mcs90/bvg/b09/mcs90_b09_s35.A01 fileNameGt=../../cp2016-max-common-connected-subgraph-paper/datasets/graphsdb/mcs90/bvg/b09/mcs90_b09_s35.B01
Reading graphs...
35 :  155
35 :  155
Initializing...
maxdom : 35
D->valSize : 1225
Solving...
currentSize : 15 <-- 0.017967 s
currentSize : 16 <-- 0.018096 s
currentSize : 17 <-- 0.019516 s
currentSize : 18 <-- 0.019819 s
currentSize : 21 <-- 0.023918 s
currentSize : 22 <-- 0.054255 s
currentSize : 24 <-- 0.055830 s
currentSize : 26 <-- 0.194376 s
currentSize : 30 <-- 0.194559 s

maxsize : 30
nodes : 87455.000000
filtered : 5131135.000000
CCGP filtered : 165.000000
CCGT filtered : 2980.000000
time : 1.163568
