Parameters: GAD=1 vflib=1 dir=0 label=0 lowerbound=1 fileNameGp=../../cp2016-max-common-connected-subgraph-paper/datasets/graphsdb/mcs90/bvg/b09m/mcs90_b09m_s35.A01 fileNameGt=../../cp2016-max-common-connected-subgraph-paper/datasets/graphsdb/mcs90/bvg/b09m/mcs90_b09m_s35.B01
Reading graphs...
35 :  156
35 :  156
Initializing...
maxdom : 35
D->valSize : 1225
Solving...
currentSize : 13 <-- 0.018305 s
currentSize : 14 <-- 0.019528 s
currentSize : 15 <-- 0.037296 s
currentSize : 16 <-- 2.348955 s
currentSize : 17 <-- 5.899719 s
currentSize : 20 <-- 28.386087 s
currentSize : 21 <-- 64.498184 s
currentSize : 24 <-- 64.505775 s
currentSize : 25 <-- 72.235817 s
currentSize : 26 <-- 72.255600 s
currentSize : 30 <-- 72.255791 s

maxsize : 30
nodes : 5965592.000000
filtered : 156393331.000000
CCGP filtered : 1920397.000000
CCGT filtered : 2460591.000000
time : 72.574623
