Parameters: GAD=1 vflib=1 dir=0 label=0 lowerbound=1 fileNameGp=../../cp2016-max-common-connected-subgraph-paper/datasets/graphsdb/mcs90/rand/r01/mcs90_r01_s30.A01 fileNameGt=../../cp2016-max-common-connected-subgraph-paper/datasets/graphsdb/mcs90/rand/r01/mcs90_r01_s30.B01
Reading graphs...
30 :  82
30 :  82
Initializing...
maxdom : 30
D->valSize : 900
Solving...
currentSize : 12 <-- 0.010231 s
currentSize : 13 <-- 0.010306 s
currentSize : 14 <-- 0.010432 s
currentSize : 15 <-- 0.013563 s
currentSize : 16 <-- 0.042512 s
currentSize : 17 <-- 0.079623 s
currentSize : 19 <-- 0.080173 s
currentSize : 22 <-- 0.086425 s
currentSize : 23 <-- 0.092379 s
currentSize : 27 <-- 0.093712 s

maxsize : 27
nodes : 10469.000000
filtered : 187251.000000
CCGP filtered : 6535.000000
CCGT filtered : 10337.000000
time : 0.103882
