Parameters: GAD=1 vflib=1 dir=0 label=0 lowerbound=1 fileNameGp=../../cp2016-max-common-connected-subgraph-paper/datasets/graphsdb/mcs90/bvg/b09m/mcs90_b09m_s25.A01 fileNameGt=../../cp2016-max-common-connected-subgraph-paper/datasets/graphsdb/mcs90/bvg/b09m/mcs90_b09m_s25.B01
Reading graphs...
25 :  108
25 :  107
Initializing...
maxdom : 25
D->valSize : 625
Solving...
currentSize : 9 <-- 0.004535 s
currentSize : 10 <-- 0.004805 s
currentSize : 11 <-- 0.004863 s
currentSize : 12 <-- 0.041822 s
currentSize : 13 <-- 0.060393 s
currentSize : 14 <-- 0.086861 s
currentSize : 16 <-- 0.086955 s
currentSize : 19 <-- 0.117305 s
currentSize : 22 <-- 0.117459 s

maxsize : 22
nodes : 14861.000000
filtered : 254713.000000
CCGP filtered : 213.000000
CCGT filtered : 2245.000000
time : 0.131035
