Parameters: GAD=1 vflib=1 dir=0 label=0 lowerbound=1 fileNameGp=../../cp2016-max-common-connected-subgraph-paper/datasets/graphsdb/mcs90/bvg/b06m/mcs90_b06m_s35.A01 fileNameGt=../../cp2016-max-common-connected-subgraph-paper/datasets/graphsdb/mcs90/bvg/b06m/mcs90_b06m_s35.B01
Reading graphs...
35 :  99
35 :  101
Initializing...
maxdom : 35
D->valSize : 1225
Solving...
currentSize : 19 <-- 0.019572 s
currentSize : 20 <-- 0.033045 s
currentSize : 21 <-- 2.368719 s
currentSize : 22 <-- 18.918188 s
currentSize : 23 <-- 19.656849 s
currentSize : 24 <-- 20.791838 s
currentSize : 25 <-- 20.848633 s
currentSize : 27 <-- 26.627716 s
currentSize : 32 <-- 26.627872 s

maxsize : 32
nodes : 2413541.000000
filtered : 74324882.000000
CCGP filtered : 6393975.000000
CCGT filtered : 3634875.000000
time : 26.663000
