Parameters: GAD=1 vflib=1 dir=0 label=0 lowerbound=1 fileNameGp=../../cp2016-max-common-connected-subgraph-paper/datasets/graphsdb/mcs90/m3D/m3Dr4/mcs90_m3Dr4_s30.A05 fileNameGt=../../cp2016-max-common-connected-subgraph-paper/datasets/graphsdb/mcs90/m3D/m3Dr4/mcs90_m3Dr4_s30.B05
Reading graphs...
30 :  73
30 :  73
Initializing...
maxdom : 30
D->valSize : 900
Solving...
currentSize : 14 <-- 0.010299 s
currentSize : 16 <-- 0.010402 s
currentSize : 17 <-- 0.010600 s
currentSize : 18 <-- 0.029788 s
currentSize : 19 <-- 1.665589 s
currentSize : 20 <-- 1.695411 s
currentSize : 22 <-- 5.989916 s
currentSize : 23 <-- 12.252423 s
currentSize : 27 <-- 12.265936 s

maxsize : 27
nodes : 1321111.000000
filtered : 34676918.000000
CCGP filtered : 757988.000000
CCGT filtered : 604965.000000
time : 12.302632
