Parameters: GAD=1 vflib=1 dir=0 label=0 lowerbound=1 fileNameGp=../../cp2016-max-common-connected-subgraph-paper/datasets/graphsdb/mcs90/bvg/b06/mcs90_b06_s30.A05 fileNameGt=../../cp2016-max-common-connected-subgraph-paper/datasets/graphsdb/mcs90/bvg/b06/mcs90_b06_s30.B05
Reading graphs...
30 :  90
30 :  89
Initializing...
maxdom : 30
D->valSize : 900
Solving...
currentSize : 19 <-- 0.018377 s
currentSize : 20 <-- 0.022614 s
currentSize : 21 <-- 0.025945 s
currentSize : 22 <-- 0.046919 s
currentSize : 23 <-- 0.048019 s
currentSize : 24 <-- 0.048136 s
currentSize : 25 <-- 0.048830 s
currentSize : 26 <-- 0.048943 s
currentSize : 27 <-- 0.075596 s

maxsize : 27
nodes : 7109.000000
filtered : 237095.000000
CCGP filtered : 2170.000000
CCGT filtered : 143.000000
time : 0.094017
