Parameters: GAD=1 vflib=1 dir=0 label=0 lowerbound=1 fileNameGp=../../cp2016-max-common-connected-subgraph-paper/datasets/graphsdb/mcs90/m2D/m2Dr6/mcs90_m2Dr6_s40.A08 fileNameGt=../../cp2016-max-common-connected-subgraph-paper/datasets/graphsdb/mcs90/m2D/m2Dr6/mcs90_m2Dr6_s40.B08
Reading graphs...
40 :  91
40 :  91
Initializing...
maxdom : 40
D->valSize : 1600
Solving...
currentSize : 18 <-- 0.062669 s
currentSize : 19 <-- 0.063042 s
currentSize : 20 <-- 0.065625 s
currentSize : 21 <-- 0.065709 s
currentSize : 22 <-- 0.090306 s
currentSize : 23 <-- 0.231888 s
currentSize : 24 <-- 1.119639 s
currentSize : 25 <-- 19.346285 s
currentSize : 27 <-- 254.778534 s
currentSize : 28 <-- 328.229523 s
currentSize : 29 <-- 328.237732 s
currentSize : 30 <-- 328.421967 s
currentSize : 31 <-- 348.274567 s
currentSize : 32 <-- 348.284698 s
currentSize : 34 <-- 355.335205 s
currentSize : 36 <-- 355.344147 s

maxsize : 36
nodes : 31109214.000000
filtered : 898314803.000000
CCGP filtered : 145265094.000000
CCGT filtered : 72945959.000000
time : 355.609894
