Parameters: GAD=1 vflib=1 dir=0 label=0 lowerbound=1 fileNameGp=../../cp2016-max-common-connected-subgraph-paper/datasets/graphsdb/mcs90/m2D/m2D/mcs90_m2D_s20.A08 fileNameGt=../../cp2016-max-common-connected-subgraph-paper/datasets/graphsdb/mcs90/m2D/m2D/mcs90_m2D_s20.B08
Reading graphs...
20 :  31
20 :  31
Initializing...
maxdom : 20
D->valSize : 400
Solving...
currentSize : 9 <-- 0.002241 s
currentSize : 10 <-- 0.002270 s
currentSize : 11 <-- 0.002435 s
currentSize : 12 <-- 0.002563 s
currentSize : 13 <-- 0.003924 s
currentSize : 14 <-- 0.004075 s
currentSize : 15 <-- 0.015712 s
currentSize : 16 <-- 0.023188 s
currentSize : 17 <-- 0.025049 s

maxsize : 17
nodes : 6442.000000
filtered : 103287.000000
CCGP filtered : 15664.000000
CCGT filtered : 9197.000000
time : 0.039547
