Parameters: GAD=1 vflib=1 dir=0 label=0 lowerbound=1 fileNameGp=../../cp2016-max-common-connected-subgraph-paper/datasets/graphsdb/mcs90/bvg/b06/mcs90_b06_s25.A02 fileNameGt=../../cp2016-max-common-connected-subgraph-paper/datasets/graphsdb/mcs90/bvg/b06/mcs90_b06_s25.B02
Reading graphs...
25 :  75
25 :  75
Initializing...
maxdom : 25
D->valSize : 625
Solving...
currentSize : 11 <-- 0.004993 s
currentSize : 13 <-- 0.005141 s
currentSize : 14 <-- 0.005453 s
currentSize : 15 <-- 0.005881 s
currentSize : 16 <-- 0.007815 s
currentSize : 17 <-- 0.008274 s
currentSize : 19 <-- 0.010074 s
currentSize : 20 <-- 0.011145 s
currentSize : 22 <-- 0.012679 s

maxsize : 22
nodes : 2776.000000
filtered : 89992.000000
CCGP filtered : 1323.000000
CCGT filtered : 148.000000
time : 0.026953
