Parameters: GAD=1 vflib=1 dir=0 label=0 lowerbound=1 fileNameGp=../../cp2016-max-common-connected-subgraph-paper/datasets/graphsdb/mcs90/m3D/m3Dr4/mcs90_m3Dr4_s30.A01 fileNameGt=../../cp2016-max-common-connected-subgraph-paper/datasets/graphsdb/mcs90/m3D/m3Dr4/mcs90_m3Dr4_s30.B01
Reading graphs...
30 :  71
30 :  72
Initializing...
maxdom : 30
D->valSize : 900
Solving...
currentSize : 15 <-- 0.018540 s
currentSize : 16 <-- 0.018719 s
currentSize : 17 <-- 0.018932 s
currentSize : 18 <-- 0.302866 s
currentSize : 20 <-- 3.383288 s
currentSize : 21 <-- 5.494732 s
currentSize : 22 <-- 5.550138 s
currentSize : 23 <-- 9.619522 s
currentSize : 24 <-- 9.622446 s
currentSize : 25 <-- 9.916489 s
currentSize : 27 <-- 9.916589 s

maxsize : 27
nodes : 1094168.000000
filtered : 26544193.000000
CCGP filtered : 1368866.000000
CCGT filtered : 669390.000000
time : 9.946816
