Parameters: GAD=1 vflib=1 dir=0 label=0 lowerbound=1 fileNameGp=../../cp2016-max-common-connected-subgraph-paper/datasets/graphsdb/mcs90/m3D/m3Dr2/mcs90_m3Dr2_s30.A01 fileNameGt=../../cp2016-max-common-connected-subgraph-paper/datasets/graphsdb/mcs90/m3D/m3Dr2/mcs90_m3Dr2_s30.B01
Reading graphs...
30 :  64
30 :  66
Initializing...
maxdom : 30
D->valSize : 900
Solving...
currentSize : 17 <-- 0.010524 s
currentSize : 18 <-- 0.010565 s
currentSize : 19 <-- 0.011456 s
currentSize : 20 <-- 0.015415 s
currentSize : 21 <-- 0.016004 s
currentSize : 22 <-- 0.017637 s
currentSize : 23 <-- 0.020636 s
currentSize : 24 <-- 0.022985 s
currentSize : 26 <-- 0.024798 s
currentSize : 28 <-- 0.025053 s

maxsize : 28
nodes : 2349.000000
filtered : 62298.000000
CCGP filtered : 2035.000000
CCGT filtered : 229.000000
time : 0.030037
