Parameters: GAD=1 vflib=1 dir=0 label=0 lowerbound=1 fileNameGp=../../cp2016-max-common-connected-subgraph-paper/datasets/graphsdb/mcs90/m2D/m2Dr2/mcs90_m2Dr2_s50.A09 fileNameGt=../../cp2016-max-common-connected-subgraph-paper/datasets/graphsdb/mcs90/m2D/m2Dr2/mcs90_m2Dr2_s50.B09
Reading graphs...
50 :  95
50 :  95
Initializing...
maxdom : 50
D->valSize : 2500
Solving...
currentSize : 28 <-- 0.096773 s
currentSize : 29 <-- 0.097009 s
currentSize : 32 <-- 0.099306 s
currentSize : 33 <-- 0.118901 s
currentSize : 34 <-- 0.140964 s
currentSize : 35 <-- 0.141028 s
currentSize : 36 <-- 183.930939 s
currentSize : 37 <-- 189.629883 s
currentSize : 38 <-- 590.203735 s
currentSize : 39 <-- 838.869812 s
currentSize : 40 <-- 951.562256 s
currentSize : 41 <-- 972.938171 s
currentSize : 42 <-- 977.479431 s
currentSize : 43 <-- 978.581360 s
currentSize : 44 <-- 978.698242 s
currentSize : 46 <-- 978.915344 s
currentSize : 49 <-- 979.304016 s

maxsize : 49
nodes : 65039469.000000
filtered : 2556532278.000000
CCGP filtered : 610498983.000000
CCGT filtered : 305443401.000000
time : 979.305725
