Parameters: GAD=1 vflib=1 dir=0 label=0 lowerbound=1 fileNameGp=../../cp2016-max-common-connected-subgraph-paper/datasets/graphsdb/mcs90/bvg/b06m/mcs90_b06m_s35.A02 fileNameGt=../../cp2016-max-common-connected-subgraph-paper/datasets/graphsdb/mcs90/bvg/b06m/mcs90_b06m_s35.B02
Reading graphs...
35 :  103
35 :  103
Initializing...
maxdom : 35
D->valSize : 1225
Solving...
currentSize : 14 <-- 0.019106 s
currentSize : 15 <-- 0.019551 s
currentSize : 16 <-- 0.023070 s
currentSize : 17 <-- 0.082903 s
currentSize : 18 <-- 0.551915 s
currentSize : 19 <-- 0.966926 s
currentSize : 20 <-- 44.592892 s
currentSize : 21 <-- 97.188423 s
currentSize : 22 <-- 129.551041 s
currentSize : 23 <-- 153.037674 s
currentSize : 25 <-- 153.106842 s
currentSize : 27 <-- 153.470108 s
currentSize : 29 <-- 153.737762 s
currentSize : 31 <-- 154.025726 s

maxsize : 31
nodes : 14147853.000000
filtered : 351222086.000000
CCGP filtered : 41757461.000000
CCGT filtered : 34171578.000000
time : 154.064102
