Parameters: GAD=1 vflib=1 dir=0 label=0 lowerbound=1 fileNameGp=../../cp2016-max-common-connected-subgraph-paper/datasets/graphsdb/mcs90/rand/r005/mcs90_r005_s35.A02 fileNameGt=../../cp2016-max-common-connected-subgraph-paper/datasets/graphsdb/mcs90/rand/r005/mcs90_r005_s35.B02
Reading graphs...
35 :  56
35 :  56
Initializing...
maxdom : 35
D->valSize : 1225
Solving...
currentSize : 15 <-- 0.021563 s
currentSize : 16 <-- 0.021594 s
currentSize : 17 <-- 0.025132 s
currentSize : 19 <-- 0.039008 s
currentSize : 20 <-- 0.052572 s
currentSize : 21 <-- 0.500837 s
currentSize : 22 <-- 1.053135 s
currentSize : 23 <-- 2.080567 s
currentSize : 24 <-- 5.315279 s
currentSize : 25 <-- 5.315372 s
currentSize : 26 <-- 7.592433 s
currentSize : 27 <-- 15.713698 s
currentSize : 28 <-- 15.715342 s
currentSize : 29 <-- 15.715421 s
currentSize : 30 <-- 15.731510 s
currentSize : 31 <-- 15.731567 s

maxsize : 31
nodes : 1461772.000000
filtered : 39251022.000000
CCGP filtered : 23801304.000000
CCGT filtered : 13309759.000000
time : 15.853093
