Parameters: GAD=1 vflib=1 dir=0 label=0 lowerbound=1 fileNameGp=../../cp2016-max-common-connected-subgraph-paper/datasets/graphsdb/mcs90/rand/r005/mcs90_r005_s30.A03 fileNameGt=../../cp2016-max-common-connected-subgraph-paper/datasets/graphsdb/mcs90/rand/r005/mcs90_r005_s30.B03
Reading graphs...
30 :  41
30 :  42
Initializing...
maxdom : 30
D->valSize : 900
Solving...
currentSize : 13 <-- 0.019254 s
currentSize : 14 <-- 0.019338 s
currentSize : 15 <-- 0.019509 s
currentSize : 16 <-- 0.019816 s
currentSize : 17 <-- 0.021603 s
currentSize : 18 <-- 0.027637 s
currentSize : 19 <-- 0.028743 s
currentSize : 20 <-- 0.391286 s
currentSize : 21 <-- 0.391370 s
currentSize : 22 <-- 0.431780 s
currentSize : 24 <-- 0.535642 s
currentSize : 26 <-- 0.535864 s
currentSize : 27 <-- 0.535907 s

maxsize : 27
nodes : 61145.000000
filtered : 942614.000000
CCGP filtered : 794394.000000
CCGT filtered : 389216.000000
time : 0.555240
