Parameters: GAD=1 vflib=1 dir=0 label=0 lowerbound=1 fileNameGp=../../cp2016-max-common-connected-subgraph-paper/datasets/graphsdb/mcs90/rand/r005/mcs90_r005_s50.A02 fileNameGt=../../cp2016-max-common-connected-subgraph-paper/datasets/graphsdb/mcs90/rand/r005/mcs90_r005_s50.B02
Reading graphs...
50 :  119
50 :  120
Initializing...
maxdom : 50
D->valSize : 2500
Solving...
currentSize : 21 <-- 0.093674 s
currentSize : 22 <-- 0.094867 s
currentSize : 23 <-- 0.099370 s
currentSize : 24 <-- 0.268556 s
currentSize : 25 <-- 0.274954 s
currentSize : 26 <-- 0.425714 s
currentSize : 27 <-- 0.575434 s
currentSize : 28 <-- 0.592723 s
currentSize : 29 <-- 2.265137 s
currentSize : 30 <-- 61.261787 s

TIMEOUT
maxsize : 30
nodes : 61866510.000000
filtered : 2047281869.000000
CCGP filtered : 635760900.000000
CCGT filtered : 407571883.000000
time : 1000.000061
