Parameters: GAD=1 vflib=1 dir=0 label=0 lowerbound=1 fileNameGp=../../cp2016-max-common-connected-subgraph-paper/datasets/graphsdb/mcs90/bvg/b06m/mcs90_b06m_s20.A07 fileNameGt=../../cp2016-max-common-connected-subgraph-paper/datasets/graphsdb/mcs90/bvg/b06m/mcs90_b06m_s20.B07
Reading graphs...
20 :  55
20 :  54
Initializing...
maxdom : 20
D->valSize : 400
Solving...
currentSize : 9 <-- 0.003446 s
currentSize : 10 <-- 0.003655 s
currentSize : 11 <-- 0.004405 s
currentSize : 12 <-- 0.005613 s
currentSize : 13 <-- 0.013877 s
currentSize : 14 <-- 0.151420 s
currentSize : 15 <-- 0.176479 s
currentSize : 17 <-- 0.177510 s
currentSize : 18 <-- 0.177615 s

maxsize : 18
nodes : 21016.000000
filtered : 307128.000000
CCGP filtered : 9161.000000
CCGT filtered : 2537.000000
time : 0.180648
