Parameters: GAD=1 vflib=1 dir=0 label=0 lowerbound=1 fileNameGp=../../cp2016-max-common-connected-subgraph-paper/datasets/graphsdb/mcs90/m2D/m2Dr6/mcs90_m2Dr6_s30.A01 fileNameGt=../../cp2016-max-common-connected-subgraph-paper/datasets/graphsdb/mcs90/m2D/m2Dr6/mcs90_m2Dr6_s30.B01
Reading graphs...
30 :  65
30 :  65
Initializing...
maxdom : 30
D->valSize : 900
Solving...
currentSize : 13 <-- 0.011366 s
currentSize : 14 <-- 0.011490 s
currentSize : 15 <-- 0.011618 s
currentSize : 16 <-- 0.020958 s
currentSize : 17 <-- 0.059816 s
currentSize : 18 <-- 0.143170 s
currentSize : 19 <-- 2.369342 s
currentSize : 20 <-- 8.035963 s
currentSize : 21 <-- 12.507380 s
currentSize : 22 <-- 14.832291 s
currentSize : 25 <-- 14.915293 s

maxsize : 25
nodes : 1689623.000000
filtered : 36392695.000000
CCGP filtered : 4616412.000000
CCGT filtered : 3682241.000000
time : 15.049706
