Parameters: GAD=1 vflib=1 dir=0 label=0 lowerbound=1 fileNameGp=../../cp2016-max-common-connected-subgraph-paper/datasets/graphsdb/mcs90/m3D/m3Dr4/mcs90_m3Dr4_s30.A06 fileNameGt=../../cp2016-max-common-connected-subgraph-paper/datasets/graphsdb/mcs90/m3D/m3Dr4/mcs90_m3Dr4_s30.B06
Reading graphs...
30 :  70
30 :  70
Initializing...
maxdom : 30
D->valSize : 900
Solving...
currentSize : 12 <-- 0.018742 s
currentSize : 13 <-- 0.019071 s
currentSize : 14 <-- 0.019221 s
currentSize : 15 <-- 0.022244 s
currentSize : 16 <-- 0.022686 s
currentSize : 17 <-- 0.023439 s
currentSize : 18 <-- 0.099517 s
currentSize : 19 <-- 1.741780 s
currentSize : 20 <-- 5.133978 s
currentSize : 21 <-- 7.997538 s
currentSize : 23 <-- 8.563674 s
currentSize : 27 <-- 8.626749 s

maxsize : 27
nodes : 991206.000000
filtered : 18401138.000000
CCGP filtered : 951926.000000
CCGT filtered : 581139.000000
time : 8.668332
