Parameters: GAD=1 vflib=1 dir=0 label=0 lowerbound=1 fileNameGp=../../cp2016-max-common-connected-subgraph-paper/datasets/graphsdb/mcs90/bvg/b09m/mcs90_b09m_s30.A06 fileNameGt=../../cp2016-max-common-connected-subgraph-paper/datasets/graphsdb/mcs90/bvg/b09m/mcs90_b09m_s30.B06
Reading graphs...
30 :  128
30 :  127
Initializing...
maxdom : 30
D->valSize : 900
Solving...
currentSize : 11 <-- 0.009542 s
currentSize : 12 <-- 0.010536 s
currentSize : 13 <-- 0.013888 s
currentSize : 14 <-- 0.057198 s
currentSize : 15 <-- 0.088002 s
currentSize : 16 <-- 6.017992 s
currentSize : 17 <-- 6.048724 s
currentSize : 19 <-- 12.704142 s
currentSize : 20 <-- 22.161493 s
currentSize : 21 <-- 22.774591 s
currentSize : 26 <-- 24.124376 s

maxsize : 26
nodes : 2267937.000000
filtered : 58278706.000000
CCGP filtered : 341805.000000
CCGT filtered : 348693.000000
time : 24.138655
