Parameters: GAD=1 vflib=1 dir=0 label=0 lowerbound=1 fileNameGp=../../cp2016-max-common-connected-subgraph-paper/datasets/graphsdb/mcs90/bvg/b06m/mcs90_b06m_s35.A09 fileNameGt=../../cp2016-max-common-connected-subgraph-paper/datasets/graphsdb/mcs90/bvg/b06m/mcs90_b06m_s35.B09
Reading graphs...
35 :  104
35 :  103
Initializing...
maxdom : 35
D->valSize : 1225
Solving...
currentSize : 13 <-- 0.019095 s
currentSize : 14 <-- 0.019132 s
currentSize : 15 <-- 0.019270 s
currentSize : 16 <-- 0.019748 s
currentSize : 17 <-- 0.022811 s
currentSize : 18 <-- 0.036527 s
currentSize : 19 <-- 0.341294 s
currentSize : 20 <-- 57.939465 s
currentSize : 21 <-- 203.790390 s
currentSize : 22 <-- 274.025391 s
currentSize : 31 <-- 274.575104 s

maxsize : 31
nodes : 25374096.000000
filtered : 617124976.000000
CCGP filtered : 63042400.000000
CCGT filtered : 37112873.000000
time : 274.692535
