Parameters: GAD=1 vflib=1 dir=0 label=0 lowerbound=1 fileNameGp=../../cp2016-max-common-connected-subgraph-paper/datasets/graphsdb/mcs90/bvg/b06/mcs90_b06_s50.A01 fileNameGt=../../cp2016-max-common-connected-subgraph-paper/datasets/graphsdb/mcs90/bvg/b06/mcs90_b06_s50.B01
Reading graphs...
50 :  149
50 :  150
Initializing...
maxdom : 50
D->valSize : 2500
Solving...
currentSize : 32 <-- 0.091455 s
currentSize : 33 <-- 0.091629 s
currentSize : 34 <-- 0.096073 s
currentSize : 35 <-- 0.096237 s
currentSize : 38 <-- 0.104282 s
currentSize : 40 <-- 0.239897 s
currentSize : 41 <-- 0.312888 s
currentSize : 42 <-- 0.605273 s
currentSize : 43 <-- 0.622078 s
currentSize : 45 <-- 0.651528 s

maxsize : 45
nodes : 227955.000000
filtered : 12592799.000000
CCGP filtered : 40753.000000
CCGT filtered : 258232.000000
time : 4.291092
