Parameters: GAD=1 vflib=1 dir=0 label=0 lowerbound=1 fileNameGp=../../cp2016-max-common-connected-subgraph-paper/datasets/graphsdb/mcs90/bvg/b06m/mcs90_b06m_s30.A01 fileNameGt=../../cp2016-max-common-connected-subgraph-paper/datasets/graphsdb/mcs90/bvg/b06m/mcs90_b06m_s30.B01
Reading graphs...
30 :  88
30 :  88
Initializing...
maxdom : 30
D->valSize : 900
Solving...
currentSize : 12 <-- 0.010197 s
currentSize : 14 <-- 0.010271 s
currentSize : 15 <-- 0.010355 s
currentSize : 17 <-- 0.011721 s
currentSize : 18 <-- 0.077972 s
currentSize : 19 <-- 1.047886 s
currentSize : 20 <-- 1.132753 s
currentSize : 22 <-- 3.007963 s
currentSize : 24 <-- 3.294133 s
currentSize : 25 <-- 3.295680 s
currentSize : 27 <-- 3.295977 s

maxsize : 27
nodes : 324229.000000
filtered : 10433478.000000
CCGP filtered : 755727.000000
CCGT filtered : 332023.000000
time : 3.320246
