Parameters: GAD=1 vflib=1 dir=0 label=0 lowerbound=1 fileNameGp=../../cp2016-max-common-connected-subgraph-paper/datasets/graphsdb/mcs90/m2D/m2Dr2/mcs90_m2Dr2_s50.A02 fileNameGt=../../cp2016-max-common-connected-subgraph-paper/datasets/graphsdb/mcs90/m2D/m2Dr2/mcs90_m2Dr2_s50.B02
Reading graphs...
50 :  95
50 :  94
Initializing...
maxdom : 50
D->valSize : 2500
Solving...
currentSize : 26 <-- 0.096275 s
currentSize : 27 <-- 0.096483 s
currentSize : 28 <-- 0.096827 s
currentSize : 29 <-- 0.134632 s
currentSize : 30 <-- 0.139862 s
currentSize : 31 <-- 0.183026 s
currentSize : 33 <-- 0.233512 s
currentSize : 34 <-- 6.696051 s
currentSize : 35 <-- 12.085083 s
currentSize : 36 <-- 335.022827 s
currentSize : 37 <-- 339.735168 s
currentSize : 38 <-- 650.890381 s
currentSize : 39 <-- 922.781616 s
currentSize : 40 <-- 994.666382 s

TIMEOUT
maxsize : 40
nodes : 69179210.000000
filtered : 2671478920.000000
CCGP filtered : 345699677.000000
CCGT filtered : 162618843.000000
time : 1000.000061
