Parameters: GAD=1 vflib=1 dir=0 label=0 lowerbound=1 fileNameGp=../../cp2016-max-common-connected-subgraph-paper/datasets/graphsdb/mcs90/bvg/b03m/mcs90_b03m_s50.A07 fileNameGt=../../cp2016-max-common-connected-subgraph-paper/datasets/graphsdb/mcs90/bvg/b03m/mcs90_b03m_s50.B07
Reading graphs...
50 :  74
50 :  74
Initializing...
maxdom : 50
D->valSize : 2500
Solving...
currentSize : 21 <-- 0.098064 s
currentSize : 26 <-- 0.098293 s
currentSize : 27 <-- 0.098322 s
currentSize : 29 <-- 0.101434 s
currentSize : 30 <-- 0.130924 s
currentSize : 31 <-- 0.132750 s
currentSize : 32 <-- 0.160356 s
currentSize : 33 <-- 0.969595 s
currentSize : 34 <-- 8.401243 s
currentSize : 35 <-- 265.570709 s
currentSize : 36 <-- 430.390015 s
currentSize : 37 <-- 431.785309 s
currentSize : 38 <-- 545.246887 s
currentSize : 39 <-- 545.251770 s
currentSize : 40 <-- 571.076843 s
currentSize : 41 <-- 916.936707 s
currentSize : 42 <-- 918.550903 s
currentSize : 43 <-- 918.612610 s
currentSize : 44 <-- 918.621277 s

maxsize : 44
nodes : 56269771.000000
filtered : 2084265598.000000
CCGP filtered : 2843109443.000000
CCGT filtered : 993900805.000000
time : 925.512695
