Parameters: GAD=1 vflib=1 dir=0 label=0 lowerbound=1 fileNameGp=../../cp2016-max-common-connected-subgraph-paper/datasets/graphsdb/mcs90/bvg/b09/mcs90_b09_s40.A05 fileNameGt=../../cp2016-max-common-connected-subgraph-paper/datasets/graphsdb/mcs90/bvg/b09/mcs90_b09_s40.B05
Reading graphs...
40 :  179
40 :  180
Initializing...
maxdom : 40
D->valSize : 1600
Solving...
currentSize : 16 <-- 0.031704 s
currentSize : 17 <-- 0.031893 s
currentSize : 18 <-- 0.034065 s
currentSize : 19 <-- 0.042009 s
currentSize : 20 <-- 0.042153 s
currentSize : 21 <-- 0.045790 s
currentSize : 22 <-- 0.059851 s
currentSize : 23 <-- 1.714086 s
currentSize : 36 <-- 5.329139 s
currentSize : 37 <-- 5.536118 s

maxsize : 37
nodes : 409644.000000
filtered : 10589866.000000
CCGP filtered : 90225.000000
CCGT filtered : 190621.000000
time : 5.614568
