Parameters: GAD=1 vflib=1 dir=0 label=0 lowerbound=1 fileNameGp=../../cp2016-max-common-connected-subgraph-paper/datasets/graphsdb/mcs90/bvg/b03m/mcs90_b03m_s35.A08 fileNameGt=../../cp2016-max-common-connected-subgraph-paper/datasets/graphsdb/mcs90/bvg/b03m/mcs90_b03m_s35.B08
Reading graphs...
35 :  51
35 :  51
Initializing...
maxdom : 35
D->valSize : 1225
Solving...
currentSize : 21 <-- 0.036946 s
currentSize : 22 <-- 0.037042 s
currentSize : 23 <-- 0.037845 s
currentSize : 24 <-- 0.038239 s
currentSize : 25 <-- 0.124357 s
currentSize : 26 <-- 9.548484 s
currentSize : 27 <-- 9.566886 s
currentSize : 29 <-- 12.824475 s
currentSize : 30 <-- 12.826151 s

maxsize : 30
nodes : 1281196.000000
filtered : 29421807.000000
CCGP filtered : 26101884.000000
CCGT filtered : 14000190.000000
time : 13.551133
