Parameters: GAD=1 vflib=1 dir=0 label=0 lowerbound=1 fileNameGp=../../cp2016-max-common-connected-subgraph-paper/datasets/graphsdb/mcs90/bvg/b06m/mcs90_b06m_s30.A02 fileNameGt=../../cp2016-max-common-connected-subgraph-paper/datasets/graphsdb/mcs90/bvg/b06m/mcs90_b06m_s30.B02
Reading graphs...
30 :  87
30 :  87
Initializing...
maxdom : 30
D->valSize : 900
Solving...
currentSize : 12 <-- 0.010493 s
currentSize : 13 <-- 0.010603 s
currentSize : 14 <-- 0.011924 s
currentSize : 15 <-- 0.012741 s
currentSize : 16 <-- 0.025804 s
currentSize : 17 <-- 0.036868 s
currentSize : 18 <-- 0.129667 s
currentSize : 19 <-- 0.151027 s
currentSize : 20 <-- 2.413155 s
currentSize : 21 <-- 2.433008 s
currentSize : 22 <-- 3.495497 s
currentSize : 23 <-- 3.801528 s
currentSize : 27 <-- 3.978522 s

maxsize : 27
nodes : 387205.000000
filtered : 12181928.000000
CCGP filtered : 1059523.000000
CCGT filtered : 461188.000000
time : 4.002822
