Parameters: GAD=1 vflib=1 dir=0 label=0 lowerbound=1 fileNameGp=../../cp2016-max-common-connected-subgraph-paper/datasets/graphsdb/mcs90/bvg/b09/mcs90_b09_s50.A05 fileNameGt=../../cp2016-max-common-connected-subgraph-paper/datasets/graphsdb/mcs90/bvg/b09/mcs90_b09_s50.B05
Reading graphs...
50 :  225
50 :  224
Initializing...
maxdom : 50
D->valSize : 2500
Solving...
currentSize : 20 <-- 0.085494 s
currentSize : 21 <-- 0.094404 s
currentSize : 22 <-- 0.116064 s
currentSize : 25 <-- 1.285805 s
currentSize : 26 <-- 1.286632 s
currentSize : 27 <-- 1.286883 s
currentSize : 28 <-- 1.286996 s
currentSize : 29 <-- 1.287277 s
currentSize : 30 <-- 121.637306 s
currentSize : 31 <-- 447.571869 s
currentSize : 32 <-- 615.298889 s
currentSize : 34 <-- 615.713745 s
currentSize : 36 <-- 615.877441 s
currentSize : 37 <-- 617.097290 s
currentSize : 38 <-- 617.136475 s
currentSize : 40 <-- 617.136597 s
currentSize : 44 <-- 618.265869 s

maxsize : 44
nodes : 35705644.000000
filtered : 1623781840.000000
CCGP filtered : 25900340.000000
CCGT filtered : 18926014.000000
time : 626.659729
