Parameters: GAD=1 vflib=1 dir=0 label=0 lowerbound=1 fileNameGp=../../cp2016-max-common-connected-subgraph-paper/datasets/graphsdb/mcs90/rand/r005/mcs90_r005_s35.A06 fileNameGt=../../cp2016-max-common-connected-subgraph-paper/datasets/graphsdb/mcs90/rand/r005/mcs90_r005_s35.B06
Reading graphs...
35 :  58
35 :  57
Initializing...
maxdom : 35
D->valSize : 1225
Solving...
currentSize : 19 <-- 0.020694 s
currentSize : 20 <-- 0.020832 s
currentSize : 21 <-- 0.020937 s
currentSize : 22 <-- 0.023690 s
currentSize : 23 <-- 0.032039 s
currentSize : 24 <-- 0.055146 s
currentSize : 25 <-- 0.464628 s
currentSize : 26 <-- 2.075583 s
currentSize : 27 <-- 5.203737 s
currentSize : 28 <-- 5.845287 s
currentSize : 29 <-- 5.845649 s
currentSize : 30 <-- 6.483927 s
currentSize : 31 <-- 6.483991 s

maxsize : 31
nodes : 571086.000000
filtered : 18667107.000000
CCGP filtered : 9993060.000000
CCGT filtered : 4387311.000000
time : 6.562853
