Parameters: GAD=1 vflib=1 dir=0 label=0 lowerbound=1 fileNameGp=../../cp2016-max-common-connected-subgraph-paper/datasets/graphsdb/mcs90/bvg/b03/mcs90_b03_s50.A08 fileNameGt=../../cp2016-max-common-connected-subgraph-paper/datasets/graphsdb/mcs90/bvg/b03/mcs90_b03_s50.B08
Reading graphs...
50 :  75
50 :  75
Initializing...
maxdom : 50
D->valSize : 2500
Solving...
currentSize : 30 <-- 0.098237 s
currentSize : 31 <-- 0.098409 s
currentSize : 32 <-- 0.098591 s
currentSize : 33 <-- 0.099033 s
currentSize : 39 <-- 0.104277 s
currentSize : 40 <-- 0.130286 s
currentSize : 41 <-- 0.359495 s
currentSize : 42 <-- 0.384204 s
currentSize : 44 <-- 0.531325 s
currentSize : 45 <-- 3.084363 s

maxsize : 45
nodes : 814406.000000
filtered : 39164447.000000
CCGP filtered : 52148544.000000
CCGT filtered : 7079488.000000
time : 14.498344
