Parameters: GAD=1 vflib=1 dir=0 label=0 lowerbound=1 fileNameGp=../../cp2016-max-common-connected-subgraph-paper/datasets/graphsdb/mcs90/rand/r005/mcs90_r005_s25.A05 fileNameGt=../../cp2016-max-common-connected-subgraph-paper/datasets/graphsdb/mcs90/rand/r005/mcs90_r005_s25.B05
Reading graphs...
25 :  28
25 :  29
Initializing...
maxdom : 25
D->valSize : 625
Solving...
currentSize : 7 <-- 0.005377 s
currentSize : 9 <-- 0.005444 s
currentSize : 10 <-- 0.005496 s
currentSize : 11 <-- 0.005533 s
currentSize : 12 <-- 0.005593 s
currentSize : 13 <-- 0.005647 s
currentSize : 14 <-- 0.007386 s
currentSize : 15 <-- 0.007448 s
currentSize : 16 <-- 0.023248 s
currentSize : 17 <-- 0.023259 s
currentSize : 18 <-- 0.024595 s
currentSize : 19 <-- 0.027548 s
currentSize : 20 <-- 0.027565 s
currentSize : 21 <-- 0.027602 s
currentSize : 22 <-- 0.027698 s

maxsize : 22
nodes : 5113.000000
filtered : 89464.000000
CCGP filtered : 91477.000000
CCGT filtered : 34378.000000
time : 0.040384
