Parameters: GAD=1 vflib=1 dir=0 label=0 lowerbound=1 fileNameGp=../../cp2016-max-common-connected-subgraph-paper/datasets/graphsdb/mcs90/bvg/b06m/mcs90_b06m_s30.A00 fileNameGt=../../cp2016-max-common-connected-subgraph-paper/datasets/graphsdb/mcs90/bvg/b06m/mcs90_b06m_s30.B00
Reading graphs...
30 :  85
30 :  87
Initializing...
maxdom : 30
D->valSize : 900
Solving...
currentSize : 14 <-- 0.010751 s
currentSize : 15 <-- 0.011273 s
currentSize : 16 <-- 0.083761 s
currentSize : 17 <-- 0.313732 s
currentSize : 18 <-- 0.551787 s
currentSize : 20 <-- 3.938820 s
currentSize : 21 <-- 4.169886 s
currentSize : 23 <-- 4.696735 s
currentSize : 24 <-- 4.696879 s
currentSize : 27 <-- 4.698531 s

maxsize : 27
nodes : 504133.000000
filtered : 12475008.000000
CCGP filtered : 2111563.000000
CCGT filtered : 645834.000000
time : 4.721037
