Parameters: GAD=1 vflib=1 dir=0 label=0 lowerbound=1 fileNameGp=../../cp2016-max-common-connected-subgraph-paper/datasets/graphsdb/mcs90/bvg/b06/mcs90_b06_s50.A03 fileNameGt=../../cp2016-max-common-connected-subgraph-paper/datasets/graphsdb/mcs90/bvg/b06/mcs90_b06_s50.B03
Reading graphs...
50 :  149
50 :  150
Initializing...
maxdom : 50
D->valSize : 2500
Solving...
currentSize : 30 <-- 0.090957 s
currentSize : 32 <-- 0.091084 s
currentSize : 33 <-- 0.091588 s
currentSize : 34 <-- 0.091856 s
currentSize : 35 <-- 0.092377 s
currentSize : 36 <-- 0.092834 s
currentSize : 38 <-- 0.093385 s
currentSize : 40 <-- 0.093500 s
currentSize : 41 <-- 0.094181 s
currentSize : 43 <-- 0.100278 s
currentSize : 45 <-- 0.174606 s
currentSize : 46 <-- 0.381715 s

maxsize : 46
nodes : 50909.000000
filtered : 3467418.000000
CCGP filtered : 19211.000000
CCGT filtered : 1025.000000
time : 1.065502
