Parameters: GAD=1 vflib=1 dir=0 label=0 lowerbound=1 fileNameGp=../../cp2016-max-common-connected-subgraph-paper/datasets/graphsdb/mcs90/m2D/m2Dr6/mcs90_m2Dr6_s40.A03 fileNameGt=../../cp2016-max-common-connected-subgraph-paper/datasets/graphsdb/mcs90/m2D/m2Dr6/mcs90_m2Dr6_s40.B03
Reading graphs...
40 :  90
40 :  87
Initializing...
maxdom : 40
D->valSize : 1600
Solving...
currentSize : 19 <-- 0.035694 s
currentSize : 21 <-- 0.036200 s
currentSize : 22 <-- 0.051957 s
currentSize : 23 <-- 0.058636 s
currentSize : 24 <-- 0.258832 s
currentSize : 25 <-- 9.668327 s
currentSize : 26 <-- 427.164276 s
currentSize : 27 <-- 722.871948 s
currentSize : 28 <-- 722.925781 s
currentSize : 29 <-- 724.235291 s
currentSize : 30 <-- 724.235413 s
currentSize : 31 <-- 724.864014 s
currentSize : 32 <-- 724.864136 s
currentSize : 36 <-- 725.229858 s

maxsize : 36
nodes : 61877558.000000
filtered : 1752224107.000000
CCGP filtered : 366415929.000000
CCGT filtered : 88429396.000000
time : 725.624573
