Parameters: GAD=1 vflib=1 dir=0 label=0 lowerbound=1 fileNameGp=../../cp2016-max-common-connected-subgraph-paper/datasets/graphsdb/mcs90/bvg/b03m/mcs90_b03m_s25.A05 fileNameGt=../../cp2016-max-common-connected-subgraph-paper/datasets/graphsdb/mcs90/bvg/b03m/mcs90_b03m_s25.B05
Reading graphs...
25 :  37
25 :  37
Initializing...
maxdom : 25
D->valSize : 625
Solving...
currentSize : 12 <-- 0.009065 s
currentSize : 13 <-- 0.009120 s
currentSize : 16 <-- 0.009181 s
currentSize : 17 <-- 0.009222 s
currentSize : 18 <-- 0.049952 s
currentSize : 19 <-- 0.291273 s
currentSize : 20 <-- 0.297621 s
currentSize : 21 <-- 0.309953 s
currentSize : 22 <-- 0.322821 s

maxsize : 22
nodes : 39201.000000
filtered : 736106.000000
CCGP filtered : 691442.000000
CCGT filtered : 319509.000000
time : 0.335753
