Parameters: GAD=1 vflib=1 dir=0 label=0 lowerbound=1 fileNameGp=../../cp2016-max-common-connected-subgraph-paper/datasets/graphsdb/mcs90/m2D/m2Dr6/mcs90_m2Dr6_s50.A00 fileNameGt=../../cp2016-max-common-connected-subgraph-paper/datasets/graphsdb/mcs90/m2D/m2Dr6/mcs90_m2Dr6_s50.B00
Reading graphs...
50 :  114
50 :  113
Initializing...
maxdom : 50
D->valSize : 2500
Solving...
currentSize : 28 <-- 0.111473 s
currentSize : 29 <-- 0.112007 s
currentSize : 30 <-- 0.261660 s
currentSize : 31 <-- 1.823376 s
currentSize : 32 <-- 187.492538 s
currentSize : 33 <-- 212.079117 s
currentSize : 34 <-- 212.083099 s
currentSize : 35 <-- 450.797791 s
currentSize : 36 <-- 450.945618 s
currentSize : 37 <-- 455.542084 s
currentSize : 38 <-- 468.399658 s
currentSize : 39 <-- 476.505829 s
currentSize : 40 <-- 488.933044 s
currentSize : 41 <-- 492.517334 s
currentSize : 42 <-- 492.518188 s
currentSize : 43 <-- 496.350769 s
currentSize : 45 <-- 497.230743 s
currentSize : 49 <-- 497.234833 s

maxsize : 49
nodes : 32830872.000000
filtered : 1215904414.000000
CCGP filtered : 171214640.000000
CCGT filtered : 63138368.000000
time : 497.239807
