Parameters: GAD=1 vflib=1 dir=0 label=0 lowerbound=1 fileNameGp=../../cp2016-max-common-connected-subgraph-paper/datasets/graphsdb/mcs90/bvg/b06/mcs90_b06_s35.A06 fileNameGt=../../cp2016-max-common-connected-subgraph-paper/datasets/graphsdb/mcs90/bvg/b06/mcs90_b06_s35.B06
Reading graphs...
35 :  104
35 :  105
Initializing...
maxdom : 35
D->valSize : 1225
Solving...
currentSize : 18 <-- 0.019149 s
currentSize : 19 <-- 0.019565 s
currentSize : 20 <-- 0.019630 s
currentSize : 22 <-- 0.024722 s
currentSize : 23 <-- 0.026102 s
currentSize : 25 <-- 0.026968 s
currentSize : 26 <-- 0.033570 s
currentSize : 27 <-- 0.033952 s
currentSize : 29 <-- 0.044563 s
currentSize : 31 <-- 0.044678 s
currentSize : 32 <-- 0.055428 s

maxsize : 32
nodes : 10900.000000
filtered : 473198.000000
CCGP filtered : 10701.000000
CCGT filtered : 783.000000
time : 0.144406
