Parameters: GAD=1 vflib=1 dir=0 label=0 lowerbound=1 fileNameGp=../../cp2016-max-common-connected-subgraph-paper/datasets/graphsdb/mcs90/m2D/m2Dr6/mcs90_m2Dr6_s40.A07 fileNameGt=../../cp2016-max-common-connected-subgraph-paper/datasets/graphsdb/mcs90/m2D/m2Dr6/mcs90_m2Dr6_s40.B07
Reading graphs...
40 :  91
40 :  88
Initializing...
maxdom : 40
D->valSize : 1600
Solving...
currentSize : 18 <-- 0.034897 s
currentSize : 19 <-- 0.035149 s
currentSize : 20 <-- 0.035391 s
currentSize : 21 <-- 0.035856 s
currentSize : 22 <-- 0.037427 s
currentSize : 23 <-- 0.044484 s
currentSize : 24 <-- 0.234767 s
currentSize : 25 <-- 17.345865 s
currentSize : 26 <-- 424.723633 s
currentSize : 27 <-- 639.363831 s
currentSize : 29 <-- 927.450256 s
currentSize : 31 <-- 927.659119 s
currentSize : 36 <-- 928.239380 s

maxsize : 36
nodes : 79802573.000000
filtered : 2290844761.000000
CCGP filtered : 168875986.000000
CCGT filtered : 141222684.000000
time : 928.808411
