Parameters: GAD=1 vflib=1 dir=0 label=0 lowerbound=1 fileNameGp=../../cp2016-max-common-connected-subgraph-paper/datasets/graphsdb/mcs90/rand/r01/mcs90_r01_s35.A03 fileNameGt=../../cp2016-max-common-connected-subgraph-paper/datasets/graphsdb/mcs90/rand/r01/mcs90_r01_s35.B03
Reading graphs...
35 :  115
35 :  114
Initializing...
maxdom : 35
D->valSize : 1225
Solving...
currentSize : 15 <-- 0.019562 s
currentSize : 16 <-- 0.020156 s
currentSize : 17 <-- 0.795914 s
currentSize : 18 <-- 1.585259 s
currentSize : 20 <-- 21.118664 s
currentSize : 21 <-- 21.129423 s
currentSize : 23 <-- 56.972031 s
currentSize : 24 <-- 57.008869 s
currentSize : 25 <-- 57.089424 s
currentSize : 31 <-- 57.089989 s

maxsize : 31
nodes : 5306566.000000
filtered : 109642515.000000
CCGP filtered : 2380038.000000
CCGT filtered : 2094903.000000
time : 57.153496
