Parameters: GAD=1 vflib=1 dir=0 label=0 lowerbound=1 fileNameGp=../../cp2016-max-common-connected-subgraph-paper/datasets/graphsdb/mcs90/bvg/b06m/mcs90_b06m_s50.A02 fileNameGt=../../cp2016-max-common-connected-subgraph-paper/datasets/graphsdb/mcs90/bvg/b06m/mcs90_b06m_s50.B02
Reading graphs...
50 :  149
50 :  149
Initializing...
maxdom : 50
D->valSize : 2500
Solving...
currentSize : 19 <-- 0.090732 s
currentSize : 20 <-- 0.091066 s
currentSize : 21 <-- 0.096478 s
currentSize : 22 <-- 0.124132 s
currentSize : 23 <-- 0.149456 s
currentSize : 24 <-- 0.244076 s
currentSize : 25 <-- 0.423675 s
currentSize : 26 <-- 1.967630 s
currentSize : 27 <-- 14.585119 s
currentSize : 28 <-- 201.180817 s

TIMEOUT
maxsize : 28
nodes : 59493315.000000
filtered : 1977099523.000000
CCGP filtered : 606282612.000000
CCGT filtered : 342438468.000000
time : 1000.000061
