Parameters: GAD=1 vflib=1 dir=0 label=0 lowerbound=1 fileNameGp=../../cp2016-max-common-connected-subgraph-paper/datasets/graphsdb/mcs90/rand/r005/mcs90_r005_s35.A03 fileNameGt=../../cp2016-max-common-connected-subgraph-paper/datasets/graphsdb/mcs90/rand/r005/mcs90_r005_s35.B03
Reading graphs...
35 :  58
35 :  58
Initializing...
maxdom : 35
D->valSize : 1225
Solving...
currentSize : 18 <-- 0.020893 s
currentSize : 20 <-- 0.021036 s
currentSize : 22 <-- 0.067571 s
currentSize : 23 <-- 0.067927 s
currentSize : 24 <-- 0.080658 s
currentSize : 25 <-- 0.291518 s
currentSize : 26 <-- 0.303822 s
currentSize : 27 <-- 0.303959 s
currentSize : 28 <-- 0.304139 s
currentSize : 29 <-- 0.304786 s
currentSize : 30 <-- 0.325320 s
currentSize : 31 <-- 0.325539 s

maxsize : 31
nodes : 35683.000000
filtered : 1212210.000000
CCGP filtered : 269154.000000
CCGT filtered : 231625.000000
time : 0.437599
