Parameters: GAD=1 vflib=1 dir=0 label=0 lowerbound=1 fileNameGp=../../cp2016-max-common-connected-subgraph-paper/datasets/graphsdb/mcs90/m2D/m2Dr2/mcs90_m2Dr2_s40.A05 fileNameGt=../../cp2016-max-common-connected-subgraph-paper/datasets/graphsdb/mcs90/m2D/m2Dr2/mcs90_m2Dr2_s40.B05
Reading graphs...
40 :  74
40 :  74
Initializing...
maxdom : 40
D->valSize : 1600
Solving...
currentSize : 17 <-- 0.035718 s
currentSize : 18 <-- 0.035828 s
currentSize : 20 <-- 0.036695 s
currentSize : 21 <-- 0.037554 s
currentSize : 22 <-- 0.037630 s
currentSize : 23 <-- 0.049981 s
currentSize : 24 <-- 0.050595 s
currentSize : 25 <-- 0.051167 s
currentSize : 26 <-- 0.101646 s
currentSize : 27 <-- 0.491218 s
currentSize : 28 <-- 67.775497 s
currentSize : 29 <-- 67.783417 s
currentSize : 30 <-- 73.643425 s
currentSize : 31 <-- 73.643486 s
currentSize : 32 <-- 91.300308 s
currentSize : 33 <-- 91.314453 s
currentSize : 36 <-- 91.321152 s

maxsize : 36
nodes : 7639290.000000
filtered : 236404948.000000
CCGP filtered : 70516364.000000
CCGT filtered : 46944424.000000
time : 91.850883
