Parameters: GAD=1 vflib=1 dir=0 label=0 lowerbound=1 fileNameGp=../../cp2016-max-common-connected-subgraph-paper/datasets/graphsdb/mcs90/bvg/b09/mcs90_b09_s30.A04 fileNameGt=../../cp2016-max-common-connected-subgraph-paper/datasets/graphsdb/mcs90/bvg/b09/mcs90_b09_s30.B04
Reading graphs...
30 :  135
30 :  135
Initializing...
maxdom : 30
D->valSize : 900
Solving...
currentSize : 11 <-- 0.009364 s
currentSize : 13 <-- 0.009465 s
currentSize : 14 <-- 0.009757 s
currentSize : 18 <-- 0.009888 s
currentSize : 20 <-- 0.013656 s
currentSize : 21 <-- 0.039327 s
currentSize : 22 <-- 0.039437 s
currentSize : 23 <-- 0.039893 s
currentSize : 26 <-- 0.040277 s

maxsize : 26
nodes : 22118.000000
filtered : 1098304.000000
CCGP filtered : 30.000000
CCGT filtered : 117.000000
time : 0.254547
