Parameters: GAD=1 vflib=1 dir=0 label=0 lowerbound=1 fileNameGp=../../cp2016-max-common-connected-subgraph-paper/datasets/graphsdb/mcs90/bvg/b06m/mcs90_b06m_s40.A07 fileNameGt=../../cp2016-max-common-connected-subgraph-paper/datasets/graphsdb/mcs90/bvg/b06m/mcs90_b06m_s40.B07
Reading graphs...
40 :  119
40 :  119
Initializing...
maxdom : 40
D->valSize : 1600
Solving...
currentSize : 15 <-- 0.033613 s
currentSize : 16 <-- 0.033642 s
currentSize : 17 <-- 0.033789 s
currentSize : 18 <-- 0.034843 s
currentSize : 19 <-- 0.035667 s
currentSize : 20 <-- 0.059746 s
currentSize : 21 <-- 0.110401 s
currentSize : 22 <-- 0.169654 s
currentSize : 23 <-- 163.505402 s
currentSize : 24 <-- 339.804260 s
currentSize : 25 <-- 724.327759 s
currentSize : 26 <-- 792.378540 s
currentSize : 27 <-- 814.107788 s
currentSize : 29 <-- 827.464600 s
currentSize : 31 <-- 827.688477 s
currentSize : 32 <-- 832.585693 s
currentSize : 36 <-- 833.180969 s

maxsize : 36
nodes : 64681747.000000
filtered : 2074332080.000000
CCGP filtered : 191655447.000000
CCGT filtered : 102564987.000000
time : 833.293945
