Parameters: GAD=1 vflib=1 dir=0 label=0 lowerbound=1 fileNameGp=../../cp2016-max-common-connected-subgraph-paper/datasets/graphsdb/mcs90/m3D/m3D/mcs90_m3D_s30.A00 fileNameGt=../../cp2016-max-common-connected-subgraph-paper/datasets/graphsdb/mcs90/m3D/m3D/mcs90_m3D_s30.B00
Reading graphs...
30 :  61
30 :  61
Initializing...
maxdom : 30
D->valSize : 900
Solving...
currentSize : 17 <-- 0.010681 s
currentSize : 18 <-- 0.010739 s
currentSize : 19 <-- 0.013364 s
currentSize : 20 <-- 0.069122 s
currentSize : 21 <-- 2.655530 s
currentSize : 22 <-- 3.533993 s
currentSize : 23 <-- 3.540656 s
currentSize : 24 <-- 3.540821 s
currentSize : 26 <-- 3.591171 s
currentSize : 27 <-- 3.591409 s

maxsize : 27
nodes : 469834.000000
filtered : 6789165.000000
CCGP filtered : 272000.000000
CCGT filtered : 174367.000000
time : 3.680917
