Parameters: GAD=1 vflib=1 dir=0 label=0 lowerbound=1 fileNameGp=../../cp2016-max-common-connected-subgraph-paper/datasets/graphsdb/mcs90/bvg/b06m/mcs90_b06m_s40.A02 fileNameGt=../../cp2016-max-common-connected-subgraph-paper/datasets/graphsdb/mcs90/bvg/b06m/mcs90_b06m_s40.B02
Reading graphs...
40 :  120
40 :  120
Initializing...
maxdom : 40
D->valSize : 1600
Solving...
currentSize : 19 <-- 0.060970 s
currentSize : 20 <-- 0.064458 s
currentSize : 21 <-- 5.183906 s
currentSize : 22 <-- 115.524231 s
currentSize : 23 <-- 151.869659 s
currentSize : 24 <-- 152.220703 s
currentSize : 25 <-- 194.434845 s
currentSize : 26 <-- 199.392075 s
currentSize : 27 <-- 275.487549 s
currentSize : 36 <-- 300.017975 s

maxsize : 36
nodes : 23813353.000000
filtered : 719315186.000000
CCGP filtered : 82195004.000000
CCGT filtered : 33961725.000000
time : 300.178162
