Parameters: GAD=1 vflib=1 dir=0 label=0 lowerbound=1 fileNameGp=../../cp2016-max-common-connected-subgraph-paper/datasets/graphsdb/mcs90/m2D/m2Dr2/mcs90_m2Dr2_s50.A00 fileNameGt=../../cp2016-max-common-connected-subgraph-paper/datasets/graphsdb/mcs90/m2D/m2Dr2/mcs90_m2Dr2_s50.B00
Reading graphs...
50 :  94
50 :  94
Initializing...
maxdom : 50
D->valSize : 2500
Solving...
currentSize : 26 <-- 0.162230 s
currentSize : 27 <-- 0.162665 s
currentSize : 28 <-- 0.162746 s
currentSize : 29 <-- 0.164831 s
currentSize : 30 <-- 0.166602 s
currentSize : 31 <-- 0.202029 s
currentSize : 32 <-- 0.205479 s
currentSize : 33 <-- 0.542396 s
currentSize : 34 <-- 0.973991 s
currentSize : 35 <-- 1.289473 s

TIMEOUT
maxsize : 35
nodes : 69691830.000000
filtered : 2361495037.000000
CCGP filtered : 553318529.000000
CCGT filtered : 329623354.000000
time : 1000.000061
