Parameters: GAD=1 vflib=1 dir=0 label=0 lowerbound=1 fileNameGp=../../cp2016-max-common-connected-subgraph-paper/datasets/graphsdb/mcs90/bvg/b03m/mcs90_b03m_s25.A03 fileNameGt=../../cp2016-max-common-connected-subgraph-paper/datasets/graphsdb/mcs90/bvg/b03m/mcs90_b03m_s25.B03
Reading graphs...
25 :  37
25 :  37
Initializing...
maxdom : 25
D->valSize : 625
Solving...
currentSize : 10 <-- 0.009104 s
currentSize : 11 <-- 0.009366 s
currentSize : 12 <-- 0.009553 s
currentSize : 14 <-- 0.009833 s
currentSize : 15 <-- 0.013681 s
currentSize : 16 <-- 0.253945 s
currentSize : 17 <-- 0.254255 s
currentSize : 18 <-- 0.309396 s
currentSize : 19 <-- 0.309643 s
currentSize : 22 <-- 0.338559 s

maxsize : 22
nodes : 35975.000000
filtered : 579560.000000
CCGP filtered : 742780.000000
CCGT filtered : 254702.000000
time : 0.359665
