Parameters: GAD=1 vflib=1 dir=0 label=0 lowerbound=1 fileNameGp=../../cp2016-max-common-connected-subgraph-paper/datasets/graphsdb/mcs90/rand/r005/mcs90_r005_s20.A03 fileNameGt=../../cp2016-max-common-connected-subgraph-paper/datasets/graphsdb/mcs90/rand/r005/mcs90_r005_s20.B03
Reading graphs...
20 :  21
20 :  21
Initializing...
maxdom : 20
D->valSize : 400
Solving...
currentSize : 6 <-- 0.002277 s
currentSize : 8 <-- 0.002335 s
currentSize : 10 <-- 0.002359 s
currentSize : 11 <-- 0.002445 s
currentSize : 12 <-- 0.002779 s
currentSize : 13 <-- 0.002912 s
currentSize : 14 <-- 0.004079 s
currentSize : 16 <-- 0.007172 s
currentSize : 18 <-- 0.007188 s

maxsize : 18
nodes : 1210.000000
filtered : 20355.000000
CCGP filtered : 29052.000000
CCGT filtered : 11488.000000
time : 0.010133
