Parameters: GAD=1 vflib=1 dir=0 label=0 lowerbound=1 fileNameGp=../../cp2016-max-common-connected-subgraph-paper/datasets/graphsdb/mcs90/rand/r005/mcs90_r005_s35.A01 fileNameGt=../../cp2016-max-common-connected-subgraph-paper/datasets/graphsdb/mcs90/rand/r005/mcs90_r005_s35.B01
Reading graphs...
35 :  57
35 :  57
Initializing...
maxdom : 35
D->valSize : 1225
Solving...
currentSize : 15 <-- 0.020601 s
currentSize : 17 <-- 0.020674 s
currentSize : 18 <-- 0.027294 s
currentSize : 19 <-- 0.041479 s
currentSize : 20 <-- 0.093968 s
currentSize : 21 <-- 9.315950 s
currentSize : 22 <-- 46.772179 s
currentSize : 23 <-- 47.951088 s
currentSize : 24 <-- 48.163998 s
currentSize : 25 <-- 48.735653 s
currentSize : 26 <-- 51.233597 s
currentSize : 27 <-- 51.233952 s
currentSize : 28 <-- 51.234592 s
currentSize : 29 <-- 51.234695 s
currentSize : 30 <-- 51.241283 s
currentSize : 31 <-- 51.448048 s

maxsize : 31
nodes : 4564082.000000
filtered : 100014185.000000
CCGP filtered : 75893443.000000
CCGT filtered : 72811790.000000
time : 51.489792
