Parameters: GAD=1 vflib=1 dir=0 label=0 lowerbound=1 fileNameGp=../../cp2016-max-common-connected-subgraph-paper/datasets/graphsdb/mcs90/bvg/b03m/mcs90_b03m_s30.A05 fileNameGt=../../cp2016-max-common-connected-subgraph-paper/datasets/graphsdb/mcs90/bvg/b03m/mcs90_b03m_s30.B05
Reading graphs...
30 :  45
30 :  45
Initializing...
maxdom : 30
D->valSize : 900
Solving...
currentSize : 13 <-- 0.019456 s
currentSize : 15 <-- 0.019567 s
currentSize : 16 <-- 0.021647 s
currentSize : 17 <-- 0.026120 s
currentSize : 18 <-- 0.029515 s
currentSize : 19 <-- 0.030850 s
currentSize : 20 <-- 0.038922 s
currentSize : 21 <-- 0.039591 s
currentSize : 22 <-- 0.475198 s
currentSize : 24 <-- 0.478220 s
currentSize : 26 <-- 0.482142 s

maxsize : 26
nodes : 58607.000000
filtered : 1277588.000000
CCGP filtered : 1062223.000000
CCGT filtered : 375650.000000
time : 0.569437
