Parameters: GAD=1 vflib=1 dir=0 label=0 lowerbound=1 fileNameGp=../../cp2016-max-common-connected-subgraph-paper/datasets/graphsdb/mcs90/bvg/b06m/mcs90_b06m_s40.A06 fileNameGt=../../cp2016-max-common-connected-subgraph-paper/datasets/graphsdb/mcs90/bvg/b06m/mcs90_b06m_s40.B06
Reading graphs...
40 :  117
40 :  117
Initializing...
maxdom : 40
D->valSize : 1600
Solving...
currentSize : 16 <-- 0.056532 s
currentSize : 17 <-- 0.061261 s
currentSize : 18 <-- 0.182401 s
currentSize : 19 <-- 0.214380 s
currentSize : 20 <-- 0.385820 s
currentSize : 21 <-- 0.386816 s
currentSize : 22 <-- 1.347152 s
currentSize : 23 <-- 3.817774 s
currentSize : 24 <-- 606.491943 s
currentSize : 25 <-- 989.488770 s

TIMEOUT
maxsize : 25
nodes : 77906678.000000
filtered : 2452860711.000000
CCGP filtered : 468478009.000000
CCGT filtered : 274860982.000000
time : 1000.000000
