Parameters: GAD=1 vflib=1 dir=0 label=0 lowerbound=1 fileNameGp=../../cp2016-max-common-connected-subgraph-paper/datasets/graphsdb/mcs90/bvg/b09m/mcs90_b09m_s50.A00 fileNameGt=../../cp2016-max-common-connected-subgraph-paper/datasets/graphsdb/mcs90/bvg/b09m/mcs90_b09m_s50.B00
Reading graphs...
50 :  219
50 :  219
Initializing...
maxdom : 50
D->valSize : 2500
Solving...
currentSize : 14 <-- 0.086050 s
currentSize : 15 <-- 0.086195 s
currentSize : 16 <-- 0.086224 s
currentSize : 17 <-- 0.086416 s
currentSize : 18 <-- 0.087137 s
currentSize : 19 <-- 0.089876 s
currentSize : 20 <-- 0.233001 s
currentSize : 21 <-- 2.028638 s
currentSize : 22 <-- 15.320667 s
currentSize : 23 <-- 61.707752 s
currentSize : 24 <-- 997.930725 s

TIMEOUT
maxsize : 24
nodes : 59635127.000000
filtered : 1551768780.000000
CCGP filtered : 38964712.000000
CCGT filtered : 48997339.000000
time : 1000.000000
