Parameters: GAD=1 vflib=1 dir=0 label=0 lowerbound=1 fileNameGp=../../cp2016-max-common-connected-subgraph-paper/datasets/graphsdb/mcs90/bvg/b09/mcs90_b09_s40.A08 fileNameGt=../../cp2016-max-common-connected-subgraph-paper/datasets/graphsdb/mcs90/bvg/b09/mcs90_b09_s40.B08
Reading graphs...
40 :  179
40 :  179
Initializing...
maxdom : 40
D->valSize : 1600
Solving...
currentSize : 15 <-- 0.057247 s
currentSize : 16 <-- 0.058899 s
currentSize : 17 <-- 0.059998 s
currentSize : 18 <-- 0.083588 s
currentSize : 19 <-- 0.100001 s
currentSize : 20 <-- 0.190472 s
currentSize : 21 <-- 1.321558 s
currentSize : 22 <-- 3.839687 s
currentSize : 24 <-- 45.407646 s
currentSize : 25 <-- 45.460388 s
currentSize : 26 <-- 45.460526 s
currentSize : 27 <-- 45.460705 s
currentSize : 28 <-- 45.470291 s
currentSize : 30 <-- 45.579437 s
currentSize : 31 <-- 45.591137 s
currentSize : 32 <-- 45.593235 s
currentSize : 36 <-- 45.594223 s

maxsize : 36
nodes : 3561868.000000
filtered : 90265239.000000
CCGP filtered : 195346.000000
CCGT filtered : 691234.000000
time : 46.210281
