Parameters: GAD=1 vflib=1 dir=0 label=0 lowerbound=1 fileNameGp=../../cp2016-max-common-connected-subgraph-paper/datasets/graphsdb/mcs90/m2D/m2D/mcs90_m2D_s30.A00 fileNameGt=../../cp2016-max-common-connected-subgraph-paper/datasets/graphsdb/mcs90/m2D/m2D/mcs90_m2D_s30.B00
Reading graphs...
30 :  49
30 :  49
Initializing...
maxdom : 30
D->valSize : 900
Solving...
currentSize : 17 <-- 0.019721 s
currentSize : 18 <-- 0.019798 s
currentSize : 19 <-- 0.024766 s
currentSize : 20 <-- 0.048924 s
currentSize : 21 <-- 0.077201 s
currentSize : 22 <-- 0.438829 s
currentSize : 23 <-- 2.200639 s
currentSize : 25 <-- 2.217736 s
currentSize : 26 <-- 2.763886 s

maxsize : 26
nodes : 324476.000000
filtered : 6601101.000000
CCGP filtered : 3233808.000000
CCGT filtered : 989882.000000
time : 2.831066
