Parameters: GAD=1 vflib=1 dir=0 label=0 lowerbound=1 fileNameGp=../../cp2016-max-common-connected-subgraph-paper/datasets/graphsdb/mcs90/m2D/m2Dr4/mcs90_m2Dr4_s40.A01 fileNameGt=../../cp2016-max-common-connected-subgraph-paper/datasets/graphsdb/mcs90/m2D/m2Dr4/mcs90_m2Dr4_s40.B01
Reading graphs...
40 :  83
40 :  82
Initializing...
maxdom : 40
D->valSize : 1600
Solving...
currentSize : 18 <-- 0.035584 s
currentSize : 20 <-- 0.035656 s
currentSize : 21 <-- 0.036201 s
currentSize : 22 <-- 0.040937 s
currentSize : 23 <-- 0.134330 s
currentSize : 24 <-- 0.410121 s
currentSize : 25 <-- 0.512072 s
currentSize : 26 <-- 0.861339 s
currentSize : 27 <-- 1.469997 s
currentSize : 28 <-- 28.963717 s
currentSize : 29 <-- 28.966257 s
currentSize : 30 <-- 28.966326 s
currentSize : 31 <-- 31.294714 s
currentSize : 32 <-- 39.728104 s
currentSize : 33 <-- 65.240959 s
currentSize : 34 <-- 65.282249 s
currentSize : 36 <-- 65.282410 s

maxsize : 36
nodes : 5180555.000000
filtered : 216713542.000000
CCGP filtered : 28831647.000000
CCGT filtered : 6727347.000000
time : 65.391830
