Parameters: GAD=1 vflib=1 dir=0 label=0 lowerbound=1 fileNameGp=../../cp2016-max-common-connected-subgraph-paper/datasets/graphsdb/mcs90/rand/r02/mcs90_r02_s30.A08 fileNameGt=../../cp2016-max-common-connected-subgraph-paper/datasets/graphsdb/mcs90/rand/r02/mcs90_r02_s30.B08
Reading graphs...
30 :  151
30 :  153
Initializing...
maxdom : 30
D->valSize : 900
Solving...
currentSize : 9 <-- 0.009599 s
currentSize : 10 <-- 0.009689 s
currentSize : 11 <-- 0.010526 s
currentSize : 12 <-- 0.011980 s
currentSize : 13 <-- 0.030194 s
currentSize : 14 <-- 1.688482 s
currentSize : 15 <-- 1.689580 s
currentSize : 16 <-- 32.022038 s
currentSize : 20 <-- 32.146900 s
currentSize : 27 <-- 32.152641 s

maxsize : 27
nodes : 3163639.000000
filtered : 42972817.000000
CCGP filtered : 50494.000000
CCGT filtered : 116315.000000
time : 32.193272
