Parameters: GAD=1 vflib=1 dir=0 label=0 lowerbound=1 fileNameGp=../../cp2016-max-common-connected-subgraph-paper/datasets/graphsdb/mcs90/m2D/m2Dr2/mcs90_m2Dr2_s40.A07 fileNameGt=../../cp2016-max-common-connected-subgraph-paper/datasets/graphsdb/mcs90/m2D/m2Dr2/mcs90_m2Dr2_s40.B07
Reading graphs...
40 :  75
40 :  75
Initializing...
maxdom : 40
D->valSize : 1600
Solving...
currentSize : 22 <-- 0.035666 s
currentSize : 23 <-- 0.036331 s
currentSize : 24 <-- 0.041467 s
currentSize : 25 <-- 0.071633 s
currentSize : 26 <-- 0.087537 s
currentSize : 27 <-- 4.807721 s
currentSize : 28 <-- 18.525127 s
currentSize : 29 <-- 46.297550 s
currentSize : 30 <-- 84.508018 s
currentSize : 31 <-- 84.508072 s
currentSize : 32 <-- 105.902863 s
currentSize : 34 <-- 108.629837 s
currentSize : 36 <-- 108.645737 s

maxsize : 36
nodes : 9018160.000000
filtered : 296116758.000000
CCGP filtered : 101181650.000000
CCGT filtered : 52172293.000000
time : 108.827888
