Parameters: GAD=1 vflib=1 dir=0 label=0 lowerbound=1 fileNameGp=../../cp2016-max-common-connected-subgraph-paper/datasets/graphsdb/mcs90/rand/r01/mcs90_r01_s35.A05 fileNameGt=../../cp2016-max-common-connected-subgraph-paper/datasets/graphsdb/mcs90/rand/r01/mcs90_r01_s35.B05
Reading graphs...
35 :  108
35 :  108
Initializing...
maxdom : 35
D->valSize : 1225
Solving...
currentSize : 15 <-- 0.019196 s
currentSize : 16 <-- 0.019915 s
currentSize : 17 <-- 0.021905 s
currentSize : 18 <-- 0.139577 s
currentSize : 19 <-- 1.491054 s
currentSize : 20 <-- 45.609802 s
currentSize : 21 <-- 51.644798 s
currentSize : 22 <-- 164.044907 s
currentSize : 24 <-- 197.251709 s
currentSize : 26 <-- 197.440063 s
currentSize : 28 <-- 197.493729 s
currentSize : 31 <-- 197.493973 s

maxsize : 31
nodes : 17822804.000000
filtered : 453130497.000000
CCGP filtered : 13667646.000000
CCGT filtered : 12219413.000000
time : 197.588882
