Parameters: GAD=1 vflib=1 dir=0 label=0 lowerbound=1 fileNameGp=../../cp2016-max-common-connected-subgraph-paper/datasets/graphsdb/mcs90/rand/r005/mcs90_r005_s30.A02 fileNameGt=../../cp2016-max-common-connected-subgraph-paper/datasets/graphsdb/mcs90/rand/r005/mcs90_r005_s30.B02
Reading graphs...
30 :  41
30 :  42
Initializing...
maxdom : 30
D->valSize : 900
Solving...
currentSize : 14 <-- 0.011268 s
currentSize : 15 <-- 0.011298 s
currentSize : 17 <-- 0.011368 s
currentSize : 18 <-- 0.013792 s
currentSize : 19 <-- 0.095342 s
currentSize : 20 <-- 0.096537 s
currentSize : 21 <-- 0.720400 s
currentSize : 22 <-- 0.721041 s
currentSize : 24 <-- 0.741123 s
currentSize : 26 <-- 0.836939 s
currentSize : 27 <-- 0.836960 s

maxsize : 27
nodes : 102951.000000
filtered : 1841982.000000
CCGP filtered : 1352042.000000
CCGT filtered : 613360.000000
time : 0.858741
