Parameters: GAD=1 vflib=1 dir=0 label=0 lowerbound=1 fileNameGp=../../cp2016-max-common-connected-subgraph-paper/datasets/graphsdb/mcs90/m2D/m2D/mcs90_m2D_s40.A02 fileNameGt=../../cp2016-max-common-connected-subgraph-paper/datasets/graphsdb/mcs90/m2D/m2D/mcs90_m2D_s40.B02
Reading graphs...
40 :  67
40 :  67
Initializing...
maxdom : 40
D->valSize : 1600
Solving...
currentSize : 25 <-- 0.036270 s
currentSize : 26 <-- 0.036840 s
currentSize : 27 <-- 0.037590 s
currentSize : 28 <-- 0.074314 s
currentSize : 29 <-- 1.656743 s
currentSize : 30 <-- 2.785511 s
currentSize : 31 <-- 17.707180 s
currentSize : 32 <-- 18.850630 s
currentSize : 33 <-- 21.189053 s
currentSize : 34 <-- 21.189476 s
currentSize : 36 <-- 21.193853 s

maxsize : 36
nodes : 1833988.000000
filtered : 58333763.000000
CCGP filtered : 32100864.000000
CCGT filtered : 10510342.000000
time : 21.642204
