Parameters: GAD=1 vflib=1 dir=0 label=0 lowerbound=1 fileNameGp=../../cp2016-max-common-connected-subgraph-paper/datasets/graphsdb/mcs90/bvg/b06/mcs90_b06_s30.A09 fileNameGt=../../cp2016-max-common-connected-subgraph-paper/datasets/graphsdb/mcs90/bvg/b06/mcs90_b06_s30.B09
Reading graphs...
30 :  90
30 :  89
Initializing...
maxdom : 30
D->valSize : 900
Solving...
currentSize : 14 <-- 0.010174 s
currentSize : 15 <-- 0.010216 s
currentSize : 16 <-- 0.010233 s
currentSize : 17 <-- 0.010417 s
currentSize : 18 <-- 0.010531 s
currentSize : 19 <-- 0.010670 s
currentSize : 20 <-- 0.012150 s
currentSize : 21 <-- 0.017716 s
currentSize : 22 <-- 0.020183 s
currentSize : 23 <-- 0.020934 s
currentSize : 24 <-- 0.026143 s
currentSize : 25 <-- 0.026271 s
currentSize : 27 <-- 0.033979 s

maxsize : 27
nodes : 15231.000000
filtered : 436725.000000
CCGP filtered : 3618.000000
CCGT filtered : 1089.000000
time : 0.147964
