Parameters: GAD=1 vflib=1 dir=0 label=0 lowerbound=1 fileNameGp=../../cp2016-max-common-connected-subgraph-paper/datasets/graphsdb/mcs90/m2D/m2Dr6/mcs90_m2Dr6_s30.A09 fileNameGt=../../cp2016-max-common-connected-subgraph-paper/datasets/graphsdb/mcs90/m2D/m2Dr6/mcs90_m2Dr6_s30.B09
Reading graphs...
30 :  67
30 :  66
Initializing...
maxdom : 30
D->valSize : 900
Solving...
currentSize : 13 <-- 0.010740 s
currentSize : 14 <-- 0.010916 s
currentSize : 15 <-- 0.011522 s
currentSize : 16 <-- 0.013373 s
currentSize : 17 <-- 0.017675 s
currentSize : 18 <-- 0.018281 s
currentSize : 19 <-- 0.673531 s
currentSize : 20 <-- 1.820376 s
currentSize : 21 <-- 8.688504 s
currentSize : 22 <-- 17.427088 s
currentSize : 23 <-- 17.427139 s
currentSize : 24 <-- 17.454788 s
currentSize : 25 <-- 17.456356 s

maxsize : 25
nodes : 1822856.000000
filtered : 54114398.000000
CCGP filtered : 6196714.000000
CCGT filtered : 4465404.000000
time : 17.708984
