Parameters: GAD=1 vflib=1 dir=0 label=0 lowerbound=1 fileNameGp=../../cp2016-max-common-connected-subgraph-paper/datasets/graphsdb/mcs90/bvg/b06/mcs90_b06_s50.A09 fileNameGt=../../cp2016-max-common-connected-subgraph-paper/datasets/graphsdb/mcs90/bvg/b06/mcs90_b06_s50.B09
Reading graphs...
50 :  150
50 :  150
Initializing...
maxdom : 50
D->valSize : 2500
Solving...
currentSize : 26 <-- 0.091285 s
currentSize : 27 <-- 0.091487 s
currentSize : 28 <-- 0.093345 s
currentSize : 29 <-- 0.093457 s
currentSize : 30 <-- 0.099898 s
currentSize : 31 <-- 0.111174 s
currentSize : 32 <-- 0.118525 s
currentSize : 33 <-- 0.130316 s
currentSize : 34 <-- 0.132752 s
currentSize : 35 <-- 0.260589 s
currentSize : 36 <-- 0.334858 s
currentSize : 38 <-- 0.766209 s
currentSize : 39 <-- 0.770105 s
currentSize : 40 <-- 0.810322 s
currentSize : 41 <-- 0.896893 s
currentSize : 42 <-- 0.897326 s
currentSize : 43 <-- 0.897889 s
currentSize : 44 <-- 1.049205 s
currentSize : 45 <-- 1.054936 s

maxsize : 45
nodes : 315109.000000
filtered : 15464625.000000
CCGP filtered : 335896.000000
CCGT filtered : 165930.000000
time : 5.491092
