Parameters: GAD=1 vflib=1 dir=0 label=0 lowerbound=1 fileNameGp=../../cp2016-max-common-connected-subgraph-paper/datasets/graphsdb/mcs90/rand/r01/mcs90_r01_s40.A00 fileNameGt=../../cp2016-max-common-connected-subgraph-paper/datasets/graphsdb/mcs90/rand/r01/mcs90_r01_s40.B00
Reading graphs...
40 :  144
40 :  143
Initializing...
maxdom : 40
D->valSize : 1600
Solving...
currentSize : 15 <-- 0.056468 s
currentSize : 16 <-- 0.056602 s
currentSize : 17 <-- 0.057407 s
currentSize : 18 <-- 0.060895 s
currentSize : 19 <-- 0.063815 s
currentSize : 20 <-- 74.513870 s
currentSize : 21 <-- 98.291885 s
currentSize : 22 <-- 655.448303 s
currentSize : 23 <-- 656.286499 s
currentSize : 24 <-- 785.109314 s

TIMEOUT
maxsize : 24
nodes : 80642494.000000
filtered : 2021962253.000000
CCGP filtered : 34289619.000000
CCGT filtered : 23022001.000000
time : 1000.000000
