Parameters: GAD=1 vflib=1 dir=0 label=0 lowerbound=1 fileNameGp=../../cp2016-max-common-connected-subgraph-paper/datasets/graphsdb/mcs90/rand/r005/mcs90_r005_s30.A08 fileNameGt=../../cp2016-max-common-connected-subgraph-paper/datasets/graphsdb/mcs90/rand/r005/mcs90_r005_s30.B08
Reading graphs...
30 :  41
30 :  42
Initializing...
maxdom : 30
D->valSize : 900
Solving...
currentSize : 17 <-- 0.011320 s
currentSize : 18 <-- 0.011347 s
currentSize : 19 <-- 0.035217 s
currentSize : 20 <-- 0.175612 s
currentSize : 21 <-- 0.424084 s
currentSize : 22 <-- 0.845163 s
currentSize : 23 <-- 0.845212 s
currentSize : 25 <-- 1.132863 s
currentSize : 27 <-- 1.133555 s

maxsize : 27
nodes : 127525.000000
filtered : 2636020.000000
CCGP filtered : 1754906.000000
CCGT filtered : 817326.000000
time : 1.145719
