Parameters: GAD=1 vflib=1 dir=0 label=0 lowerbound=1 fileNameGp=../../cp2016-max-common-connected-subgraph-paper/datasets/graphsdb/mcs90/bvg/b09/mcs90_b09_s30.A01 fileNameGt=../../cp2016-max-common-connected-subgraph-paper/datasets/graphsdb/mcs90/bvg/b09/mcs90_b09_s30.B01
Reading graphs...
30 :  134
30 :  134
Initializing...
maxdom : 30
D->valSize : 900
Solving...
currentSize : 10 <-- 0.009537 s
currentSize : 11 <-- 0.010082 s
currentSize : 12 <-- 0.010199 s
currentSize : 13 <-- 0.020352 s
currentSize : 14 <-- 0.020436 s
currentSize : 15 <-- 0.021525 s
currentSize : 16 <-- 0.732817 s
currentSize : 18 <-- 0.736059 s
currentSize : 19 <-- 0.737105 s
currentSize : 20 <-- 0.737343 s
currentSize : 22 <-- 0.743028 s
currentSize : 26 <-- 0.747299 s

maxsize : 26
nodes : 95205.000000
filtered : 2043263.000000
CCGP filtered : 6035.000000
CCGT filtered : 31195.000000
time : 0.973004
