Parameters: GAD=1 vflib=1 dir=0 label=0 lowerbound=1 fileNameGp=../../cp2016-max-common-connected-subgraph-paper/datasets/graphsdb/mcs90/bvg/b03/mcs90_b03_s35.A02 fileNameGt=../../cp2016-max-common-connected-subgraph-paper/datasets/graphsdb/mcs90/bvg/b03/mcs90_b03_s35.B02
Reading graphs...
35 :  52
35 :  52
Initializing...
maxdom : 35
D->valSize : 1225
Solving...
currentSize : 22 <-- 0.021113 s
currentSize : 23 <-- 0.021239 s
currentSize : 24 <-- 0.021454 s
currentSize : 25 <-- 0.022915 s
currentSize : 26 <-- 0.024772 s
currentSize : 27 <-- 0.024962 s
currentSize : 28 <-- 0.025641 s
currentSize : 29 <-- 0.066883 s
currentSize : 30 <-- 0.071481 s
currentSize : 31 <-- 0.072155 s

maxsize : 31
nodes : 60582.000000
filtered : 2030996.000000
CCGP filtered : 1479895.000000
CCGT filtered : 229233.000000
time : 0.700453
