Parameters: GAD=1 vflib=1 dir=0 label=0 lowerbound=1 fileNameGp=../../cp2016-max-common-connected-subgraph-paper/datasets/graphsdb/mcs90/bvg/b06m/mcs90_b06m_s35.A05 fileNameGt=../../cp2016-max-common-connected-subgraph-paper/datasets/graphsdb/mcs90/bvg/b06m/mcs90_b06m_s35.B05
Reading graphs...
35 :  102
35 :  102
Initializing...
maxdom : 35
D->valSize : 1225
Solving...
currentSize : 16 <-- 0.034387 s
currentSize : 17 <-- 0.034482 s
currentSize : 18 <-- 0.058416 s
currentSize : 19 <-- 0.651171 s
currentSize : 20 <-- 3.508092 s
currentSize : 21 <-- 9.262095 s
currentSize : 22 <-- 9.271683 s
currentSize : 23 <-- 9.689389 s
currentSize : 24 <-- 11.115667 s
currentSize : 25 <-- 11.137259 s
currentSize : 26 <-- 21.593803 s
currentSize : 31 <-- 22.189220 s

maxsize : 31
nodes : 1884903.000000
filtered : 68259358.000000
CCGP filtered : 5366976.000000
CCGT filtered : 3477233.000000
time : 22.249369
