Parameters: GAD=1 vflib=1 dir=0 label=0 lowerbound=1 fileNameGp=../../cp2016-max-common-connected-subgraph-paper/datasets/graphsdb/mcs90/m2D/m2D/mcs90_m2D_s40.A09 fileNameGt=../../cp2016-max-common-connected-subgraph-paper/datasets/graphsdb/mcs90/m2D/m2D/mcs90_m2D_s40.B09
Reading graphs...
40 :  67
40 :  67
Initializing...
maxdom : 40
D->valSize : 1600
Solving...
currentSize : 23 <-- 0.068644 s
currentSize : 24 <-- 0.068907 s
currentSize : 25 <-- 0.071201 s
currentSize : 26 <-- 0.071449 s
currentSize : 27 <-- 0.076453 s
currentSize : 28 <-- 0.083562 s
currentSize : 29 <-- 0.083776 s
currentSize : 31 <-- 2.581293 s
currentSize : 32 <-- 19.052179 s
currentSize : 33 <-- 21.678944 s
currentSize : 36 <-- 21.681021 s

maxsize : 36
nodes : 1946008.000000
filtered : 63249539.000000
CCGP filtered : 23159784.000000
CCGT filtered : 6181221.000000
time : 22.494236
