Parameters: GAD=1 vflib=1 dir=0 label=0 lowerbound=1 fileNameGp=../../cp2016-max-common-connected-subgraph-paper/datasets/graphsdb/mcs90/m3D/m3D/mcs90_m3D_s30.A08 fileNameGt=../../cp2016-max-common-connected-subgraph-paper/datasets/graphsdb/mcs90/m3D/m3D/mcs90_m3D_s30.B08
Reading graphs...
30 :  61
30 :  61
Initializing...
maxdom : 30
D->valSize : 900
Solving...
currentSize : 14 <-- 0.010815 s
currentSize : 16 <-- 0.010864 s
currentSize : 17 <-- 0.013158 s
currentSize : 18 <-- 0.015078 s
currentSize : 19 <-- 0.015192 s
currentSize : 20 <-- 0.045388 s
currentSize : 21 <-- 0.579801 s
currentSize : 22 <-- 0.595497 s
currentSize : 24 <-- 0.627452 s
currentSize : 25 <-- 0.627520 s
currentSize : 27 <-- 0.641342 s
currentSize : 28 <-- 0.641757 s

maxsize : 28
nodes : 78177.000000
filtered : 1456807.000000
CCGP filtered : 49648.000000
CCGT filtered : 45675.000000
time : 0.657991
