Parameters: GAD=1 vflib=1 dir=0 label=0 lowerbound=1 fileNameGp=../../cp2016-max-common-connected-subgraph-paper/datasets/graphsdb/mcs90/rand/r01/mcs90_r01_s30.A05 fileNameGt=../../cp2016-max-common-connected-subgraph-paper/datasets/graphsdb/mcs90/rand/r01/mcs90_r01_s30.B05
Reading graphs...
30 :  76
30 :  79
Initializing...
maxdom : 30
D->valSize : 900
Solving...
currentSize : 12 <-- 0.010361 s
currentSize : 13 <-- 0.010437 s
currentSize : 14 <-- 0.010836 s
currentSize : 15 <-- 0.010901 s
currentSize : 16 <-- 0.028835 s
currentSize : 17 <-- 0.534763 s
currentSize : 18 <-- 1.111827 s
currentSize : 19 <-- 1.776294 s
currentSize : 20 <-- 3.138759 s
currentSize : 22 <-- 3.416083 s
currentSize : 27 <-- 3.422777 s

maxsize : 27
nodes : 378508.000000
filtered : 7777389.000000
CCGP filtered : 695848.000000
CCGT filtered : 462235.000000
time : 3.450886
