Parameters: GAD=1 vflib=1 dir=0 label=0 lowerbound=1 fileNameGp=../../cp2016-max-common-connected-subgraph-paper/datasets/graphsdb/mcs90/bvg/b06/mcs90_b06_s40.A09 fileNameGt=../../cp2016-max-common-connected-subgraph-paper/datasets/graphsdb/mcs90/bvg/b06/mcs90_b06_s40.B09
Reading graphs...
40 :  120
40 :  119
Initializing...
maxdom : 40
D->valSize : 1600
Solving...
currentSize : 26 <-- 0.059833 s
currentSize : 27 <-- 0.060066 s
currentSize : 28 <-- 0.060309 s
currentSize : 29 <-- 0.061026 s
currentSize : 30 <-- 0.062317 s
currentSize : 31 <-- 0.064527 s
currentSize : 32 <-- 0.065785 s
currentSize : 34 <-- 0.066389 s
currentSize : 36 <-- 0.074434 s
currentSize : 37 <-- 0.248576 s

maxsize : 37
nodes : 24169.000000
filtered : 1143657.000000
CCGP filtered : 3707.000000
CCGT filtered : 1611.000000
time : 0.388159
