Parameters: GAD=1 vflib=1 dir=0 label=0 lowerbound=1 fileNameGp=../../cp2016-max-common-connected-subgraph-paper/datasets/graphsdb/mcs90/bvg/b06/mcs90_b06_s50.A02 fileNameGt=../../cp2016-max-common-connected-subgraph-paper/datasets/graphsdb/mcs90/bvg/b06/mcs90_b06_s50.B02
Reading graphs...
50 :  150
50 :  150
Initializing...
maxdom : 50
D->valSize : 2500
Solving...
currentSize : 27 <-- 0.090358 s
currentSize : 28 <-- 0.091442 s
currentSize : 29 <-- 0.119529 s
currentSize : 30 <-- 0.156000 s
currentSize : 31 <-- 0.156225 s
currentSize : 32 <-- 0.179593 s
currentSize : 33 <-- 0.293006 s
currentSize : 36 <-- 0.315346 s
currentSize : 37 <-- 0.320808 s
currentSize : 38 <-- 0.334229 s
currentSize : 39 <-- 0.336434 s
currentSize : 40 <-- 0.340250 s
currentSize : 41 <-- 0.346341 s
currentSize : 42 <-- 0.346795 s
currentSize : 43 <-- 0.347427 s
currentSize : 45 <-- 0.355490 s
currentSize : 46 <-- 0.681011 s

maxsize : 46
nodes : 69463.000000
filtered : 3994422.000000
CCGP filtered : 48111.000000
CCGT filtered : 30159.000000
time : 1.322744
