Parameters: GAD=1 vflib=1 dir=0 label=0 lowerbound=1 fileNameGp=../../cp2016-max-common-connected-subgraph-paper/datasets/graphsdb/mcs90/bvg/b09m/mcs90_b09m_s30.A01 fileNameGt=../../cp2016-max-common-connected-subgraph-paper/datasets/graphsdb/mcs90/bvg/b09m/mcs90_b09m_s30.B01
Reading graphs...
30 :  131
30 :  131
Initializing...
maxdom : 30
D->valSize : 900
Solving...
currentSize : 10 <-- 0.017458 s
currentSize : 11 <-- 0.017745 s
currentSize : 12 <-- 0.018056 s
currentSize : 13 <-- 0.027576 s
currentSize : 14 <-- 0.027673 s
currentSize : 15 <-- 0.252549 s
currentSize : 19 <-- 0.253105 s
currentSize : 20 <-- 0.303318 s
currentSize : 26 <-- 0.308101 s

maxsize : 26
nodes : 34561.000000
filtered : 976012.000000
CCGP filtered : 5746.000000
CCGT filtered : 9637.000000
time : 0.395107
