Parameters: GAD=1 vflib=1 dir=0 label=0 lowerbound=1 fileNameGp=../../cp2016-max-common-connected-subgraph-paper/datasets/graphsdb/mcs90/bvg/b09m/mcs90_b09m_s25.A00 fileNameGt=../../cp2016-max-common-connected-subgraph-paper/datasets/graphsdb/mcs90/bvg/b09m/mcs90_b09m_s25.B00
Reading graphs...
25 :  110
25 :  111
Initializing...
maxdom : 25
D->valSize : 625
Solving...
currentSize : 7 <-- 0.004851 s
currentSize : 8 <-- 0.004900 s
currentSize : 9 <-- 0.005113 s
currentSize : 10 <-- 0.005208 s
currentSize : 11 <-- 0.005833 s
currentSize : 12 <-- 0.060523 s
currentSize : 13 <-- 0.959648 s
currentSize : 14 <-- 0.960588 s
currentSize : 15 <-- 1.114441 s
currentSize : 16 <-- 1.152749 s
currentSize : 22 <-- 1.533917 s

maxsize : 22
nodes : 179091.000000
filtered : 2059584.000000
CCGP filtered : 20108.000000
CCGT filtered : 24819.000000
time : 1.548636
