Parameters: GAD=1 vflib=1 dir=0 label=0 lowerbound=1 fileNameGp=../../cp2016-max-common-connected-subgraph-paper/datasets/graphsdb/mcs90/rand/r005/mcs90_r005_s40.A07 fileNameGt=../../cp2016-max-common-connected-subgraph-paper/datasets/graphsdb/mcs90/rand/r005/mcs90_r005_s40.B07
Reading graphs...
40 :  73
40 :  72
Initializing...
maxdom : 40
D->valSize : 1600
Solving...
currentSize : 20 <-- 0.035876 s
currentSize : 21 <-- 0.072713 s
currentSize : 22 <-- 0.167858 s
currentSize : 23 <-- 1.263987 s
currentSize : 24 <-- 13.783011 s
currentSize : 25 <-- 13.821687 s
currentSize : 26 <-- 21.915428 s
currentSize : 27 <-- 72.499611 s
currentSize : 28 <-- 83.178383 s
currentSize : 29 <-- 150.918945 s
currentSize : 30 <-- 157.875015 s
currentSize : 31 <-- 172.727051 s
currentSize : 32 <-- 172.760300 s
currentSize : 34 <-- 173.155167 s
currentSize : 35 <-- 173.496170 s
currentSize : 36 <-- 173.496445 s

maxsize : 36
nodes : 13256730.000000
filtered : 414173503.000000
CCGP filtered : 193476531.000000
CCGT filtered : 125228906.000000
time : 173.620041
