Parameters: GAD=1 vflib=1 dir=0 label=0 lowerbound=1 fileNameGp=../../cp2016-max-common-connected-subgraph-paper/datasets/graphsdb/mcs90/rand/r005/mcs90_r005_s50.A06 fileNameGt=../../cp2016-max-common-connected-subgraph-paper/datasets/graphsdb/mcs90/rand/r005/mcs90_r005_s50.B06
Reading graphs...
50 :  120
50 :  120
Initializing...
maxdom : 50
D->valSize : 2500
Solving...
currentSize : 21 <-- 0.116676 s
currentSize : 22 <-- 0.118152 s
currentSize : 23 <-- 0.121082 s
currentSize : 24 <-- 0.129437 s
currentSize : 25 <-- 0.160582 s
currentSize : 26 <-- 0.188659 s
currentSize : 27 <-- 0.256021 s
currentSize : 28 <-- 33.776634 s
currentSize : 29 <-- 127.019302 s
currentSize : 30 <-- 315.518951 s
currentSize : 31 <-- 557.010925 s

TIMEOUT
maxsize : 31
nodes : 64743502.000000
filtered : 2015299514.000000
CCGP filtered : 396685412.000000
CCGT filtered : 276201933.000000
time : 1000.000061
