Parameters: GAD=1 vflib=1 dir=0 label=0 lowerbound=1 fileNameGp=../../cp2016-max-common-connected-subgraph-paper/datasets/graphsdb/mcs90/bvg/b03m/mcs90_b03m_s35.A04 fileNameGt=../../cp2016-max-common-connected-subgraph-paper/datasets/graphsdb/mcs90/bvg/b03m/mcs90_b03m_s35.B04
Reading graphs...
35 :  51
35 :  51
Initializing...
maxdom : 35
D->valSize : 1225
Solving...
currentSize : 15 <-- 0.036721 s
currentSize : 16 <-- 0.036770 s
currentSize : 17 <-- 0.037107 s
currentSize : 19 <-- 0.037546 s
currentSize : 20 <-- 0.037608 s
currentSize : 21 <-- 0.233662 s
currentSize : 22 <-- 0.361208 s
currentSize : 23 <-- 0.437403 s
currentSize : 24 <-- 0.441423 s
currentSize : 25 <-- 1.405470 s
currentSize : 26 <-- 2.923841 s
currentSize : 27 <-- 3.165058 s
currentSize : 28 <-- 3.447094 s
currentSize : 29 <-- 3.459300 s
currentSize : 30 <-- 3.459417 s

maxsize : 30
nodes : 376807.000000
filtered : 10311386.000000
CCGP filtered : 11724715.000000
CCGT filtered : 4721045.000000
time : 4.165158
