Parameters: GAD=1 vflib=1 dir=0 label=0 lowerbound=1 fileNameGp=../../cp2016-max-common-connected-subgraph-paper/datasets/graphsdb/mcs90/bvg/b06m/mcs90_b06m_s30.A05 fileNameGt=../../cp2016-max-common-connected-subgraph-paper/datasets/graphsdb/mcs90/bvg/b06m/mcs90_b06m_s30.B05
Reading graphs...
30 :  85
30 :  85
Initializing...
maxdom : 30
D->valSize : 900
Solving...
currentSize : 12 <-- 0.017852 s
currentSize : 14 <-- 0.018230 s
currentSize : 15 <-- 0.018917 s
currentSize : 16 <-- 0.059017 s
currentSize : 17 <-- 0.674341 s
currentSize : 18 <-- 2.045124 s
currentSize : 19 <-- 7.450262 s
currentSize : 21 <-- 7.621605 s
currentSize : 27 <-- 9.179964 s

maxsize : 27
nodes : 942939.000000
filtered : 21888791.000000
CCGP filtered : 1853145.000000
CCGT filtered : 1151703.000000
time : 9.201517
