Parameters: GAD=1 vflib=1 dir=0 label=0 lowerbound=1 fileNameGp=../../cp2016-max-common-connected-subgraph-paper/datasets/graphsdb/mcs90/rand/r005/mcs90_r005_s20.A00 fileNameGt=../../cp2016-max-common-connected-subgraph-paper/datasets/graphsdb/mcs90/rand/r005/mcs90_r005_s20.B00
Reading graphs...
20 :  21
20 :  21
Initializing...
maxdom : 20
D->valSize : 400
Solving...
currentSize : 6 <-- 0.002312 s
currentSize : 8 <-- 0.002394 s
currentSize : 9 <-- 0.002405 s
currentSize : 10 <-- 0.003716 s
currentSize : 11 <-- 0.003797 s
currentSize : 13 <-- 0.003827 s
currentSize : 14 <-- 0.003979 s
currentSize : 15 <-- 0.005026 s
currentSize : 16 <-- 0.005095 s
currentSize : 17 <-- 0.005658 s
currentSize : 18 <-- 0.006761 s
currentSize : 19 <-- 0.007047 s

maxsize : 19
nodes : 918.000000
filtered : 11273.000000
CCGP filtered : 10670.000000
CCGT filtered : 4465.000000
time : 0.007400
