Parameters: GAD=1 vflib=1 dir=0 label=0 lowerbound=1 fileNameGp=../../cp2016-max-common-connected-subgraph-paper/datasets/graphsdb/mcs90/rand/r005/mcs90_r005_s40.A03 fileNameGt=../../cp2016-max-common-connected-subgraph-paper/datasets/graphsdb/mcs90/rand/r005/mcs90_r005_s40.B03
Reading graphs...
40 :  75
40 :  75
Initializing...
maxdom : 40
D->valSize : 1600
Solving...
currentSize : 17 <-- 0.035543 s
currentSize : 18 <-- 0.035640 s
currentSize : 19 <-- 0.035740 s
currentSize : 20 <-- 0.037490 s
currentSize : 21 <-- 0.043803 s
currentSize : 22 <-- 0.067284 s
currentSize : 23 <-- 0.072511 s
currentSize : 24 <-- 0.073435 s
currentSize : 25 <-- 0.074205 s
currentSize : 26 <-- 4.075497 s
currentSize : 27 <-- 835.838562 s
currentSize : 28 <-- 835.839050 s
currentSize : 29 <-- 836.029907 s
currentSize : 30 <-- 898.301147 s
currentSize : 32 <-- 898.301392 s
currentSize : 33 <-- 898.301819 s
currentSize : 35 <-- 898.381165 s
currentSize : 36 <-- 898.381226 s

maxsize : 36
nodes : 75985235.000000
filtered : 2060817061.000000
CCGP filtered : 724642535.000000
CCGT filtered : 423780214.000000
time : 898.550476
