Parameters: GAD=1 vflib=1 dir=0 label=0 lowerbound=1 fileNameGp=../../cp2016-max-common-connected-subgraph-paper/datasets/graphsdb/mcs90/bvg/b06/mcs90_b06_s50.A07 fileNameGt=../../cp2016-max-common-connected-subgraph-paper/datasets/graphsdb/mcs90/bvg/b06/mcs90_b06_s50.B07
Reading graphs...
50 :  150
50 :  150
Initializing...
maxdom : 50
D->valSize : 2500
Solving...
currentSize : 37 <-- 0.091318 s
currentSize : 38 <-- 0.101996 s
currentSize : 39 <-- 0.102887 s
currentSize : 40 <-- 0.105826 s
currentSize : 41 <-- 0.115722 s
currentSize : 42 <-- 0.282521 s
currentSize : 43 <-- 0.283161 s
currentSize : 44 <-- 0.544649 s
currentSize : 45 <-- 0.548250 s
currentSize : 46 <-- 1.401367 s

maxsize : 46
nodes : 108337.000000
filtered : 6462652.000000
CCGP filtered : 102504.000000
CCGT filtered : 17946.000000
time : 2.097378
