Parameters: GAD=1 vflib=1 dir=0 label=0 lowerbound=1 fileNameGp=../../cp2016-max-common-connected-subgraph-paper/datasets/graphsdb/mcs90/m2D/m2D/mcs90_m2D_s50.A01 fileNameGt=../../cp2016-max-common-connected-subgraph-paper/datasets/graphsdb/mcs90/m2D/m2D/mcs90_m2D_s50.B01
Reading graphs...
50 :  85
50 :  85
Initializing...
maxdom : 50
D->valSize : 2500
Solving...
currentSize : 36 <-- 0.097710 s
currentSize : 38 <-- 0.098618 s
currentSize : 39 <-- 0.119913 s
currentSize : 40 <-- 0.171974 s
currentSize : 41 <-- 0.322450 s
currentSize : 42 <-- 0.368544 s
currentSize : 43 <-- 0.404168 s
currentSize : 44 <-- 0.438222 s
currentSize : 45 <-- 0.462054 s
currentSize : 46 <-- 0.559868 s
currentSize : 49 <-- 0.567092 s

maxsize : 49
nodes : 39246.000000
filtered : 1153129.000000
CCGP filtered : 352807.000000
CCGT filtered : 54605.000000
time : 0.576740
