Parameters: GAD=1 vflib=1 dir=0 label=0 lowerbound=1 fileNameGp=../../cp2016-max-common-connected-subgraph-paper/datasets/graphsdb/mcs90/bvg/b06m/mcs90_b06m_s30.A06 fileNameGt=../../cp2016-max-common-connected-subgraph-paper/datasets/graphsdb/mcs90/bvg/b06m/mcs90_b06m_s30.B06
Reading graphs...
30 :  88
30 :  88
Initializing...
maxdom : 30
D->valSize : 900
Solving...
currentSize : 13 <-- 0.018566 s
currentSize : 14 <-- 0.022148 s
currentSize : 15 <-- 0.023469 s
currentSize : 16 <-- 0.029037 s
currentSize : 17 <-- 0.062788 s
currentSize : 18 <-- 0.766076 s
currentSize : 19 <-- 5.306643 s
currentSize : 20 <-- 6.970860 s
currentSize : 21 <-- 6.970969 s
currentSize : 22 <-- 6.989396 s
currentSize : 23 <-- 7.000482 s
currentSize : 27 <-- 7.002434 s

maxsize : 27
nodes : 720279.000000
filtered : 18905222.000000
CCGP filtered : 2290092.000000
CCGT filtered : 841555.000000
time : 7.031340
