Parameters: GAD=1 vflib=1 dir=0 label=0 lowerbound=1 fileNameGp=../../cp2016-max-common-connected-subgraph-paper/datasets/graphsdb/mcs90/bvg/b09/mcs90_b09_s35.A06 fileNameGt=../../cp2016-max-common-connected-subgraph-paper/datasets/graphsdb/mcs90/bvg/b09/mcs90_b09_s35.B06
Reading graphs...
35 :  156
35 :  157
Initializing...
maxdom : 35
D->valSize : 1225
Solving...
currentSize : 13 <-- 0.018157 s
currentSize : 14 <-- 0.020615 s
currentSize : 15 <-- 0.022239 s
currentSize : 16 <-- 0.052866 s
currentSize : 17 <-- 2.096200 s
currentSize : 18 <-- 2.097395 s
currentSize : 19 <-- 2.099121 s
currentSize : 20 <-- 2.108345 s
currentSize : 21 <-- 2.134776 s
currentSize : 22 <-- 2.235018 s
currentSize : 23 <-- 2.361501 s
currentSize : 24 <-- 2.363068 s
currentSize : 27 <-- 2.363266 s
currentSize : 30 <-- 2.363543 s

maxsize : 30
nodes : 248632.000000
filtered : 6875953.000000
CCGP filtered : 25398.000000
CCGT filtered : 42674.000000
time : 3.079842
