Parameters: GAD=1 vflib=1 dir=0 label=0 lowerbound=1 fileNameGp=../../cp2016-max-common-connected-subgraph-paper/datasets/graphsdb/mcs90/m3D/m3Dr4/mcs90_m3Dr4_s30.A07 fileNameGt=../../cp2016-max-common-connected-subgraph-paper/datasets/graphsdb/mcs90/m3D/m3Dr4/mcs90_m3Dr4_s30.B07
Reading graphs...
30 :  73
30 :  72
Initializing...
maxdom : 30
D->valSize : 900
Solving...
currentSize : 15 <-- 0.010801 s
currentSize : 16 <-- 0.010878 s
currentSize : 17 <-- 0.010942 s
currentSize : 19 <-- 0.011014 s
currentSize : 20 <-- 0.469678 s
currentSize : 21 <-- 0.582264 s
currentSize : 22 <-- 0.582426 s
currentSize : 23 <-- 0.742902 s
currentSize : 27 <-- 0.751936 s

maxsize : 27
nodes : 92241.000000
filtered : 1620550.000000
CCGP filtered : 39325.000000
CCGT filtered : 16446.000000
time : 0.774895
