Parameters: GAD=1 vflib=1 dir=0 label=0 lowerbound=1 fileNameGp=../../cp2016-max-common-connected-subgraph-paper/datasets/graphsdb/mcs90/bvg/b09m/mcs90_b09m_s30.A09 fileNameGt=../../cp2016-max-common-connected-subgraph-paper/datasets/graphsdb/mcs90/bvg/b09m/mcs90_b09m_s30.B09
Reading graphs...
30 :  131
30 :  132
Initializing...
maxdom : 30
D->valSize : 900
Solving...
currentSize : 11 <-- 0.016912 s
currentSize : 12 <-- 0.017967 s
currentSize : 13 <-- 0.020027 s
currentSize : 14 <-- 0.317048 s
currentSize : 15 <-- 8.975450 s
currentSize : 16 <-- 8.976266 s
currentSize : 18 <-- 17.147421 s
currentSize : 19 <-- 17.865896 s
currentSize : 20 <-- 17.865976 s
currentSize : 21 <-- 17.868988 s
currentSize : 26 <-- 18.828581 s

maxsize : 26
nodes : 1901636.000000
filtered : 32507024.000000
CCGP filtered : 321314.000000
CCGT filtered : 574024.000000
time : 18.895266
