Parameters: GAD=1 vflib=1 dir=0 label=0 lowerbound=1 fileNameGp=../../cp2016-max-common-connected-subgraph-paper/datasets/graphsdb/mcs90/bvg/b06m/mcs90_b06m_s25.A06 fileNameGt=../../cp2016-max-common-connected-subgraph-paper/datasets/graphsdb/mcs90/bvg/b06m/mcs90_b06m_s25.B06
Reading graphs...
25 :  74
25 :  74
Initializing...
maxdom : 25
D->valSize : 625
Solving...
currentSize : 10 <-- 0.004704 s
currentSize : 11 <-- 0.004864 s
currentSize : 12 <-- 0.005015 s
currentSize : 13 <-- 0.005338 s
currentSize : 14 <-- 0.007774 s
currentSize : 15 <-- 0.242895 s
currentSize : 16 <-- 0.362573 s
currentSize : 18 <-- 0.383163 s
currentSize : 22 <-- 0.385309 s

maxsize : 22
nodes : 51437.000000
filtered : 962245.000000
CCGP filtered : 52028.000000
CCGT filtered : 31682.000000
time : 0.409157
