Parameters: GAD=1 vflib=1 dir=0 label=0 lowerbound=1 fileNameGp=../../cp2016-max-common-connected-subgraph-paper/datasets/graphsdb/mcs90/bvg/b06m/mcs90_b06m_s40.A00 fileNameGt=../../cp2016-max-common-connected-subgraph-paper/datasets/graphsdb/mcs90/bvg/b06m/mcs90_b06m_s40.B00
Reading graphs...
40 :  120
40 :  120
Initializing...
maxdom : 40
D->valSize : 1600
Solving...
currentSize : 17 <-- 0.058484 s
currentSize : 18 <-- 0.058800 s
currentSize : 19 <-- 0.059114 s
currentSize : 20 <-- 0.059442 s
currentSize : 21 <-- 0.060536 s
currentSize : 22 <-- 0.064490 s
currentSize : 23 <-- 3.042441 s
currentSize : 24 <-- 317.615448 s
currentSize : 25 <-- 413.586578 s
currentSize : 26 <-- 606.884033 s
currentSize : 28 <-- 674.220276 s
currentSize : 29 <-- 674.236572 s
currentSize : 30 <-- 679.240967 s
currentSize : 32 <-- 680.606262 s
currentSize : 36 <-- 680.620667 s

maxsize : 36
nodes : 52535854.000000
filtered : 1688383934.000000
CCGP filtered : 236350258.000000
CCGT filtered : 163698987.000000
time : 680.761414
