Parameters: GAD=1 vflib=1 dir=0 label=0 lowerbound=1 fileNameGp=../../cp2016-max-common-connected-subgraph-paper/datasets/graphsdb/mcs90/m3D/m3Dr6/mcs90_m3Dr6_s30.A00 fileNameGt=../../cp2016-max-common-connected-subgraph-paper/datasets/graphsdb/mcs90/m3D/m3Dr6/mcs90_m3Dr6_s30.B00
Reading graphs...
30 :  77
30 :  76
Initializing...
maxdom : 30
D->valSize : 900
Solving...
currentSize : 14 <-- 0.018520 s
currentSize : 16 <-- 0.030611 s
currentSize : 17 <-- 0.249315 s
currentSize : 18 <-- 0.974052 s
currentSize : 19 <-- 11.116560 s
currentSize : 21 <-- 23.859840 s
currentSize : 22 <-- 24.196669 s
currentSize : 23 <-- 24.998293 s
currentSize : 25 <-- 26.782412 s
currentSize : 27 <-- 26.793793 s

maxsize : 27
nodes : 2908757.000000
filtered : 61419760.000000
CCGP filtered : 1721759.000000
CCGT filtered : 1176645.000000
time : 26.807394
