Parameters: GAD=1 vflib=1 dir=0 label=0 lowerbound=1 fileNameGp=../../cp2016-max-common-connected-subgraph-paper/datasets/graphsdb/mcs90/m3D/m3Dr4/mcs90_m3Dr4_s30.A03 fileNameGt=../../cp2016-max-common-connected-subgraph-paper/datasets/graphsdb/mcs90/m3D/m3Dr4/mcs90_m3Dr4_s30.B03
Reading graphs...
30 :  72
30 :  69
Initializing...
maxdom : 30
D->valSize : 900
Solving...
currentSize : 13 <-- 0.010560 s
currentSize : 14 <-- 0.010805 s
currentSize : 15 <-- 0.011052 s
currentSize : 16 <-- 0.012291 s
currentSize : 17 <-- 0.015360 s
currentSize : 18 <-- 0.095804 s
currentSize : 19 <-- 4.054465 s
currentSize : 20 <-- 4.541161 s
currentSize : 21 <-- 5.977666 s
currentSize : 22 <-- 7.965101 s
currentSize : 23 <-- 7.980359 s
currentSize : 24 <-- 8.746121 s
currentSize : 27 <-- 9.052348 s

maxsize : 27
nodes : 1036696.000000
filtered : 21405245.000000
CCGP filtered : 739153.000000
CCGT filtered : 938968.000000
time : 9.094027
