Parameters: GAD=1 vflib=1 dir=0 label=0 lowerbound=1 fileNameGp=../../cp2016-max-common-connected-subgraph-paper/datasets/graphsdb/mcs90/bvg/b06m/mcs90_b06m_s35.A08 fileNameGt=../../cp2016-max-common-connected-subgraph-paper/datasets/graphsdb/mcs90/bvg/b06m/mcs90_b06m_s35.B08
Reading graphs...
35 :  103
35 :  102
Initializing...
maxdom : 35
D->valSize : 1225
Solving...
currentSize : 15 <-- 0.033270 s
currentSize : 17 <-- 0.033561 s
currentSize : 18 <-- 0.061332 s
currentSize : 19 <-- 0.642325 s
currentSize : 20 <-- 1.385205 s
currentSize : 21 <-- 28.136024 s
currentSize : 22 <-- 56.797550 s
currentSize : 24 <-- 71.460732 s
currentSize : 25 <-- 80.432114 s
currentSize : 26 <-- 81.452995 s
currentSize : 31 <-- 81.459946 s

maxsize : 31
nodes : 7249830.000000
filtered : 201630324.000000
CCGP filtered : 17447605.000000
CCGT filtered : 11554296.000000
time : 81.561546
