Parameters: GAD=1 vflib=1 dir=0 label=0 lowerbound=1 fileNameGp=../../cp2016-max-common-connected-subgraph-paper/datasets/graphsdb/mcs90/bvg/b09/mcs90_b09_s25.A02 fileNameGt=../../cp2016-max-common-connected-subgraph-paper/datasets/graphsdb/mcs90/bvg/b09/mcs90_b09_s25.B02
Reading graphs...
25 :  111
25 :  112
Initializing...
maxdom : 25
D->valSize : 625
Solving...
currentSize : 10 <-- 0.004439 s
currentSize : 11 <-- 0.004502 s
currentSize : 12 <-- 0.005613 s
currentSize : 13 <-- 0.009023 s
currentSize : 14 <-- 0.010526 s
currentSize : 15 <-- 0.018116 s
currentSize : 17 <-- 0.024575 s
currentSize : 19 <-- 0.073471 s
currentSize : 22 <-- 0.168372 s

maxsize : 22
nodes : 19498.000000
filtered : 704201.000000
CCGP filtered : 1006.000000
CCGT filtered : 364.000000
time : 0.191750
