Parameters: GAD=1 vflib=1 dir=0 label=0 lowerbound=1 fileNameGp=../../cp2016-max-common-connected-subgraph-paper/datasets/graphsdb/mcs90/m2D/m2D/mcs90_m2D_s30.A06 fileNameGt=../../cp2016-max-common-connected-subgraph-paper/datasets/graphsdb/mcs90/m2D/m2D/mcs90_m2D_s30.B06
Reading graphs...
30 :  49
30 :  49
Initializing...
maxdom : 30
D->valSize : 900
Solving...
currentSize : 17 <-- 0.011065 s
currentSize : 18 <-- 0.012701 s
currentSize : 19 <-- 0.026335 s
currentSize : 20 <-- 0.039464 s
currentSize : 21 <-- 0.044700 s
currentSize : 22 <-- 0.045270 s
currentSize : 23 <-- 1.730239 s
currentSize : 24 <-- 3.621090 s
currentSize : 25 <-- 3.622260 s

maxsize : 25
nodes : 477502.000000
filtered : 11867537.000000
CCGP filtered : 3190718.000000
CCGT filtered : 1659090.000000
time : 4.241016
