Parameters: GAD=1 vflib=1 dir=0 label=0 lowerbound=1 fileNameGp=../../cp2016-max-common-connected-subgraph-paper/datasets/graphsdb/mcs90/rand/r005/mcs90_r005_s30.A04 fileNameGt=../../cp2016-max-common-connected-subgraph-paper/datasets/graphsdb/mcs90/rand/r005/mcs90_r005_s30.B04
Reading graphs...
30 :  42
30 :  42
Initializing...
maxdom : 30
D->valSize : 900
Solving...
currentSize : 12 <-- 0.011158 s
currentSize : 14 <-- 0.011208 s
currentSize : 15 <-- 0.011311 s
currentSize : 17 <-- 0.011350 s
currentSize : 18 <-- 0.023426 s
currentSize : 19 <-- 0.062902 s
currentSize : 20 <-- 0.068726 s
currentSize : 21 <-- 0.641495 s
currentSize : 22 <-- 0.746110 s
currentSize : 23 <-- 0.806419 s
currentSize : 24 <-- 0.806436 s
currentSize : 27 <-- 0.806616 s

maxsize : 27
nodes : 76693.000000
filtered : 1958231.000000
CCGP filtered : 1696296.000000
CCGT filtered : 1320130.000000
time : 0.835012
