Parameters: GAD=1 vflib=1 dir=0 label=0 lowerbound=1 fileNameGp=../../cp2016-max-common-connected-subgraph-paper/datasets/graphsdb/mcs90/m2D/m2Dr4/mcs90_m2Dr4_s40.A03 fileNameGt=../../cp2016-max-common-connected-subgraph-paper/datasets/graphsdb/mcs90/m2D/m2Dr4/mcs90_m2Dr4_s40.B03
Reading graphs...
40 :  82
40 :  82
Initializing...
maxdom : 40
D->valSize : 1600
Solving...
currentSize : 17 <-- 0.061967 s
currentSize : 19 <-- 0.062555 s
currentSize : 20 <-- 0.062605 s
currentSize : 21 <-- 0.063354 s
currentSize : 22 <-- 0.067748 s
currentSize : 23 <-- 0.086996 s
currentSize : 24 <-- 0.740066 s
currentSize : 25 <-- 4.873734 s
currentSize : 26 <-- 61.842079 s
currentSize : 27 <-- 61.866562 s
currentSize : 28 <-- 61.867889 s
currentSize : 29 <-- 131.939972 s
currentSize : 30 <-- 254.227585 s
currentSize : 32 <-- 254.290161 s
currentSize : 33 <-- 267.173431 s
currentSize : 36 <-- 267.173615 s

maxsize : 36
nodes : 20905041.000000
filtered : 781176165.000000
CCGP filtered : 80728896.000000
CCGT filtered : 66250652.000000
time : 267.308167
