Parameters: GAD=1 vflib=1 dir=0 label=0 lowerbound=1 fileNameGp=../../cp2016-max-common-connected-subgraph-paper/datasets/graphsdb/mcs90/m2D/m2Dr6/mcs90_m2Dr6_s30.A00 fileNameGt=../../cp2016-max-common-connected-subgraph-paper/datasets/graphsdb/mcs90/m2D/m2Dr6/mcs90_m2Dr6_s30.B00
Reading graphs...
30 :  67
30 :  66
Initializing...
maxdom : 30
D->valSize : 900
Solving...
currentSize : 11 <-- 0.018945 s
currentSize : 12 <-- 0.019112 s
currentSize : 13 <-- 0.019141 s
currentSize : 14 <-- 0.019976 s
currentSize : 15 <-- 0.021042 s
currentSize : 16 <-- 0.023017 s
currentSize : 17 <-- 0.058439 s
currentSize : 18 <-- 0.113631 s
currentSize : 19 <-- 0.183554 s
currentSize : 21 <-- 2.225890 s
currentSize : 22 <-- 3.774370 s
currentSize : 23 <-- 4.158777 s
currentSize : 25 <-- 4.159349 s

maxsize : 25
nodes : 482612.000000
filtered : 11855082.000000
CCGP filtered : 1506952.000000
CCGT filtered : 885656.000000
time : 4.396282
