Parameters: GAD=1 vflib=1 dir=0 label=0 lowerbound=1 fileNameGp=../../cp2016-max-common-connected-subgraph-paper/datasets/graphsdb/mcs90/bvg/b09m/mcs90_b09m_s30.A03 fileNameGt=../../cp2016-max-common-connected-subgraph-paper/datasets/graphsdb/mcs90/bvg/b09m/mcs90_b09m_s30.B03
Reading graphs...
30 :  131
30 :  132
Initializing...
maxdom : 30
D->valSize : 900
Solving...
currentSize : 12 <-- 0.016863 s
currentSize : 13 <-- 0.017045 s
currentSize : 14 <-- 0.368495 s
currentSize : 15 <-- 4.893377 s
currentSize : 16 <-- 13.989402 s
currentSize : 17 <-- 14.146044 s
currentSize : 18 <-- 15.686832 s
currentSize : 20 <-- 15.741540 s
currentSize : 26 <-- 15.763752 s

maxsize : 26
nodes : 1633766.000000
filtered : 27063274.000000
CCGP filtered : 476307.000000
CCGT filtered : 489524.000000
time : 15.835280
