Parameters: GAD=1 vflib=1 dir=0 label=0 lowerbound=1 fileNameGp=../../cp2016-max-common-connected-subgraph-paper/datasets/graphsdb/mcs90/m2D/m2Dr6/mcs90_m2Dr6_s30.A04 fileNameGt=../../cp2016-max-common-connected-subgraph-paper/datasets/graphsdb/mcs90/m2D/m2Dr6/mcs90_m2Dr6_s30.B04
Reading graphs...
30 :  67
30 :  67
Initializing...
maxdom : 30
D->valSize : 900
Solving...
currentSize : 11 <-- 0.010677 s
currentSize : 12 <-- 0.010801 s
currentSize : 13 <-- 0.010936 s
currentSize : 14 <-- 0.011023 s
currentSize : 15 <-- 0.011254 s
currentSize : 16 <-- 0.018416 s
currentSize : 17 <-- 0.038469 s
currentSize : 18 <-- 0.222799 s
currentSize : 19 <-- 0.326563 s
currentSize : 20 <-- 9.859426 s
currentSize : 22 <-- 15.155570 s
currentSize : 25 <-- 20.733061 s

maxsize : 25
nodes : 2262745.000000
filtered : 54532528.000000
CCGP filtered : 5057263.000000
CCGT filtered : 3402114.000000
time : 20.806866
