Parameters: GAD=1 vflib=1 dir=0 label=0 lowerbound=1 fileNameGp=../../cp2016-max-common-connected-subgraph-paper/datasets/graphsdb/mcs90/bvg/b06/mcs90_b06_s35.A04 fileNameGt=../../cp2016-max-common-connected-subgraph-paper/datasets/graphsdb/mcs90/bvg/b06/mcs90_b06_s35.B04
Reading graphs...
35 :  104
35 :  105
Initializing...
maxdom : 35
D->valSize : 1225
Solving...
currentSize : 19 <-- 0.019270 s
currentSize : 20 <-- 0.019325 s
currentSize : 21 <-- 0.019387 s
currentSize : 22 <-- 0.022964 s
currentSize : 23 <-- 0.023170 s
currentSize : 24 <-- 0.023892 s
currentSize : 25 <-- 0.024125 s
currentSize : 26 <-- 0.026304 s
currentSize : 27 <-- 0.034390 s
currentSize : 28 <-- 0.040538 s
currentSize : 29 <-- 0.040749 s
currentSize : 31 <-- 0.058369 s
currentSize : 32 <-- 0.243959 s

maxsize : 32
nodes : 22828.000000
filtered : 993511.000000
CCGP filtered : 8092.000000
CCGT filtered : 1475.000000
time : 0.286775
