Parameters: GAD=1 vflib=1 dir=0 label=0 lowerbound=1 fileNameGp=../../cp2016-max-common-connected-subgraph-paper/datasets/graphsdb/mcs90/m2D/m2Dr4/mcs90_m2Dr4_s30.A09 fileNameGt=../../cp2016-max-common-connected-subgraph-paper/datasets/graphsdb/mcs90/m2D/m2Dr4/mcs90_m2Dr4_s30.B09
Reading graphs...
30 :  59
30 :  60
Initializing...
maxdom : 30
D->valSize : 900
Solving...
currentSize : 15 <-- 0.010946 s
currentSize : 16 <-- 0.011167 s
currentSize : 17 <-- 0.012035 s
currentSize : 18 <-- 0.016481 s
currentSize : 19 <-- 0.169423 s
currentSize : 20 <-- 1.047694 s
currentSize : 21 <-- 10.507742 s
currentSize : 23 <-- 10.509527 s
currentSize : 24 <-- 10.509689 s
currentSize : 25 <-- 11.119918 s

maxsize : 25
nodes : 1333132.000000
filtered : 27216506.000000
CCGP filtered : 3989529.000000
CCGT filtered : 2487112.000000
time : 11.295646
