Parameters: GAD=1 vflib=1 dir=0 label=0 lowerbound=1 fileNameGp=../../cp2016-max-common-connected-subgraph-paper/datasets/graphsdb/mcs90/rand/r005/mcs90_r005_s40.A00 fileNameGt=../../cp2016-max-common-connected-subgraph-paper/datasets/graphsdb/mcs90/rand/r005/mcs90_r005_s40.B00
Reading graphs...
40 :  77
40 :  77
Initializing...
maxdom : 40
D->valSize : 1600
Solving...
currentSize : 15 <-- 0.035336 s
currentSize : 16 <-- 0.035412 s
currentSize : 19 <-- 0.035593 s
currentSize : 20 <-- 0.037199 s
currentSize : 21 <-- 0.048021 s
currentSize : 22 <-- 0.063802 s
currentSize : 23 <-- 0.110022 s
currentSize : 24 <-- 0.334854 s
currentSize : 25 <-- 6.055398 s
currentSize : 26 <-- 8.609677 s
currentSize : 27 <-- 19.126415 s
currentSize : 28 <-- 19.144844 s
currentSize : 29 <-- 44.672520 s
currentSize : 30 <-- 47.255695 s
currentSize : 31 <-- 51.083038 s
currentSize : 32 <-- 51.083061 s
currentSize : 34 <-- 51.719620 s
currentSize : 36 <-- 51.760479 s

maxsize : 36
nodes : 3899970.000000
filtered : 135443875.000000
CCGP filtered : 43126821.000000
CCGT filtered : 37963098.000000
time : 51.882511
