Parameters: GAD=1 vflib=1 dir=0 label=0 lowerbound=1 fileNameGp=../../cp2016-max-common-connected-subgraph-paper/datasets/graphsdb/mcs90/bvg/b03m/mcs90_b03m_s25.A06 fileNameGt=../../cp2016-max-common-connected-subgraph-paper/datasets/graphsdb/mcs90/bvg/b03m/mcs90_b03m_s25.B06
Reading graphs...
25 :  36
25 :  36
Initializing...
maxdom : 25
D->valSize : 625
Solving...
currentSize : 7 <-- 0.005247 s
currentSize : 8 <-- 0.005396 s
currentSize : 11 <-- 0.005567 s
currentSize : 12 <-- 0.005700 s
currentSize : 13 <-- 0.005803 s
currentSize : 14 <-- 0.006071 s
currentSize : 15 <-- 0.007538 s
currentSize : 17 <-- 0.010917 s
currentSize : 18 <-- 0.028003 s
currentSize : 22 <-- 0.039237 s

maxsize : 22
nodes : 7862.000000
filtered : 176892.000000
CCGP filtered : 148435.000000
CCGT filtered : 29376.000000
time : 0.062925
