Parameters: GAD=1 vflib=1 dir=0 label=0 lowerbound=1 fileNameGp=../../cp2016-max-common-connected-subgraph-paper/datasets/graphsdb/mcs90/bvg/b03/mcs90_b03_s25.A04 fileNameGt=../../cp2016-max-common-connected-subgraph-paper/datasets/graphsdb/mcs90/bvg/b03/mcs90_b03_s25.B04
Reading graphs...
25 :  37
25 :  37
Initializing...
maxdom : 25
D->valSize : 625
Solving...
currentSize : 14 <-- 0.009054 s
currentSize : 15 <-- 0.009116 s
currentSize : 16 <-- 0.009189 s
currentSize : 17 <-- 0.009576 s
currentSize : 18 <-- 0.010306 s
currentSize : 19 <-- 0.014570 s
currentSize : 20 <-- 0.015533 s
currentSize : 22 <-- 0.032169 s
currentSize : 23 <-- 0.062885 s

maxsize : 23
nodes : 8098.000000
filtered : 148922.000000
CCGP filtered : 31090.000000
CCGT filtered : 7655.000000
time : 0.080378
