Parameters: GAD=1 vflib=1 dir=0 label=0 lowerbound=1 fileNameGp=../../cp2016-max-common-connected-subgraph-paper/datasets/graphsdb/mcs90/rand/r01/mcs90_r01_s35.A09 fileNameGt=../../cp2016-max-common-connected-subgraph-paper/datasets/graphsdb/mcs90/rand/r01/mcs90_r01_s35.B09
Reading graphs...
35 :  115
35 :  115
Initializing...
maxdom : 35
D->valSize : 1225
Solving...
currentSize : 13 <-- 0.019127 s
currentSize : 14 <-- 0.019215 s
currentSize : 15 <-- 0.019494 s
currentSize : 16 <-- 0.051210 s
currentSize : 17 <-- 0.412939 s
currentSize : 18 <-- 1.749380 s
currentSize : 19 <-- 27.118330 s
currentSize : 21 <-- 27.778177 s
currentSize : 22 <-- 74.284790 s
currentSize : 31 <-- 127.330032 s

maxsize : 31
nodes : 11017599.000000
filtered : 295274081.000000
CCGP filtered : 7487220.000000
CCGT filtered : 6894624.000000
time : 127.494293
