Parameters: GAD=1 vflib=1 dir=0 label=0 lowerbound=1 fileNameGp=../../cp2016-max-common-connected-subgraph-paper/datasets/graphsdb/mcs90/m2D/m2D/mcs90_m2D_s30.A07 fileNameGt=../../cp2016-max-common-connected-subgraph-paper/datasets/graphsdb/mcs90/m2D/m2D/mcs90_m2D_s30.B07
Reading graphs...
30 :  49
30 :  49
Initializing...
maxdom : 30
D->valSize : 900
Solving...
currentSize : 19 <-- 0.019674 s
currentSize : 20 <-- 0.020212 s
currentSize : 21 <-- 0.021547 s
currentSize : 22 <-- 0.178179 s
currentSize : 23 <-- 0.841862 s
currentSize : 24 <-- 0.861819 s
currentSize : 25 <-- 0.861940 s
currentSize : 26 <-- 0.869166 s
currentSize : 27 <-- 0.964511 s

maxsize : 27
nodes : 101675.000000
filtered : 2578868.000000
CCGP filtered : 1066180.000000
CCGT filtered : 491314.000000
time : 0.974322
