Parameters: GAD=1 vflib=1 dir=0 label=0 lowerbound=1 fileNameGp=../../cp2016-max-common-connected-subgraph-paper/datasets/graphsdb/mcs90/bvg/b03m/mcs90_b03m_s30.A02 fileNameGt=../../cp2016-max-common-connected-subgraph-paper/datasets/graphsdb/mcs90/bvg/b03m/mcs90_b03m_s30.B02
Reading graphs...
30 :  45
30 :  45
Initializing...
maxdom : 30
D->valSize : 900
Solving...
currentSize : 13 <-- 0.019301 s
currentSize : 14 <-- 0.020249 s
currentSize : 17 <-- 0.020284 s
currentSize : 18 <-- 0.028043 s
currentSize : 19 <-- 0.061818 s
currentSize : 20 <-- 0.076785 s
currentSize : 21 <-- 0.086865 s
currentSize : 22 <-- 0.467513 s
currentSize : 23 <-- 1.233554 s
currentSize : 24 <-- 3.175370 s
currentSize : 25 <-- 3.175485 s
currentSize : 26 <-- 3.175610 s
currentSize : 27 <-- 3.285830 s

maxsize : 27
nodes : 358728.000000
filtered : 7916672.000000
CCGP filtered : 4944090.000000
CCGT filtered : 2237835.000000
time : 3.296712
