Parameters: GAD=1 vflib=1 dir=0 label=0 lowerbound=1 fileNameGp=../../cp2016-max-common-connected-subgraph-paper/datasets/graphsdb/mcs90/m4D/m4Dr2/mcs90_m4Dr2_s20.A07 fileNameGt=../../cp2016-max-common-connected-subgraph-paper/datasets/graphsdb/mcs90/m4D/m4Dr2/mcs90_m4Dr2_s20.B07
Reading graphs...
20 :  41
20 :  41
Initializing...
maxdom : 20
D->valSize : 400
Solving...
currentSize : 8 <-- 0.002165 s
currentSize : 9 <-- 0.002264 s
currentSize : 10 <-- 0.002403 s
currentSize : 11 <-- 0.002621 s
currentSize : 12 <-- 0.002917 s
currentSize : 13 <-- 0.003023 s
currentSize : 14 <-- 0.009358 s
currentSize : 15 <-- 0.038797 s
currentSize : 16 <-- 0.038843 s

maxsize : 16
nodes : 6764.000000
filtered : 161080.000000
CCGP filtered : 76358.000000
CCGT filtered : 34044.000000
time : 0.052151
