Parameters: GAD=1 vflib=1 dir=0 label=0 lowerbound=1 fileNameGp=../../cp2016-max-common-connected-subgraph-paper/datasets/graphsdb/mcs90/m2D/m2Dr6/mcs90_m2Dr6_s30.A02 fileNameGt=../../cp2016-max-common-connected-subgraph-paper/datasets/graphsdb/mcs90/m2D/m2Dr6/mcs90_m2Dr6_s30.B02
Reading graphs...
30 :  65
30 :  64
Initializing...
maxdom : 30
D->valSize : 900
Solving...
currentSize : 14 <-- 0.010936 s
currentSize : 15 <-- 0.011052 s
currentSize : 16 <-- 0.016720 s
currentSize : 17 <-- 0.017373 s
currentSize : 18 <-- 0.113904 s
currentSize : 19 <-- 0.346329 s
currentSize : 20 <-- 4.380693 s
currentSize : 21 <-- 14.358445 s
currentSize : 23 <-- 20.158358 s
currentSize : 25 <-- 22.200859 s

maxsize : 25
nodes : 2551787.000000
filtered : 60065053.000000
CCGP filtered : 4567901.000000
CCGT filtered : 2401809.000000
time : 22.376589
