Parameters: GAD=1 vflib=1 dir=0 label=0 lowerbound=1 fileNameGp=../../cp2016-max-common-connected-subgraph-paper/datasets/graphsdb/mcs90/bvg/b09m/mcs90_b09m_s40.A03 fileNameGt=../../cp2016-max-common-connected-subgraph-paper/datasets/graphsdb/mcs90/bvg/b09m/mcs90_b09m_s40.B03
Reading graphs...
40 :  175
40 :  176
Initializing...
maxdom : 40
D->valSize : 1600
Solving...
currentSize : 14 <-- 0.052119 s
currentSize : 15 <-- 0.058558 s
currentSize : 16 <-- 0.084882 s
currentSize : 17 <-- 0.087011 s
currentSize : 18 <-- 0.368548 s
currentSize : 19 <-- 209.763412 s
currentSize : 20 <-- 491.808441 s
currentSize : 21 <-- 492.230774 s
currentSize : 22 <-- 527.844971 s
currentSize : 23 <-- 838.658752 s
currentSize : 25 <-- 967.115479 s
currentSize : 36 <-- 971.465332 s

maxsize : 36
nodes : 73133542.000000
filtered : 1912164503.000000
CCGP filtered : 23193664.000000
CCGT filtered : 45239908.000000
time : 971.657104
