Parameters: GAD=1 vflib=1 dir=0 label=0 lowerbound=1 fileNameGp=../../cp2016-max-common-connected-subgraph-paper/datasets/graphsdb/mcs90/bvg/b09m/mcs90_b09m_s35.A05 fileNameGt=../../cp2016-max-common-connected-subgraph-paper/datasets/graphsdb/mcs90/bvg/b09m/mcs90_b09m_s35.B05
Reading graphs...
35 :  150
35 :  150
Initializing...
maxdom : 35
D->valSize : 1225
Solving...
currentSize : 12 <-- 0.018001 s
currentSize : 13 <-- 0.018645 s
currentSize : 14 <-- 0.029063 s
currentSize : 15 <-- 0.127479 s
currentSize : 16 <-- 1.052034 s
currentSize : 18 <-- 8.421071 s
currentSize : 23 <-- 8.423513 s
currentSize : 25 <-- 21.338724 s
currentSize : 30 <-- 22.741680 s

maxsize : 30
nodes : 1812228.000000
filtered : 54548630.000000
CCGP filtered : 501622.000000
CCGT filtered : 853165.000000
time : 23.015823
