Parameters: GAD=1 vflib=1 dir=0 label=0 lowerbound=1 fileNameGp=../../cp2016-max-common-connected-subgraph-paper/datasets/graphsdb/mcs90/rand/r005/mcs90_r005_s50.A09 fileNameGt=../../cp2016-max-common-connected-subgraph-paper/datasets/graphsdb/mcs90/rand/r005/mcs90_r005_s50.B09
Reading graphs...
50 :  117
50 :  116
Initializing...
maxdom : 50
D->valSize : 2500
Solving...
currentSize : 26 <-- 0.160714 s
currentSize : 27 <-- 0.189048 s
currentSize : 28 <-- 0.204445 s
currentSize : 29 <-- 11.501497 s
currentSize : 30 <-- 17.930620 s
currentSize : 31 <-- 17.941435 s
currentSize : 32 <-- 251.941162 s
currentSize : 33 <-- 251.946716 s
currentSize : 34 <-- 252.003952 s
currentSize : 35 <-- 252.437500 s
currentSize : 36 <-- 252.441437 s
currentSize : 37 <-- 277.128937 s
currentSize : 38 <-- 277.130157 s
currentSize : 39 <-- 277.990112 s
currentSize : 43 <-- 277.990326 s
currentSize : 45 <-- 278.002899 s

maxsize : 45
nodes : 17727924.000000
filtered : 620177150.000000
CCGP filtered : 109493967.000000
CCGT filtered : 74144322.000000
time : 278.773438
