Parameters: GAD=1 vflib=1 dir=0 label=0 lowerbound=1 fileNameGp=../../cp2016-max-common-connected-subgraph-paper/datasets/graphsdb/mcs90/bvg/b09/mcs90_b09_s40.A07 fileNameGt=../../cp2016-max-common-connected-subgraph-paper/datasets/graphsdb/mcs90/bvg/b09/mcs90_b09_s40.B07
Reading graphs...
40 :  180
40 :  180
Initializing...
maxdom : 40
D->valSize : 1600
Solving...
currentSize : 13 <-- 0.031589 s
currentSize : 14 <-- 0.031688 s
currentSize : 15 <-- 0.032205 s
currentSize : 16 <-- 0.045380 s
currentSize : 17 <-- 0.342639 s
currentSize : 18 <-- 0.376367 s
currentSize : 19 <-- 0.400743 s
currentSize : 20 <-- 1.311417 s
currentSize : 21 <-- 1.683507 s
currentSize : 22 <-- 1.684632 s
currentSize : 23 <-- 1.698092 s
currentSize : 24 <-- 1.732916 s
currentSize : 26 <-- 1.759111 s
currentSize : 28 <-- 1.763719 s
currentSize : 30 <-- 1.836006 s
currentSize : 36 <-- 1.932533 s

maxsize : 36
nodes : 172404.000000
filtered : 5634556.000000
CCGP filtered : 27014.000000
CCGT filtered : 41502.000000
time : 2.366540
