Parameters: GAD=1 vflib=1 dir=0 label=0 lowerbound=1 fileNameGp=../../cp2016-max-common-connected-subgraph-paper/datasets/graphsdb/mcs90/bvg/b06m/mcs90_b06m_s25.A01 fileNameGt=../../cp2016-max-common-connected-subgraph-paper/datasets/graphsdb/mcs90/bvg/b06m/mcs90_b06m_s25.B01
Reading graphs...
25 :  75
25 :  75
Initializing...
maxdom : 25
D->valSize : 625
Solving...
currentSize : 11 <-- 0.004763 s
currentSize : 12 <-- 0.004873 s
currentSize : 13 <-- 0.005658 s
currentSize : 14 <-- 0.338952 s
currentSize : 15 <-- 0.887594 s
currentSize : 17 <-- 2.498882 s
currentSize : 18 <-- 2.564321 s
currentSize : 19 <-- 2.921332 s
currentSize : 22 <-- 2.958782 s

maxsize : 22
nodes : 372625.000000
filtered : 6779153.000000
CCGP filtered : 297046.000000
CCGT filtered : 204999.000000
time : 2.961877
