Parameters: GAD=1 vflib=1 dir=0 label=0 lowerbound=1 fileNameGp=../../cp2016-max-common-connected-subgraph-paper/datasets/graphsdb/mcs90/rand/r01/mcs90_r01_s30.A04 fileNameGt=../../cp2016-max-common-connected-subgraph-paper/datasets/graphsdb/mcs90/rand/r01/mcs90_r01_s30.B04
Reading graphs...
30 :  79
30 :  79
Initializing...
maxdom : 30
D->valSize : 900
Solving...
currentSize : 14 <-- 0.018481 s
currentSize : 15 <-- 0.034128 s
currentSize : 16 <-- 0.045168 s
currentSize : 17 <-- 0.355281 s
currentSize : 18 <-- 1.461868 s
currentSize : 19 <-- 2.303936 s
currentSize : 20 <-- 8.540575 s
currentSize : 21 <-- 9.383763 s
currentSize : 23 <-- 9.582088 s
currentSize : 27 <-- 10.772148 s

maxsize : 27
nodes : 1148075.000000
filtered : 25995718.000000
CCGP filtered : 1123089.000000
CCGT filtered : 703312.000000
time : 10.780445
