Parameters: GAD=1 vflib=1 dir=0 label=0 lowerbound=1 fileNameGp=../../cp2016-max-common-connected-subgraph-paper/datasets/graphsdb/mcs90/bvg/b03/mcs90_b03_s35.A07 fileNameGt=../../cp2016-max-common-connected-subgraph-paper/datasets/graphsdb/mcs90/bvg/b03/mcs90_b03_s35.B07
Reading graphs...
35 :  52
35 :  52
Initializing...
maxdom : 35
D->valSize : 1225
Solving...
currentSize : 15 <-- 0.021232 s
currentSize : 21 <-- 0.021300 s
currentSize : 22 <-- 0.023548 s
currentSize : 23 <-- 0.023716 s
currentSize : 24 <-- 0.024071 s
currentSize : 25 <-- 0.024450 s
currentSize : 26 <-- 0.024784 s
currentSize : 27 <-- 0.033814 s
currentSize : 28 <-- 0.046043 s
currentSize : 30 <-- 0.082816 s
currentSize : 31 <-- 0.108684 s
currentSize : 32 <-- 0.229953 s

maxsize : 32
nodes : 29230.000000
filtered : 1012561.000000
CCGP filtered : 331506.000000
CCGT filtered : 105163.000000
time : 0.346852
