Parameters: GAD=1 vflib=1 dir=0 label=0 lowerbound=1 fileNameGp=../../cp2016-max-common-connected-subgraph-paper/datasets/graphsdb/mcs90/m2D/m2Dr2/mcs90_m2Dr2_s50.A08 fileNameGt=../../cp2016-max-common-connected-subgraph-paper/datasets/graphsdb/mcs90/m2D/m2Dr2/mcs90_m2Dr2_s50.B08
Reading graphs...
50 :  95
50 :  95
Initializing...
maxdom : 50
D->valSize : 2500
Solving...
currentSize : 30 <-- 0.096050 s
currentSize : 31 <-- 0.096311 s
currentSize : 32 <-- 0.098037 s
currentSize : 33 <-- 0.121603 s
currentSize : 34 <-- 1.390853 s
currentSize : 35 <-- 1.946180 s
currentSize : 36 <-- 2.704855 s
currentSize : 37 <-- 13.731948 s
currentSize : 38 <-- 45.376209 s
currentSize : 40 <-- 47.449497 s
currentSize : 41 <-- 59.283840 s
currentSize : 42 <-- 61.112812 s
currentSize : 43 <-- 78.510521 s
currentSize : 46 <-- 78.547447 s
currentSize : 49 <-- 78.904419 s

maxsize : 49
nodes : 4672383.000000
filtered : 236741551.000000
CCGP filtered : 54393303.000000
CCGT filtered : 25757979.000000
time : 78.907104
