Parameters: GAD=1 vflib=1 dir=0 label=0 lowerbound=1 fileNameGp=../../cp2016-max-common-connected-subgraph-paper/datasets/graphsdb/mcs90/bvg/b09/mcs90_b09_s20.A03 fileNameGt=../../cp2016-max-common-connected-subgraph-paper/datasets/graphsdb/mcs90/bvg/b09/mcs90_b09_s20.B03
Reading graphs...
20 :  90
20 :  88
Initializing...
maxdom : 20
D->valSize : 400
Solving...
currentSize : 5 <-- 0.003260 s
currentSize : 6 <-- 0.003373 s
currentSize : 7 <-- 0.003443 s
currentSize : 8 <-- 0.003679 s
currentSize : 10 <-- 0.003999 s
currentSize : 11 <-- 0.012905 s
currentSize : 14 <-- 0.012994 s
currentSize : 16 <-- 0.013261 s
currentSize : 18 <-- 0.013741 s

maxsize : 18
nodes : 1580.000000
filtered : 45451.000000
CCGP filtered : 0.000000
CCGT filtered : 0.000000
time : 0.022146
