Parameters: GAD=1 vflib=1 dir=0 label=0 lowerbound=1 fileNameGp=../../cp2016-max-common-connected-subgraph-paper/datasets/graphsdb/mcs90/bvg/b06/mcs90_b06_s40.A05 fileNameGt=../../cp2016-max-common-connected-subgraph-paper/datasets/graphsdb/mcs90/bvg/b06/mcs90_b06_s40.B05
Reading graphs...
40 :  120
40 :  120
Initializing...
maxdom : 40
D->valSize : 1600
Solving...
currentSize : 26 <-- 0.033435 s
currentSize : 27 <-- 0.037540 s
currentSize : 28 <-- 0.108295 s
currentSize : 29 <-- 0.166924 s
currentSize : 30 <-- 0.341161 s
currentSize : 31 <-- 0.342181 s
currentSize : 32 <-- 0.450940 s
currentSize : 33 <-- 0.458069 s
currentSize : 36 <-- 0.462302 s
currentSize : 37 <-- 0.566193 s

maxsize : 37
nodes : 50364.000000
filtered : 1883940.000000
CCGP filtered : 126457.000000
CCGT filtered : 24098.000000
time : 0.619278
