Parameters: GAD=1 vflib=1 dir=0 label=0 lowerbound=1 fileNameGp=../../cp2016-max-common-connected-subgraph-paper/datasets/graphsdb/mcs90/bvg/b03m/mcs90_b03m_s50.A08 fileNameGt=../../cp2016-max-common-connected-subgraph-paper/datasets/graphsdb/mcs90/bvg/b03m/mcs90_b03m_s50.B08
Reading graphs...
50 :  75
50 :  75
Initializing...
maxdom : 50
D->valSize : 2500
Solving...
currentSize : 19 <-- 0.125708 s
currentSize : 27 <-- 0.126252 s
currentSize : 28 <-- 0.187266 s
currentSize : 29 <-- 0.268702 s
currentSize : 30 <-- 0.538195 s
currentSize : 31 <-- 2.495681 s
currentSize : 32 <-- 5.882055 s
currentSize : 33 <-- 13.799662 s
currentSize : 34 <-- 87.391777 s
currentSize : 35 <-- 87.414337 s
currentSize : 36 <-- 87.751862 s
currentSize : 37 <-- 483.659698 s
currentSize : 38 <-- 484.006073 s
currentSize : 39 <-- 579.136230 s
currentSize : 40 <-- 579.572876 s
currentSize : 41 <-- 579.754456 s
currentSize : 42 <-- 580.325317 s
currentSize : 44 <-- 613.084717 s

maxsize : 44
nodes : 45898291.000000
filtered : 1505595982.000000
CCGP filtered : 883179576.000000
CCGT filtered : 419236451.000000
time : 615.101990
