Parameters: GAD=1 vflib=1 dir=0 label=0 lowerbound=1 fileNameGp=../../cp2016-max-common-connected-subgraph-paper/datasets/graphsdb/mcs90/m2D/m2Dr4/mcs90_m2Dr4_s40.A07 fileNameGt=../../cp2016-max-common-connected-subgraph-paper/datasets/graphsdb/mcs90/m2D/m2Dr4/mcs90_m2Dr4_s40.B07
Reading graphs...
40 :  81
40 :  81
Initializing...
maxdom : 40
D->valSize : 1600
Solving...
currentSize : 20 <-- 0.035542 s
currentSize : 21 <-- 0.042308 s
currentSize : 22 <-- 0.056412 s
currentSize : 23 <-- 0.064179 s
currentSize : 24 <-- 0.077398 s
currentSize : 25 <-- 0.081448 s
currentSize : 26 <-- 0.331748 s
currentSize : 27 <-- 2.453705 s
currentSize : 28 <-- 2.495171 s
currentSize : 29 <-- 6.764878 s
currentSize : 30 <-- 6.764967 s
currentSize : 31 <-- 30.799297 s
currentSize : 32 <-- 36.335869 s
currentSize : 33 <-- 51.079727 s
currentSize : 36 <-- 51.197079 s

maxsize : 36
nodes : 3781702.000000
filtered : 177270500.000000
CCGP filtered : 12124792.000000
CCGT filtered : 9439083.000000
time : 51.411983
