Parameters: GAD=1 vflib=1 dir=0 label=0 lowerbound=1 fileNameGp=../../cp2016-max-common-connected-subgraph-paper/datasets/graphsdb/mcs90/rand/r005/mcs90_r005_s40.A09 fileNameGt=../../cp2016-max-common-connected-subgraph-paper/datasets/graphsdb/mcs90/rand/r005/mcs90_r005_s40.B09
Reading graphs...
40 :  75
40 :  74
Initializing...
maxdom : 40
D->valSize : 1600
Solving...
currentSize : 20 <-- 0.035718 s
currentSize : 21 <-- 0.037914 s
currentSize : 22 <-- 0.038233 s
currentSize : 23 <-- 0.039842 s
currentSize : 24 <-- 0.040057 s
currentSize : 25 <-- 0.040849 s
currentSize : 26 <-- 0.043267 s
currentSize : 27 <-- 0.043724 s
currentSize : 28 <-- 0.044757 s
currentSize : 29 <-- 0.048574 s
currentSize : 30 <-- 3.067891 s
currentSize : 32 <-- 3.169071 s
currentSize : 36 <-- 3.169915 s

maxsize : 36
nodes : 260008.000000
filtered : 9237612.000000
CCGP filtered : 652480.000000
CCGT filtered : 741470.000000
time : 3.331035
