Parameters: GAD=1 vflib=1 dir=0 label=0 lowerbound=1 fileNameGp=../../cp2016-max-common-connected-subgraph-paper/datasets/graphsdb/mcs90/bvg/b06/mcs90_b06_s40.A08 fileNameGt=../../cp2016-max-common-connected-subgraph-paper/datasets/graphsdb/mcs90/bvg/b06/mcs90_b06_s40.B08
Reading graphs...
40 :  120
40 :  119
Initializing...
maxdom : 40
D->valSize : 1600
Solving...
currentSize : 24 <-- 0.033497 s
currentSize : 25 <-- 0.033583 s
currentSize : 26 <-- 0.035075 s
currentSize : 28 <-- 0.035646 s
currentSize : 29 <-- 0.036232 s
currentSize : 30 <-- 0.037831 s
currentSize : 31 <-- 0.039614 s
currentSize : 32 <-- 0.042064 s
currentSize : 33 <-- 0.047082 s
currentSize : 34 <-- 0.047753 s
currentSize : 36 <-- 0.055468 s

maxsize : 36
nodes : 54176.000000
filtered : 2422307.000000
CCGP filtered : 279.000000
CCGT filtered : 28020.000000
time : 0.798032
