Parameters: GAD=1 vflib=1 dir=0 label=0 lowerbound=1 fileNameGp=../../cp2016-max-common-connected-subgraph-paper/datasets/graphsdb/mcs90/rand/r005/mcs90_r005_s30.A01 fileNameGt=../../cp2016-max-common-connected-subgraph-paper/datasets/graphsdb/mcs90/rand/r005/mcs90_r005_s30.B01
Reading graphs...
30 :  42
30 :  42
Initializing...
maxdom : 30
D->valSize : 900
Solving...
currentSize : 7 <-- 0.019758 s
currentSize : 13 <-- 0.019884 s
currentSize : 17 <-- 0.019994 s
currentSize : 18 <-- 0.022259 s
currentSize : 19 <-- 0.026250 s
currentSize : 20 <-- 0.027971 s
currentSize : 21 <-- 0.028828 s
currentSize : 22 <-- 0.182568 s
currentSize : 23 <-- 0.182736 s
currentSize : 24 <-- 0.257184 s
currentSize : 25 <-- 0.526680 s
currentSize : 26 <-- 0.527495 s
currentSize : 27 <-- 0.527808 s

maxsize : 27
nodes : 55069.000000
filtered : 1506686.000000
CCGP filtered : 910251.000000
CCGT filtered : 402708.000000
time : 0.547476
