Parameters: GAD=1 vflib=1 dir=0 label=0 lowerbound=1 fileNameGp=../../cp2016-max-common-connected-subgraph-paper/datasets/graphsdb/mcs90/rand/r005/mcs90_r005_s30.A06 fileNameGt=../../cp2016-max-common-connected-subgraph-paper/datasets/graphsdb/mcs90/rand/r005/mcs90_r005_s30.B06
Reading graphs...
30 :  42
30 :  42
Initializing...
maxdom : 30
D->valSize : 900
Solving...
currentSize : 14 <-- 0.019731 s
currentSize : 15 <-- 0.019909 s
currentSize : 16 <-- 0.020255 s
currentSize : 17 <-- 0.021127 s
currentSize : 18 <-- 0.024989 s
currentSize : 19 <-- 0.042877 s
currentSize : 20 <-- 0.075798 s
currentSize : 21 <-- 0.867104 s
currentSize : 23 <-- 0.881568 s
currentSize : 26 <-- 0.885595 s
currentSize : 27 <-- 0.885646 s

maxsize : 27
nodes : 95467.000000
filtered : 1807127.000000
CCGP filtered : 1861109.000000
CCGT filtered : 962745.000000
time : 0.910103
