Parameters: GAD=1 vflib=1 dir=0 label=0 lowerbound=1 fileNameGp=../../cp2016-max-common-connected-subgraph-paper/datasets/graphsdb/mcs90/rand/r005/mcs90_r005_s30.A07 fileNameGt=../../cp2016-max-common-connected-subgraph-paper/datasets/graphsdb/mcs90/rand/r005/mcs90_r005_s30.B07
Reading graphs...
30 :  41
30 :  42
Initializing...
maxdom : 30
D->valSize : 900
Solving...
currentSize : 19 <-- 0.011142 s
currentSize : 20 <-- 0.011222 s
currentSize : 21 <-- 0.011356 s
currentSize : 22 <-- 0.012545 s
currentSize : 23 <-- 0.014463 s
currentSize : 24 <-- 0.015158 s
currentSize : 25 <-- 0.015999 s
currentSize : 26 <-- 0.022738 s
currentSize : 27 <-- 0.023393 s

maxsize : 27
nodes : 2633.000000
filtered : 118208.000000
CCGP filtered : 39002.000000
CCGT filtered : 22309.000000
time : 0.039043
