Parameters: GAD=1 vflib=1 dir=0 label=0 lowerbound=1 fileNameGp=../../cp2016-max-common-connected-subgraph-paper/datasets/graphsdb/mcs90/rand/r005/mcs90_r005_s35.A05 fileNameGt=../../cp2016-max-common-connected-subgraph-paper/datasets/graphsdb/mcs90/rand/r005/mcs90_r005_s35.B05
Reading graphs...
35 :  57
35 :  57
Initializing...
maxdom : 35
D->valSize : 1225
Solving...
currentSize : 16 <-- 0.037156 s
currentSize : 17 <-- 0.037254 s
currentSize : 18 <-- 0.037287 s
currentSize : 19 <-- 0.037403 s
currentSize : 22 <-- 0.047274 s
currentSize : 23 <-- 0.815263 s
currentSize : 24 <-- 4.526340 s
currentSize : 25 <-- 4.526543 s
currentSize : 26 <-- 4.571067 s
currentSize : 27 <-- 5.608499 s
currentSize : 28 <-- 5.610529 s
currentSize : 30 <-- 5.610801 s
currentSize : 31 <-- 5.634945 s

maxsize : 31
nodes : 530626.000000
filtered : 12378680.000000
CCGP filtered : 5449998.000000
CCGT filtered : 6268202.000000
time : 5.743610
