Parameters: GAD=1 vflib=1 dir=0 label=0 lowerbound=1 fileNameGp=../../cp2016-max-common-connected-subgraph-paper/datasets/graphsdb/mcs90/m2D/m2Dr6/mcs90_m2Dr6_s40.A01 fileNameGt=../../cp2016-max-common-connected-subgraph-paper/datasets/graphsdb/mcs90/m2D/m2Dr6/mcs90_m2Dr6_s40.B01
Reading graphs...
40 :  90
40 :  87
Initializing...
maxdom : 40
D->valSize : 1600
Solving...
currentSize : 19 <-- 0.061155 s
currentSize : 20 <-- 0.062149 s
currentSize : 21 <-- 0.062404 s
currentSize : 22 <-- 0.068389 s
currentSize : 23 <-- 0.096105 s
currentSize : 24 <-- 0.467921 s
currentSize : 25 <-- 11.232013 s
currentSize : 26 <-- 252.018066 s
currentSize : 27 <-- 418.918365 s
currentSize : 28 <-- 637.733459 s
currentSize : 29 <-- 638.808044 s
currentSize : 30 <-- 712.140686 s
currentSize : 31 <-- 712.730347 s
currentSize : 36 <-- 712.966858 s

maxsize : 36
nodes : 58174919.000000
filtered : 1763865030.000000
CCGP filtered : 176209966.000000
CCGT filtered : 174646145.000000
time : 713.212708
