Parameters: GAD=1 vflib=1 dir=0 label=0 lowerbound=1 fileNameGp=../../cp2016-max-common-connected-subgraph-paper/datasets/graphsdb/mcs90/rand/r005/mcs90_r005_s35.A09 fileNameGt=../../cp2016-max-common-connected-subgraph-paper/datasets/graphsdb/mcs90/rand/r005/mcs90_r005_s35.B09
Reading graphs...
35 :  58
35 :  57
Initializing...
maxdom : 35
D->valSize : 1225
Solving...
currentSize : 14 <-- 0.020368 s
currentSize : 15 <-- 0.020497 s
currentSize : 17 <-- 0.020530 s
currentSize : 18 <-- 0.020677 s
currentSize : 19 <-- 0.023321 s
currentSize : 20 <-- 0.023416 s
currentSize : 21 <-- 0.033730 s
currentSize : 22 <-- 0.041683 s
currentSize : 23 <-- 0.085075 s
currentSize : 24 <-- 0.100927 s
currentSize : 25 <-- 1.583392 s
currentSize : 26 <-- 1.583633 s
currentSize : 29 <-- 1.584675 s
currentSize : 31 <-- 1.584905 s

maxsize : 31
nodes : 157434.000000
filtered : 4429837.000000
CCGP filtered : 1908653.000000
CCGT filtered : 929732.000000
time : 1.698035
