Parameters: GAD=1 vflib=1 dir=0 label=0 lowerbound=1 fileNameGp=../../cp2016-max-common-connected-subgraph-paper/datasets/graphsdb/mcs90/bvg/b09/mcs90_b09_s35.A04 fileNameGt=../../cp2016-max-common-connected-subgraph-paper/datasets/graphsdb/mcs90/bvg/b09/mcs90_b09_s35.B04
Reading graphs...
35 :  156
35 :  157
Initializing...
maxdom : 35
D->valSize : 1225
Solving...
currentSize : 13 <-- 0.031014 s
currentSize : 15 <-- 0.031359 s
currentSize : 16 <-- 0.031838 s
currentSize : 17 <-- 0.085248 s
currentSize : 18 <-- 0.088647 s
currentSize : 19 <-- 0.112391 s
currentSize : 20 <-- 0.140901 s
currentSize : 21 <-- 0.146753 s
currentSize : 23 <-- 0.168860 s
currentSize : 24 <-- 0.177668 s
currentSize : 25 <-- 0.185768 s
currentSize : 26 <-- 0.213822 s
currentSize : 30 <-- 0.306325 s

maxsize : 30
nodes : 75667.000000
filtered : 4397614.000000
CCGP filtered : 3970.000000
CCGT filtered : 595.000000
time : 1.046588
