Parameters: GAD=1 vflib=1 dir=0 label=0 lowerbound=1 fileNameGp=../../cp2016-max-common-connected-subgraph-paper/datasets/graphsdb/mcs90/bvg/b03m/mcs90_b03m_s40.A00 fileNameGt=../../cp2016-max-common-connected-subgraph-paper/datasets/graphsdb/mcs90/bvg/b03m/mcs90_b03m_s40.B00
Reading graphs...
40 :  59
40 :  59
Initializing...
maxdom : 40
D->valSize : 1600
Solving...
currentSize : 18 <-- 0.064228 s
currentSize : 21 <-- 0.071919 s
currentSize : 22 <-- 0.075661 s
currentSize : 24 <-- 0.078144 s
currentSize : 25 <-- 0.087951 s
currentSize : 26 <-- 0.408905 s
currentSize : 27 <-- 0.639921 s
currentSize : 28 <-- 2.048358 s
currentSize : 29 <-- 2.169799 s
currentSize : 30 <-- 4.239843 s
currentSize : 31 <-- 58.214577 s
currentSize : 32 <-- 58.222908 s
currentSize : 33 <-- 61.281555 s
currentSize : 34 <-- 62.042103 s
currentSize : 35 <-- 62.042221 s
currentSize : 36 <-- 62.042377 s

maxsize : 36
nodes : 5102735.000000
filtered : 142078754.000000
CCGP filtered : 185168894.000000
CCGT filtered : 75238249.000000
time : 62.182896
