Parameters: GAD=1 vflib=1 dir=0 label=0 lowerbound=1 fileNameGp=../../cp2016-max-common-connected-subgraph-paper/datasets/graphsdb/mcs90/rand/r005/mcs90_r005_s30.A05 fileNameGt=../../cp2016-max-common-connected-subgraph-paper/datasets/graphsdb/mcs90/rand/r005/mcs90_r005_s30.B05
Reading graphs...
30 :  42
30 :  42
Initializing...
maxdom : 30
D->valSize : 900
Solving...
currentSize : 14 <-- 0.013434 s
currentSize : 17 <-- 0.013543 s
currentSize : 18 <-- 0.014248 s
currentSize : 19 <-- 0.015699 s
currentSize : 20 <-- 0.035917 s
currentSize : 21 <-- 0.076908 s
currentSize : 22 <-- 0.384268 s
currentSize : 23 <-- 1.102947 s
currentSize : 24 <-- 1.103963 s
currentSize : 25 <-- 1.104000 s
currentSize : 26 <-- 1.104138 s
currentSize : 27 <-- 1.106192 s

maxsize : 27
nodes : 128851.000000
filtered : 2592896.000000
CCGP filtered : 1217449.000000
CCGT filtered : 792647.000000
time : 1.136871
