Parameters: GAD=1 vflib=1 dir=0 label=0 lowerbound=1 fileNameGp=../../cp2016-max-common-connected-subgraph-paper/datasets/graphsdb/mcs90/bvg/b03m/mcs90_b03m_s35.A05 fileNameGt=../../cp2016-max-common-connected-subgraph-paper/datasets/graphsdb/mcs90/bvg/b03m/mcs90_b03m_s35.B05
Reading graphs...
35 :  50
35 :  50
Initializing...
maxdom : 35
D->valSize : 1225
Solving...
currentSize : 19 <-- 0.036923 s
currentSize : 20 <-- 0.037001 s
currentSize : 22 <-- 0.037026 s
currentSize : 23 <-- 0.038604 s
currentSize : 24 <-- 0.080986 s
currentSize : 25 <-- 0.413129 s
currentSize : 26 <-- 2.394446 s
currentSize : 27 <-- 3.581158 s
currentSize : 28 <-- 3.602600 s
currentSize : 29 <-- 5.455168 s
currentSize : 30 <-- 5.455200 s

maxsize : 30
nodes : 516902.000000
filtered : 13891613.000000
CCGP filtered : 19335407.000000
CCGT filtered : 6978773.000000
time : 5.920976
