Parameters: GAD=1 vflib=1 dir=0 label=0 lowerbound=1 fileNameGp=../../cp2016-max-common-connected-subgraph-paper/datasets/graphsdb/mcs90/rand/r005/mcs90_r005_s35.A08 fileNameGt=../../cp2016-max-common-connected-subgraph-paper/datasets/graphsdb/mcs90/rand/r005/mcs90_r005_s35.B08
Reading graphs...
35 :  58
35 :  57
Initializing...
maxdom : 35
D->valSize : 1225
Solving...
currentSize : 16 <-- 0.035798 s
currentSize : 17 <-- 0.036336 s
currentSize : 18 <-- 0.042358 s
currentSize : 19 <-- 0.065543 s
currentSize : 20 <-- 0.099814 s
currentSize : 21 <-- 0.130545 s
currentSize : 22 <-- 0.155166 s
currentSize : 23 <-- 0.444163 s
currentSize : 24 <-- 0.531241 s
currentSize : 25 <-- 8.855485 s
currentSize : 28 <-- 8.880586 s
currentSize : 29 <-- 8.880682 s
currentSize : 30 <-- 8.880693 s
currentSize : 31 <-- 8.880722 s

maxsize : 31
nodes : 796625.000000
filtered : 22617596.000000
CCGP filtered : 8307200.000000
CCGT filtered : 7580685.000000
time : 8.960361
