Parameters: GAD=1 vflib=1 dir=0 label=0 lowerbound=1 fileNameGp=../../cp2016-max-common-connected-subgraph-paper/datasets/graphsdb/mcs90/bvg/b03/mcs90_b03_s35.A06 fileNameGt=../../cp2016-max-common-connected-subgraph-paper/datasets/graphsdb/mcs90/bvg/b03/mcs90_b03_s35.B06
Reading graphs...
35 :  52
35 :  52
Initializing...
maxdom : 35
D->valSize : 1225
Solving...
currentSize : 22 <-- 0.021168 s
currentSize : 23 <-- 0.021254 s
currentSize : 24 <-- 0.021336 s
currentSize : 26 <-- 0.021558 s
currentSize : 28 <-- 0.119441 s
currentSize : 29 <-- 0.196948 s
currentSize : 30 <-- 0.212081 s
currentSize : 31 <-- 0.406918 s
currentSize : 32 <-- 0.853055 s

maxsize : 32
nodes : 80821.000000
filtered : 2342607.000000
CCGP filtered : 1692283.000000
CCGT filtered : 373675.000000
time : 0.925697
