Parameters: GAD=1 vflib=1 dir=0 label=0 lowerbound=1 fileNameGp=../../cp2016-max-common-connected-subgraph-paper/datasets/graphsdb/mcs90/bvg/b06m/mcs90_b06m_s35.A07 fileNameGt=../../cp2016-max-common-connected-subgraph-paper/datasets/graphsdb/mcs90/bvg/b06m/mcs90_b06m_s35.B07
Reading graphs...
35 :  103
35 :  103
Initializing...
maxdom : 35
D->valSize : 1225
Solving...
currentSize : 14 <-- 0.028347 s
currentSize : 15 <-- 0.028401 s
currentSize : 16 <-- 0.030808 s
currentSize : 17 <-- 0.031980 s
currentSize : 18 <-- 0.034484 s
currentSize : 19 <-- 0.116233 s
currentSize : 20 <-- 0.206593 s
currentSize : 21 <-- 0.318729 s
currentSize : 23 <-- 0.319310 s
currentSize : 24 <-- 0.366899 s
currentSize : 25 <-- 0.400759 s
currentSize : 28 <-- 0.436372 s
currentSize : 31 <-- 0.438775 s

maxsize : 31
nodes : 44672.000000
filtered : 1110054.000000
CCGP filtered : 19178.000000
CCGT filtered : 18955.000000
time : 0.505330
