Parameters: GAD=1 vflib=1 dir=0 label=0 lowerbound=1 fileNameGp=../../cp2016-max-common-connected-subgraph-paper/datasets/graphsdb/mcs90/m2D/m2Dr6/mcs90_m2Dr6_s30.A05 fileNameGt=../../cp2016-max-common-connected-subgraph-paper/datasets/graphsdb/mcs90/m2D/m2Dr6/mcs90_m2Dr6_s30.B05
Reading graphs...
30 :  66
30 :  65
Initializing...
maxdom : 30
D->valSize : 900
Solving...
currentSize : 11 <-- 0.010722 s
currentSize : 12 <-- 0.010815 s
currentSize : 13 <-- 0.011281 s
currentSize : 15 <-- 0.011325 s
currentSize : 16 <-- 0.011663 s
currentSize : 17 <-- 0.012082 s
currentSize : 18 <-- 0.036394 s
currentSize : 19 <-- 0.543142 s
currentSize : 20 <-- 3.704902 s
currentSize : 21 <-- 6.266948 s
currentSize : 23 <-- 8.684577 s
currentSize : 25 <-- 8.686718 s

maxsize : 25
nodes : 945175.000000
filtered : 24956094.000000
CCGP filtered : 5774163.000000
CCGT filtered : 1932842.000000
time : 8.900153
