Parameters: GAD=1 vflib=1 dir=0 label=0 lowerbound=1 fileNameGp=../../cp2016-max-common-connected-subgraph-paper/datasets/graphsdb/mcs90/m3D/m3Dr4/mcs90_m3Dr4_s30.A09 fileNameGt=../../cp2016-max-common-connected-subgraph-paper/datasets/graphsdb/mcs90/m3D/m3Dr4/mcs90_m3Dr4_s30.B09
Reading graphs...
30 :  73
30 :  72
Initializing...
maxdom : 30
D->valSize : 900
Solving...
currentSize : 13 <-- 0.018264 s
currentSize : 14 <-- 0.018902 s
currentSize : 15 <-- 0.019694 s
currentSize : 16 <-- 0.019815 s
currentSize : 17 <-- 0.021562 s
currentSize : 18 <-- 0.099552 s
currentSize : 20 <-- 1.559108 s
currentSize : 21 <-- 4.691842 s
currentSize : 22 <-- 4.699641 s
currentSize : 27 <-- 4.963689 s

maxsize : 27
nodes : 536483.000000
filtered : 12750492.000000
CCGP filtered : 652430.000000
CCGT filtered : 785297.000000
time : 5.001768
