Parameters: GAD=1 vflib=1 dir=0 label=0 lowerbound=1 fileNameGp=../../cp2016-max-common-connected-subgraph-paper/datasets/graphsdb/mcs90/bvg/b03m/mcs90_b03m_s35.A01 fileNameGt=../../cp2016-max-common-connected-subgraph-paper/datasets/graphsdb/mcs90/bvg/b03m/mcs90_b03m_s35.B01
Reading graphs...
35 :  50
35 :  50
Initializing...
maxdom : 35
D->valSize : 1225
Solving...
currentSize : 17 <-- 0.036410 s
currentSize : 20 <-- 0.036667 s
currentSize : 21 <-- 0.037873 s
currentSize : 22 <-- 0.039945 s
currentSize : 23 <-- 0.039979 s
currentSize : 24 <-- 0.040324 s
currentSize : 25 <-- 0.040406 s
currentSize : 26 <-- 0.129656 s
currentSize : 27 <-- 11.824023 s
currentSize : 28 <-- 11.888710 s
currentSize : 29 <-- 11.892599 s
currentSize : 30 <-- 12.889269 s

maxsize : 30
nodes : 1085487.000000
filtered : 28813596.000000
CCGP filtered : 52227984.000000
CCGT filtered : 22284100.000000
time : 13.149875
