Parameters: GAD=1 vflib=1 dir=0 label=0 lowerbound=1 fileNameGp=../../cp2016-max-common-connected-subgraph-paper/datasets/graphsdb/mcs90/rand/r01/mcs90_r01_s25.A08 fileNameGt=../../cp2016-max-common-connected-subgraph-paper/datasets/graphsdb/mcs90/rand/r01/mcs90_r01_s25.B08
Reading graphs...
25 :  56
25 :  57
Initializing...
maxdom : 25
D->valSize : 625
Solving...
currentSize : 9 <-- 0.005251 s
currentSize : 10 <-- 0.005302 s
currentSize : 11 <-- 0.005733 s
currentSize : 12 <-- 0.005827 s
currentSize : 13 <-- 0.005926 s
currentSize : 14 <-- 0.066897 s
currentSize : 15 <-- 0.365991 s
currentSize : 16 <-- 0.783413 s
currentSize : 18 <-- 1.309542 s
currentSize : 19 <-- 1.327709 s
currentSize : 21 <-- 1.327961 s
currentSize : 22 <-- 1.328023 s

maxsize : 22
nodes : 161610.000000
filtered : 2939778.000000
CCGP filtered : 441217.000000
CCGT filtered : 491227.000000
time : 1.340672
