Parameters: GAD=1 vflib=1 dir=0 label=0 lowerbound=1 fileNameGp=../../cp2016-max-common-connected-subgraph-paper/datasets/graphsdb/mcs90/rand/r01/mcs90_r01_s30.A08 fileNameGt=../../cp2016-max-common-connected-subgraph-paper/datasets/graphsdb/mcs90/rand/r01/mcs90_r01_s30.B08
Reading graphs...
30 :  81
30 :  80
Initializing...
maxdom : 30
D->valSize : 900
Solving...
currentSize : 14 <-- 0.010342 s
currentSize : 15 <-- 0.012241 s
currentSize : 16 <-- 0.026312 s
currentSize : 17 <-- 0.260713 s
currentSize : 18 <-- 4.203679 s
currentSize : 19 <-- 5.706559 s
currentSize : 20 <-- 7.075288 s
currentSize : 21 <-- 7.075638 s
currentSize : 27 <-- 11.671642 s

maxsize : 27
nodes : 1227961.000000
filtered : 29350800.000000
CCGP filtered : 1484354.000000
CCGT filtered : 1435197.000000
time : 11.682844
