Parameters: GAD=1 vflib=1 dir=0 label=0 lowerbound=1 fileNameGp=../../cp2016-max-common-connected-subgraph-paper/datasets/graphsdb/mcs90/m2D/m2D/mcs90_m2D_s40.A00 fileNameGt=../../cp2016-max-common-connected-subgraph-paper/datasets/graphsdb/mcs90/m2D/m2D/mcs90_m2D_s40.B00
Reading graphs...
40 :  67
40 :  67
Initializing...
maxdom : 40
D->valSize : 1600
Solving...
currentSize : 22 <-- 0.036082 s
currentSize : 23 <-- 0.036204 s
currentSize : 25 <-- 0.036321 s
currentSize : 26 <-- 0.036372 s
currentSize : 27 <-- 0.043459 s
currentSize : 28 <-- 0.046441 s
currentSize : 29 <-- 1.575569 s
currentSize : 30 <-- 2.969198 s
currentSize : 31 <-- 5.709007 s
currentSize : 32 <-- 19.693935 s
currentSize : 33 <-- 19.818399 s
currentSize : 35 <-- 30.826868 s
currentSize : 36 <-- 30.827101 s

maxsize : 36
nodes : 2640272.000000
filtered : 91433622.000000
CCGP filtered : 37175624.000000
CCGT filtered : 7614499.000000
time : 31.402578
