Parameters: GAD=1 vflib=1 dir=0 label=0 lowerbound=1 fileNameGp=../../cp2016-max-common-connected-subgraph-paper/datasets/graphsdb/mcs90/m2D/m2Dr6/mcs90_m2Dr6_s40.A00 fileNameGt=../../cp2016-max-common-connected-subgraph-paper/datasets/graphsdb/mcs90/m2D/m2Dr6/mcs90_m2Dr6_s40.B00
Reading graphs...
40 :  90
40 :  89
Initializing...
maxdom : 40
D->valSize : 1600
Solving...
currentSize : 18 <-- 0.035059 s
currentSize : 20 <-- 0.035302 s
currentSize : 21 <-- 0.036143 s
currentSize : 22 <-- 0.039924 s
currentSize : 23 <-- 0.039966 s
currentSize : 24 <-- 10.467031 s
currentSize : 25 <-- 12.189340 s
currentSize : 26 <-- 37.434681 s
currentSize : 27 <-- 42.107258 s
currentSize : 30 <-- 98.319786 s
currentSize : 31 <-- 114.318459 s
currentSize : 33 <-- 114.329361 s
currentSize : 36 <-- 114.369003 s

maxsize : 36
nodes : 9472374.000000
filtered : 303746052.000000
CCGP filtered : 28228566.000000
CCGT filtered : 14845884.000000
time : 114.571785
