Parameters: GAD=1 vflib=1 dir=0 label=0 lowerbound=1 fileNameGp=../../cp2016-max-common-connected-subgraph-paper/datasets/graphsdb/mcs90/rand/r01/mcs90_r01_s35.A06 fileNameGt=../../cp2016-max-common-connected-subgraph-paper/datasets/graphsdb/mcs90/rand/r01/mcs90_r01_s35.B06
Reading graphs...
35 :  111
35 :  111
Initializing...
maxdom : 35
D->valSize : 1225
Solving...
currentSize : 12 <-- 0.032894 s
currentSize : 13 <-- 0.033302 s
currentSize : 14 <-- 0.033513 s
currentSize : 15 <-- 0.035547 s
currentSize : 16 <-- 0.042921 s
currentSize : 17 <-- 0.046324 s
currentSize : 18 <-- 0.068229 s
currentSize : 19 <-- 0.068349 s
currentSize : 22 <-- 0.796893 s
currentSize : 23 <-- 16.155632 s
currentSize : 24 <-- 17.614435 s
currentSize : 25 <-- 17.616062 s
currentSize : 26 <-- 19.122265 s
currentSize : 31 <-- 19.122494 s

maxsize : 31
nodes : 1567287.000000
filtered : 52881823.000000
CCGP filtered : 757900.000000
CCGT filtered : 2140095.000000
time : 19.178104
