Parameters: GAD=1 vflib=1 dir=0 label=0 lowerbound=1 fileNameGp=../../cp2016-max-common-connected-subgraph-paper/datasets/graphsdb/mcs90/m2D/m2Dr4/mcs90_m2Dr4_s40.A05 fileNameGt=../../cp2016-max-common-connected-subgraph-paper/datasets/graphsdb/mcs90/m2D/m2Dr4/mcs90_m2Dr4_s40.B05
Reading graphs...
40 :  83
40 :  81
Initializing...
maxdom : 40
D->valSize : 1600
Solving...
currentSize : 23 <-- 0.057861 s
currentSize : 24 <-- 0.066254 s
currentSize : 25 <-- 0.066765 s
currentSize : 26 <-- 0.072828 s
currentSize : 27 <-- 22.230392 s
currentSize : 28 <-- 115.960510 s
currentSize : 29 <-- 116.482246 s
currentSize : 31 <-- 133.270248 s
currentSize : 32 <-- 135.128098 s
currentSize : 33 <-- 135.472855 s
currentSize : 34 <-- 135.472900 s
currentSize : 35 <-- 135.914963 s
currentSize : 36 <-- 135.915253 s

maxsize : 36
nodes : 12043312.000000
filtered : 360196437.000000
CCGP filtered : 36814812.000000
CCGT filtered : 25244706.000000
time : 136.301331
