Parameters: GAD=1 vflib=1 dir=0 label=0 lowerbound=1 fileNameGp=../../cp2016-max-common-connected-subgraph-paper/datasets/graphsdb/mcs90/bvg/b09/mcs90_b09_s50.A06 fileNameGt=../../cp2016-max-common-connected-subgraph-paper/datasets/graphsdb/mcs90/bvg/b09/mcs90_b09_s50.B06
Reading graphs...
50 :  224
50 :  224
Initializing...
maxdom : 50
D->valSize : 2500
Solving...
currentSize : 15 <-- 0.109664 s
currentSize : 16 <-- 0.110117 s
currentSize : 17 <-- 0.111969 s
currentSize : 18 <-- 0.116717 s
currentSize : 19 <-- 0.116978 s
currentSize : 20 <-- 0.129557 s
currentSize : 21 <-- 0.292344 s
currentSize : 23 <-- 0.388748 s
currentSize : 24 <-- 0.624047 s
currentSize : 25 <-- 11.983526 s
currentSize : 26 <-- 13.301421 s
currentSize : 27 <-- 31.467293 s
currentSize : 28 <-- 38.124851 s
currentSize : 29 <-- 216.849152 s
currentSize : 30 <-- 430.742157 s

TIMEOUT
maxsize : 30
nodes : 59291201.000000
filtered : 2183208252.000000
CCGP filtered : 9086127.000000
CCGT filtered : 6134159.000000
time : 1000.000061
