Parameters: GAD=1 vflib=1 dir=0 label=0 lowerbound=1 fileNameGp=../../cp2016-max-common-connected-subgraph-paper/datasets/graphsdb/mcs90/bvg/b06m/mcs90_b06m_s25.A04 fileNameGt=../../cp2016-max-common-connected-subgraph-paper/datasets/graphsdb/mcs90/bvg/b06m/mcs90_b06m_s25.B04
Reading graphs...
25 :  72
25 :  71
Initializing...
maxdom : 25
D->valSize : 625
Solving...
currentSize : 9 <-- 0.004784 s
currentSize : 12 <-- 0.004845 s
currentSize : 13 <-- 0.004959 s
currentSize : 14 <-- 0.048027 s
currentSize : 15 <-- 0.664284 s
currentSize : 16 <-- 1.327823 s
currentSize : 17 <-- 1.328261 s
currentSize : 18 <-- 1.923730 s
currentSize : 22 <-- 1.928927 s

maxsize : 22
nodes : 232819.000000
filtered : 4865204.000000
CCGP filtered : 333682.000000
CCGT filtered : 233543.000000
time : 1.939175
