Parameters: GAD=1 vflib=1 dir=0 label=0 lowerbound=1 fileNameGp=../../cp2016-max-common-connected-subgraph-paper/datasets/graphsdb/mcs90/rand/r02/mcs90_r02_s40.A02 fileNameGt=../../cp2016-max-common-connected-subgraph-paper/datasets/graphsdb/mcs90/rand/r02/mcs90_r02_s40.B02
Reading graphs...
40 :  284
40 :  284
Initializing...
maxdom : 40
D->valSize : 1600
Solving...
currentSize : 11 <-- 0.049770 s
currentSize : 12 <-- 0.049881 s
currentSize : 13 <-- 0.050519 s
currentSize : 14 <-- 0.058705 s
currentSize : 15 <-- 3.554518 s
currentSize : 16 <-- 69.405014 s
currentSize : 17 <-- 442.156128 s
currentSize : 21 <-- 442.161804 s
currentSize : 23 <-- 654.162048 s
currentSize : 24 <-- 760.236877 s
currentSize : 25 <-- 799.904053 s
currentSize : 36 <-- 925.606262 s

maxsize : 36
nodes : 59564311.000000
filtered : 1212026121.000000
CCGP filtered : 307715.000000
CCGT filtered : 817713.000000
time : 925.772461
