Parameters: GAD=1 vflib=1 dir=0 label=0 lowerbound=1 fileNameGp=../../cp2016-max-common-connected-subgraph-paper/datasets/graphsdb/mcs90/rand/r005/mcs90_r005_s50.A00 fileNameGt=../../cp2016-max-common-connected-subgraph-paper/datasets/graphsdb/mcs90/rand/r005/mcs90_r005_s50.B00
Reading graphs...
50 :  118
50 :  118
Initializing...
maxdom : 50
D->valSize : 2500
Solving...
currentSize : 19 <-- 0.172154 s
currentSize : 20 <-- 0.172541 s
currentSize : 21 <-- 0.173142 s
currentSize : 23 <-- 0.173178 s
currentSize : 24 <-- 0.284353 s
currentSize : 25 <-- 0.419475 s
currentSize : 26 <-- 0.441729 s
currentSize : 27 <-- 3.833994 s
currentSize : 28 <-- 10.784856 s
currentSize : 29 <-- 12.905310 s
currentSize : 30 <-- 56.125153 s
currentSize : 31 <-- 57.211990 s
currentSize : 32 <-- 58.073231 s
currentSize : 33 <-- 58.073544 s

TIMEOUT
maxsize : 33
nodes : 58698493.000000
filtered : 2479523433.000000
CCGP filtered : 247989574.000000
CCGT filtered : 224454201.000000
time : 1000.000061
