Parameters: GAD=1 vflib=1 dir=0 label=0 lowerbound=1 fileNameGp=../../cp2016-max-common-connected-subgraph-paper/datasets/graphsdb/mcs90/m2D/m2Dr4/mcs90_m2Dr4_s40.A06 fileNameGt=../../cp2016-max-common-connected-subgraph-paper/datasets/graphsdb/mcs90/m2D/m2Dr4/mcs90_m2Dr4_s40.B06
Reading graphs...
40 :  83
40 :  83
Initializing...
maxdom : 40
D->valSize : 1600
Solving...
currentSize : 14 <-- 0.063041 s
currentSize : 16 <-- 0.063127 s
currentSize : 17 <-- 0.063386 s
currentSize : 18 <-- 0.063799 s
currentSize : 19 <-- 0.064202 s
currentSize : 20 <-- 0.064624 s
currentSize : 21 <-- 0.065259 s
currentSize : 22 <-- 0.067313 s
currentSize : 23 <-- 0.073042 s
currentSize : 24 <-- 0.092322 s
currentSize : 25 <-- 0.801449 s
currentSize : 26 <-- 1.908923 s
currentSize : 27 <-- 2.115804 s
currentSize : 28 <-- 2.127848 s
currentSize : 30 <-- 2.308922 s
currentSize : 31 <-- 2.309728 s
currentSize : 36 <-- 80.214989 s

maxsize : 36
nodes : 5930062.000000
filtered : 293205461.000000
CCGP filtered : 13389329.000000
CCGT filtered : 6142170.000000
time : 80.403069
