Parameters: GAD=1 vflib=1 dir=0 label=0 lowerbound=1 fileNameGp=../../cp2016-max-common-connected-subgraph-paper/datasets/graphsdb/mcs90/bvg/b06m/mcs90_b06m_s30.A03 fileNameGt=../../cp2016-max-common-connected-subgraph-paper/datasets/graphsdb/mcs90/bvg/b06m/mcs90_b06m_s30.B03
Reading graphs...
30 :  90
30 :  90
Initializing...
maxdom : 30
D->valSize : 900
Solving...
currentSize : 13 <-- 0.010093 s
currentSize : 14 <-- 0.010286 s
currentSize : 15 <-- 0.011502 s
currentSize : 16 <-- 0.026537 s
currentSize : 17 <-- 0.337476 s
currentSize : 18 <-- 0.338710 s
currentSize : 19 <-- 0.346787 s
currentSize : 20 <-- 0.347083 s
currentSize : 23 <-- 0.375543 s
currentSize : 25 <-- 0.381955 s
currentSize : 27 <-- 0.382089 s

maxsize : 27
nodes : 41304.000000
filtered : 794336.000000
CCGP filtered : 55682.000000
CCGT filtered : 56297.000000
time : 0.409539
