Parameters: GAD=1 vflib=1 dir=0 label=0 lowerbound=1 fileNameGp=../../cp2016-max-common-connected-subgraph-paper/datasets/graphsdb/mcs90/m2D/m2Dr4/mcs90_m2Dr4_s30.A07 fileNameGt=../../cp2016-max-common-connected-subgraph-paper/datasets/graphsdb/mcs90/m2D/m2Dr4/mcs90_m2Dr4_s30.B07
Reading graphs...
30 :  61
30 :  60
Initializing...
maxdom : 30
D->valSize : 900
Solving...
currentSize : 16 <-- 0.018775 s
currentSize : 17 <-- 0.018882 s
currentSize : 18 <-- 0.018938 s
currentSize : 19 <-- 0.031680 s
currentSize : 20 <-- 0.035567 s
currentSize : 21 <-- 3.687865 s
currentSize : 22 <-- 8.203245 s
currentSize : 23 <-- 12.179934 s
currentSize : 25 <-- 12.483175 s

maxsize : 25
nodes : 1360039.000000
filtered : 36644273.000000
CCGP filtered : 5930157.000000
CCGT filtered : 4041651.000000
time : 12.583591
