Parameters: GAD=1 vflib=1 dir=0 label=0 lowerbound=1 fileNameGp=../../cp2016-max-common-connected-subgraph-paper/datasets/graphsdb/mcs90/bvg/b06/mcs90_b06_s40.A03 fileNameGt=../../cp2016-max-common-connected-subgraph-paper/datasets/graphsdb/mcs90/bvg/b06/mcs90_b06_s40.B03
Reading graphs...
40 :  120
40 :  120
Initializing...
maxdom : 40
D->valSize : 1600
Solving...
currentSize : 23 <-- 0.058513 s
currentSize : 24 <-- 0.058727 s
currentSize : 25 <-- 0.059285 s
currentSize : 26 <-- 0.059692 s
currentSize : 27 <-- 0.059917 s
currentSize : 28 <-- 0.067602 s
currentSize : 30 <-- 0.069783 s
currentSize : 31 <-- 0.070219 s
currentSize : 32 <-- 0.071312 s
currentSize : 33 <-- 0.077353 s
currentSize : 34 <-- 0.077679 s
currentSize : 36 <-- 0.115841 s
currentSize : 37 <-- 0.553414 s

maxsize : 37
nodes : 44771.000000
filtered : 1819048.000000
CCGP filtered : 13666.000000
CCGT filtered : 15775.000000
time : 0.637034
