Parameters: GAD=1 vflib=1 dir=0 label=0 lowerbound=1 fileNameGp=../../cp2016-max-common-connected-subgraph-paper/datasets/graphsdb/mcs90/bvg/b03m/mcs90_b03m_s25.A00 fileNameGt=../../cp2016-max-common-connected-subgraph-paper/datasets/graphsdb/mcs90/bvg/b03m/mcs90_b03m_s25.B00
Reading graphs...
25 :  36
25 :  36
Initializing...
maxdom : 25
D->valSize : 625
Solving...
currentSize : 10 <-- 0.009242 s
currentSize : 11 <-- 0.009283 s
currentSize : 13 <-- 0.009324 s
currentSize : 15 <-- 0.009613 s
currentSize : 16 <-- 0.009679 s
currentSize : 17 <-- 0.010523 s
currentSize : 18 <-- 0.115746 s
currentSize : 19 <-- 0.187942 s
currentSize : 20 <-- 0.224449 s
currentSize : 21 <-- 0.225134 s
currentSize : 23 <-- 0.227529 s

maxsize : 23
nodes : 21290.000000
filtered : 365973.000000
CCGP filtered : 358887.000000
CCGT filtered : 101287.000000
time : 0.231777
