Parameters: GAD=1 vflib=1 dir=0 label=0 lowerbound=1 fileNameGp=../../cp2016-max-common-connected-subgraph-paper/datasets/graphsdb/mcs90/bvg/b09m/mcs90_b09m_s30.A08 fileNameGt=../../cp2016-max-common-connected-subgraph-paper/datasets/graphsdb/mcs90/bvg/b09m/mcs90_b09m_s30.B08
Reading graphs...
30 :  131
30 :  132
Initializing...
maxdom : 30
D->valSize : 900
Solving...
currentSize : 10 <-- 0.009632 s
currentSize : 12 <-- 0.010359 s
currentSize : 13 <-- 0.047380 s
currentSize : 14 <-- 0.139381 s
currentSize : 15 <-- 18.733671 s
currentSize : 17 <-- 24.315918 s
currentSize : 18 <-- 24.385683 s
currentSize : 19 <-- 26.907288 s
currentSize : 20 <-- 30.065351 s
currentSize : 26 <-- 38.304192 s

maxsize : 26
nodes : 3714804.000000
filtered : 70893638.000000
CCGP filtered : 905618.000000
CCGT filtered : 1882434.000000
time : 38.338959
