Parameters: GAD=1 vflib=1 dir=0 label=0 lowerbound=1 fileNameGp=../../cp2016-max-common-connected-subgraph-paper/datasets/graphsdb/mcs90/m3D/m3Dr6/mcs90_m3Dr6_s30.A02 fileNameGt=../../cp2016-max-common-connected-subgraph-paper/datasets/graphsdb/mcs90/m3D/m3Dr6/mcs90_m3Dr6_s30.B02
Reading graphs...
30 :  76
30 :  75
Initializing...
maxdom : 30
D->valSize : 900
Solving...
currentSize : 12 <-- 0.010454 s
currentSize : 13 <-- 0.010569 s
currentSize : 14 <-- 0.010677 s
currentSize : 15 <-- 0.012096 s
currentSize : 16 <-- 0.014151 s
currentSize : 17 <-- 0.153374 s
currentSize : 18 <-- 0.716569 s
currentSize : 19 <-- 10.421108 s
currentSize : 20 <-- 21.619225 s
currentSize : 21 <-- 22.072042 s
currentSize : 22 <-- 22.091005 s
currentSize : 27 <-- 22.167686 s

maxsize : 27
nodes : 2469577.000000
filtered : 47296696.000000
CCGP filtered : 2307757.000000
CCGT filtered : 2510974.000000
time : 22.223015
