Parameters: GAD=1 vflib=1 dir=0 label=0 lowerbound=1 fileNameGp=../../cp2016-max-common-connected-subgraph-paper/datasets/graphsdb/mcs90/rand/r02/mcs90_r02_s30.A00 fileNameGt=../../cp2016-max-common-connected-subgraph-paper/datasets/graphsdb/mcs90/rand/r02/mcs90_r02_s30.B00
Reading graphs...
30 :  159
30 :  158
Initializing...
maxdom : 30
D->valSize : 900
Solving...
currentSize : 10 <-- 0.009524 s
currentSize : 11 <-- 0.009632 s
currentSize : 12 <-- 0.010008 s
currentSize : 13 <-- 0.032767 s
currentSize : 14 <-- 1.492079 s
currentSize : 16 <-- 4.328178 s
currentSize : 18 <-- 4.328360 s
currentSize : 20 <-- 4.388602 s
currentSize : 27 <-- 6.312140 s

maxsize : 27
nodes : 596247.000000
filtered : 9773748.000000
CCGP filtered : 9409.000000
CCGT filtered : 25570.000000
time : 6.334905
