Parameters: GAD=1 vflib=1 dir=0 label=0 lowerbound=1 fileNameGp=../../cp2016-max-common-connected-subgraph-paper/datasets/graphsdb/mcs90/bvg/b09m/mcs90_b09m_s25.A02 fileNameGt=../../cp2016-max-common-connected-subgraph-paper/datasets/graphsdb/mcs90/bvg/b09m/mcs90_b09m_s25.B02
Reading graphs...
25 :  108
25 :  107
Initializing...
maxdom : 25
D->valSize : 625
Solving...
currentSize : 9 <-- 0.007847 s
currentSize : 10 <-- 0.008121 s
currentSize : 11 <-- 0.010009 s
currentSize : 12 <-- 0.022105 s
currentSize : 13 <-- 0.381207 s
currentSize : 14 <-- 1.303780 s
currentSize : 15 <-- 2.656584 s
currentSize : 18 <-- 2.870306 s
currentSize : 22 <-- 2.872086 s

maxsize : 22
nodes : 303374.000000
filtered : 4111811.000000
CCGP filtered : 23074.000000
CCGT filtered : 26878.000000
time : 2.889892
