Parameters: GAD=1 vflib=1 dir=0 label=0 lowerbound=1 fileNameGp=../../cp2016-max-common-connected-subgraph-paper/datasets/graphsdb/mcs90/m2D/m2D/mcs90_m2D_s40.A05 fileNameGt=../../cp2016-max-common-connected-subgraph-paper/datasets/graphsdb/mcs90/m2D/m2D/mcs90_m2D_s40.B05
Reading graphs...
40 :  67
40 :  67
Initializing...
maxdom : 40
D->valSize : 1600
Solving...
currentSize : 25 <-- 0.036122 s
currentSize : 26 <-- 0.036255 s
currentSize : 27 <-- 0.044544 s
currentSize : 28 <-- 0.284237 s
currentSize : 29 <-- 1.135096 s
currentSize : 30 <-- 1.212798 s
currentSize : 31 <-- 3.559294 s
currentSize : 32 <-- 3.566237 s
currentSize : 33 <-- 5.323301 s
currentSize : 34 <-- 7.954900 s
currentSize : 35 <-- 7.991136 s
currentSize : 37 <-- 7.992053 s

maxsize : 37
nodes : 677869.000000
filtered : 21645688.000000
CCGP filtered : 8372294.000000
CCGT filtered : 3549625.000000
time : 8.113119
