Parameters: GAD=1 vflib=1 dir=0 label=0 lowerbound=1 fileNameGp=../../cp2016-max-common-connected-subgraph-paper/datasets/graphsdb/mcs90/bvg/b03m/mcs90_b03m_s30.A01 fileNameGt=../../cp2016-max-common-connected-subgraph-paper/datasets/graphsdb/mcs90/bvg/b03m/mcs90_b03m_s30.B01
Reading graphs...
30 :  45
30 :  45
Initializing...
maxdom : 30
D->valSize : 900
Solving...
currentSize : 14 <-- 0.019787 s
currentSize : 15 <-- 0.019857 s
currentSize : 16 <-- 0.020091 s
currentSize : 17 <-- 0.020965 s
currentSize : 18 <-- 0.021528 s
currentSize : 19 <-- 0.022329 s
currentSize : 20 <-- 0.023745 s
currentSize : 21 <-- 0.059370 s
currentSize : 22 <-- 0.243874 s
currentSize : 23 <-- 0.469361 s
currentSize : 24 <-- 0.500613 s
currentSize : 25 <-- 0.751054 s
currentSize : 26 <-- 0.751235 s

maxsize : 26
nodes : 91788.000000
filtered : 2016104.000000
CCGP filtered : 1349650.000000
CCGT filtered : 653761.000000
time : 0.852444
