Parameters: GAD=1 vflib=1 dir=0 label=0 lowerbound=1 fileNameGp=../../cp2016-max-common-connected-subgraph-paper/datasets/graphsdb/mcs90/m3D/m3Dr6/mcs90_m3Dr6_s30.A01 fileNameGt=../../cp2016-max-common-connected-subgraph-paper/datasets/graphsdb/mcs90/m3D/m3Dr6/mcs90_m3Dr6_s30.B01
Reading graphs...
30 :  78
30 :  77
Initializing...
maxdom : 30
D->valSize : 900
Solving...
currentSize : 14 <-- 0.010243 s
currentSize : 15 <-- 0.010265 s
currentSize : 16 <-- 0.032507 s
currentSize : 17 <-- 0.078335 s
currentSize : 18 <-- 1.537603 s
currentSize : 19 <-- 1.981604 s
currentSize : 21 <-- 2.028448 s
currentSize : 23 <-- 7.767404 s
currentSize : 25 <-- 7.801928 s
currentSize : 27 <-- 7.907788 s

maxsize : 27
nodes : 830550.000000
filtered : 21685218.000000
CCGP filtered : 440017.000000
CCGT filtered : 397497.000000
time : 7.917447
