Parameters: GAD=1 vflib=1 dir=0 label=0 lowerbound=1 fileNameGp=../../cp2016-max-common-connected-subgraph-paper/datasets/graphsdb/mcs90/rand/r005/mcs90_r005_s25.A02 fileNameGt=../../cp2016-max-common-connected-subgraph-paper/datasets/graphsdb/mcs90/rand/r005/mcs90_r005_s25.B02
Reading graphs...
25 :  29
25 :  29
Initializing...
maxdom : 25
D->valSize : 625
Solving...
currentSize : 9 <-- 0.005455 s
currentSize : 10 <-- 0.006436 s
currentSize : 11 <-- 0.008739 s
currentSize : 12 <-- 0.009578 s
currentSize : 13 <-- 0.010173 s
currentSize : 14 <-- 0.011246 s
currentSize : 15 <-- 0.018348 s
currentSize : 16 <-- 0.022193 s
currentSize : 17 <-- 0.022629 s
currentSize : 18 <-- 0.022947 s
currentSize : 21 <-- 0.023173 s
currentSize : 22 <-- 0.031904 s

maxsize : 22
nodes : 4725.000000
filtered : 105260.000000
CCGP filtered : 82773.000000
CCGT filtered : 41587.000000
time : 0.040511
