Parameters: GAD=1 vflib=1 dir=0 label=0 lowerbound=1 fileNameGp=../../cp2016-max-common-connected-subgraph-paper/datasets/graphsdb/mcs90/rand/r02/mcs90_r02_s30.A02 fileNameGt=../../cp2016-max-common-connected-subgraph-paper/datasets/graphsdb/mcs90/rand/r02/mcs90_r02_s30.B02
Reading graphs...
30 :  153
30 :  156
Initializing...
maxdom : 30
D->valSize : 900
Solving...
currentSize : 10 <-- 0.009469 s
currentSize : 11 <-- 0.010041 s
currentSize : 12 <-- 0.018105 s
currentSize : 13 <-- 0.082983 s
currentSize : 14 <-- 0.385567 s
currentSize : 15 <-- 0.558921 s
currentSize : 16 <-- 14.139381 s
currentSize : 18 <-- 15.484272 s
currentSize : 19 <-- 15.503633 s
currentSize : 27 <-- 19.281160 s

maxsize : 27
nodes : 1849328.000000
filtered : 31592325.000000
CCGP filtered : 47734.000000
CCGT filtered : 34614.000000
time : 19.297668
