Parameters: GAD=1 vflib=1 dir=0 label=0 lowerbound=1 fileNameGp=../../cp2016-max-common-connected-subgraph-paper/datasets/graphsdb/mcs90/bvg/b03/mcs90_b03_s40.A06 fileNameGt=../../cp2016-max-common-connected-subgraph-paper/datasets/graphsdb/mcs90/bvg/b03/mcs90_b03_s40.B06
Reading graphs...
40 :  59
40 :  60
Initializing...
maxdom : 40
D->valSize : 1600
Solving...
currentSize : 24 <-- 0.036090 s
currentSize : 25 <-- 0.036175 s
currentSize : 26 <-- 0.036247 s
currentSize : 27 <-- 0.036537 s
currentSize : 28 <-- 0.036920 s
currentSize : 29 <-- 0.037968 s
currentSize : 30 <-- 0.038075 s
currentSize : 31 <-- 0.038241 s
currentSize : 32 <-- 0.038555 s
currentSize : 33 <-- 0.038889 s
currentSize : 34 <-- 0.058711 s
currentSize : 35 <-- 0.061151 s
currentSize : 36 <-- 0.064331 s
currentSize : 37 <-- 0.066193 s
currentSize : 38 <-- 0.067644 s

maxsize : 38
nodes : 5197.000000
filtered : 151467.000000
CCGP filtered : 69790.000000
CCGT filtered : 8807.000000
time : 0.089780
