Parameters: GAD=1 vflib=1 dir=0 label=0 lowerbound=1 fileNameGp=../../cp2016-max-common-connected-subgraph-paper/datasets/graphsdb/mcs90/m2D/m2Dr4/mcs90_m2Dr4_s40.A04 fileNameGt=../../cp2016-max-common-connected-subgraph-paper/datasets/graphsdb/mcs90/m2D/m2Dr4/mcs90_m2Dr4_s40.B04
Reading graphs...
40 :  81
40 :  80
Initializing...
maxdom : 40
D->valSize : 1600
Solving...
currentSize : 19 <-- 0.061940 s
currentSize : 20 <-- 0.062167 s
currentSize : 21 <-- 0.063385 s
currentSize : 22 <-- 0.066050 s
currentSize : 23 <-- 0.067143 s
currentSize : 24 <-- 0.355302 s
currentSize : 25 <-- 0.447072 s
currentSize : 26 <-- 0.619104 s
currentSize : 27 <-- 1.709188 s
currentSize : 28 <-- 2.047346 s
currentSize : 30 <-- 2.048611 s
currentSize : 31 <-- 31.379215 s
currentSize : 32 <-- 82.669395 s
currentSize : 33 <-- 84.727608 s
currentSize : 36 <-- 85.854637 s

maxsize : 36
nodes : 6474802.000000
filtered : 304453056.000000
CCGP filtered : 22991584.000000
CCGT filtered : 9866124.000000
time : 86.037651
