Parameters: GAD=1 vflib=1 dir=0 label=0 lowerbound=1 fileNameGp=../../cp2016-max-common-connected-subgraph-paper/datasets/graphsdb/mcs90/bvg/b06/mcs90_b06_s50.A04 fileNameGt=../../cp2016-max-common-connected-subgraph-paper/datasets/graphsdb/mcs90/bvg/b06/mcs90_b06_s50.B04
Reading graphs...
50 :  150
50 :  150
Initializing...
maxdom : 50
D->valSize : 2500
Solving...
currentSize : 16 <-- 0.113380 s
currentSize : 29 <-- 0.113645 s
currentSize : 33 <-- 0.113923 s
currentSize : 34 <-- 1.416318 s
currentSize : 35 <-- 1.417547 s
currentSize : 36 <-- 1.423036 s
currentSize : 37 <-- 1.444715 s
currentSize : 38 <-- 1.461108 s
currentSize : 39 <-- 1.479328 s
currentSize : 40 <-- 1.480155 s
currentSize : 41 <-- 1.493952 s
currentSize : 42 <-- 1.497301 s
currentSize : 44 <-- 1.541510 s
currentSize : 45 <-- 2.978037 s

maxsize : 45
nodes : 325775.000000
filtered : 15624834.000000
CCGP filtered : 327648.000000
CCGT filtered : 443655.000000
time : 5.653357
