Parameters: GAD=1 vflib=1 dir=0 label=0 lowerbound=1 fileNameGp=../../cp2016-max-common-connected-subgraph-paper/datasets/graphsdb/mcs90/rand/r005/mcs90_r005_s40.A06 fileNameGt=../../cp2016-max-common-connected-subgraph-paper/datasets/graphsdb/mcs90/rand/r005/mcs90_r005_s40.B06
Reading graphs...
40 :  73
40 :  73
Initializing...
maxdom : 40
D->valSize : 1600
Solving...
currentSize : 17 <-- 0.036201 s
currentSize : 18 <-- 0.037684 s
currentSize : 19 <-- 0.038925 s
currentSize : 20 <-- 0.039151 s
currentSize : 21 <-- 0.039658 s
currentSize : 22 <-- 0.044347 s
currentSize : 23 <-- 0.098396 s
currentSize : 24 <-- 0.105927 s
currentSize : 25 <-- 10.248776 s
currentSize : 26 <-- 44.051289 s
currentSize : 27 <-- 55.204273 s
currentSize : 28 <-- 127.123802 s
currentSize : 29 <-- 155.634720 s
currentSize : 30 <-- 157.768066 s
currentSize : 31 <-- 158.741394 s
currentSize : 33 <-- 158.742233 s
currentSize : 36 <-- 158.742355 s

maxsize : 36
nodes : 12999092.000000
filtered : 330059402.000000
CCGP filtered : 75922419.000000
CCGT filtered : 112140325.000000
time : 158.801865
