Parameters: GAD=1 vflib=1 dir=0 label=0 lowerbound=1 fileNameGp=../../cp2016-max-common-connected-subgraph-paper/datasets/graphsdb/mcs90/bvg/b09/mcs90_b09_s40.A04 fileNameGt=../../cp2016-max-common-connected-subgraph-paper/datasets/graphsdb/mcs90/bvg/b09/mcs90_b09_s40.B04
Reading graphs...
40 :  179
40 :  180
Initializing...
maxdom : 40
D->valSize : 1600
Solving...
currentSize : 13 <-- 0.031311 s
currentSize : 14 <-- 0.031451 s
currentSize : 15 <-- 0.031671 s
currentSize : 16 <-- 0.031867 s
currentSize : 17 <-- 0.607926 s
currentSize : 18 <-- 0.999390 s
currentSize : 19 <-- 1.695738 s
currentSize : 21 <-- 2.706177 s
currentSize : 22 <-- 2.784924 s
currentSize : 23 <-- 2.785434 s
currentSize : 24 <-- 2.986448 s
currentSize : 25 <-- 3.002689 s
currentSize : 26 <-- 3.004837 s
currentSize : 27 <-- 3.012913 s
currentSize : 28 <-- 3.017983 s
currentSize : 30 <-- 3.019260 s
currentSize : 32 <-- 3.038761 s
currentSize : 36 <-- 3.046973 s

maxsize : 36
nodes : 268490.000000
filtered : 6668663.000000
CCGP filtered : 21983.000000
CCGT filtered : 153227.000000
time : 3.568795
