Parameters: GAD=1 vflib=1 dir=0 label=1 lowerbound=1 fileNameGp=../../cp2016-max-common-connected-subgraph-paper/datasets/graphsdb/mcs30/bvg/b09/mcs30_b09_s80.A06 fileNameGt=../../cp2016-max-common-connected-subgraph-paper/datasets/graphsdb/mcs30/bvg/b09/mcs30_b09_s80.B06
Reading graphs...
80 :  355
80 :  356
Initializing...
maxdom : 10
D->valSize : 402
Solving...
currentSize : 2 <-- 0.003405 s
currentSize : 11 <-- 0.003528 s
currentSize : 12 <-- 0.005694 s
currentSize : 14 <-- 0.006974 s
currentSize : 15 <-- 0.012828 s
currentSize : 24 <-- 0.036411 s

maxsize : 24
nodes : 13006732.000000
filtered : 30863315.000000
time : 62.398628
