Parameters: GAD=1 vflib=1 dir=0 label=1 lowerbound=1 fileNameGp=../../cp2016-max-common-connected-subgraph-paper/datasets/graphsdb/mcs30/rand/r02/mcs30_r02_s90.A02 fileNameGt=../../cp2016-max-common-connected-subgraph-paper/datasets/graphsdb/mcs30/rand/r02/mcs30_r02_s90.B02
Reading graphs...
90 :  1435
90 :  1439
Initializing...
maxdom : 11
D->valSize : 543
Solving...
currentSize : 8 <-- 0.005677 s
currentSize : 10 <-- 0.007703 s
currentSize : 12 <-- 0.008582 s
currentSize : 13 <-- 0.010178 s
currentSize : 16 <-- 0.022614 s
currentSize : 17 <-- 0.022745 s
currentSize : 22 <-- 0.044812 s
currentSize : 23 <-- 0.048647 s

maxsize : 23
nodes : 27392.000000
filtered : 403049.000000
time : 0.206486
