Parameters: GAD=1 vflib=1 dir=0 label=1 lowerbound=1 fileNameGp=../../cp2016-max-common-connected-subgraph-paper/datasets/graphsdb/mcs30/bvg/b06/mcs30_b06_s50.A08 fileNameGt=../../cp2016-max-common-connected-subgraph-paper/datasets/graphsdb/mcs30/bvg/b06/mcs30_b06_s50.B08
Reading graphs...
50 :  145
50 :  150
Initializing...
maxdom : 8
D->valSize : 300
Solving...
currentSize : 1 <-- 0.001779 s
currentSize : 3 <-- 0.001887 s
currentSize : 6 <-- 0.001993 s
currentSize : 7 <-- 0.002006 s
currentSize : 8 <-- 0.002053 s
currentSize : 9 <-- 0.002085 s
currentSize : 10 <-- 0.002973 s
currentSize : 11 <-- 0.003582 s
currentSize : 16 <-- 0.007450 s

maxsize : 16
nodes : 42631.000000
filtered : 158595.000000
time : 0.149684
