Parameters: GAD=1 vflib=1 dir=0 label=1 lowerbound=1 fileNameGp=../../cp2016-max-common-connected-subgraph-paper/datasets/graphsdb/mcs30/rand/r02/mcs30_r02_s90.A05 fileNameGt=../../cp2016-max-common-connected-subgraph-paper/datasets/graphsdb/mcs30/rand/r02/mcs30_r02_s90.B05
Reading graphs...
90 :  1424
90 :  1423
Initializing...
maxdom : 12
D->valSize : 543
Solving...
currentSize : 4 <-- 0.008511 s
currentSize : 5 <-- 0.008639 s
currentSize : 6 <-- 0.008718 s
currentSize : 7 <-- 0.009811 s
currentSize : 9 <-- 0.014780 s
currentSize : 11 <-- 0.017605 s
currentSize : 15 <-- 0.024914 s
currentSize : 22 <-- 0.040549 s
currentSize : 23 <-- 0.041260 s

maxsize : 23
nodes : 35678.000000
filtered : 450854.000000
time : 0.284432
