Parameters: GAD=1 vflib=1 dir=0 label=1 lowerbound=1 fileNameGp=../../cp2016-max-common-connected-subgraph-paper/datasets/graphsdb/mcs30/rand/r02/mcs30_r02_s90.A08 fileNameGt=../../cp2016-max-common-connected-subgraph-paper/datasets/graphsdb/mcs30/rand/r02/mcs30_r02_s90.B08
Reading graphs...
90 :  1423
90 :  1422
Initializing...
maxdom : 10
D->valSize : 596
Solving...
currentSize : 3 <-- 0.009859 s
currentSize : 5 <-- 0.009946 s
currentSize : 6 <-- 0.010400 s
currentSize : 7 <-- 0.010819 s
currentSize : 9 <-- 0.014835 s
currentSize : 10 <-- 0.017353 s
currentSize : 12 <-- 0.018066 s
currentSize : 15 <-- 0.033974 s
currentSize : 16 <-- 0.047538 s
currentSize : 24 <-- 0.075454 s

maxsize : 24
nodes : 57464.000000
filtered : 763226.000000
time : 0.631871
