Parameters: GAD=1 vflib=1 dir=0 label=1 lowerbound=1 fileNameGp=../../cp2016-max-common-connected-subgraph-paper/datasets/graphsdb/mcs30/rand/r02/mcs30_r02_s90.A09 fileNameGt=../../cp2016-max-common-connected-subgraph-paper/datasets/graphsdb/mcs30/rand/r02/mcs30_r02_s90.B09
Reading graphs...
90 :  1428
90 :  1429
Initializing...
maxdom : 10
D->valSize : 592
Solving...
currentSize : 8 <-- 0.006187 s
currentSize : 9 <-- 0.006575 s
currentSize : 10 <-- 0.006619 s
currentSize : 11 <-- 0.010434 s
currentSize : 12 <-- 0.010458 s
currentSize : 13 <-- 0.010648 s
currentSize : 24 <-- 0.022064 s
currentSize : 25 <-- 0.022352 s

maxsize : 25
nodes : 38800.000000
filtered : 597443.000000
time : 0.306445
