Parameters: GAD=1 vflib=1 dir=0 label=1 lowerbound=1 fileNameGp=../../cp2016-max-common-connected-subgraph-paper/datasets/graphsdb/mcs30/rand/r02/mcs30_r02_s80.A04 fileNameGt=../../cp2016-max-common-connected-subgraph-paper/datasets/graphsdb/mcs30/rand/r02/mcs30_r02_s80.B04
Reading graphs...
80 :  1122
80 :  1140
Initializing...
maxdom : 10
D->valSize : 503
Solving...
currentSize : 5 <-- 0.007243 s
currentSize : 6 <-- 0.007543 s
currentSize : 7 <-- 0.009371 s
currentSize : 8 <-- 0.015606 s
currentSize : 10 <-- 0.015819 s
currentSize : 11 <-- 0.016960 s
currentSize : 15 <-- 0.017466 s
currentSize : 19 <-- 0.029667 s
currentSize : 21 <-- 0.039222 s

maxsize : 21
nodes : 13351.000000
filtered : 270402.000000
time : 0.161306
