Parameters: GAD=1 vflib=1 dir=0 label=1 lowerbound=1 fileNameGp=../../cp2016-max-common-connected-subgraph-paper/datasets/graphsdb/mcs50/rand/r02/mcs50_r02_s90.A04 fileNameGt=../../cp2016-max-common-connected-subgraph-paper/datasets/graphsdb/mcs50/rand/r02/mcs50_r02_s90.B04
Reading graphs...
90 :  1428
90 :  1436
Initializing...
maxdom : 11
D->valSize : 570
Solving...
currentSize : 5 <-- 0.005784 s
currentSize : 6 <-- 0.005917 s
currentSize : 7 <-- 0.006372 s
currentSize : 8 <-- 0.006819 s
currentSize : 9 <-- 0.007356 s
currentSize : 11 <-- 0.007425 s
currentSize : 12 <-- 0.010162 s
currentSize : 18 <-- 0.012914 s
currentSize : 19 <-- 0.013090 s
currentSize : 26 <-- 0.018701 s
currentSize : 31 <-- 0.020858 s
currentSize : 33 <-- 0.021016 s
currentSize : 34 <-- 0.021817 s

maxsize : 34
nodes : 172865.000000
filtered : 721810.000000
time : 1.322884
