Parameters: GAD=1 vflib=1 dir=0 label=1 lowerbound=1 fileNameGp=../../cp2016-max-common-connected-subgraph-paper/datasets/graphsdb/mcs50/rand/r02/mcs50_r02_s100.A01 fileNameGt=../../cp2016-max-common-connected-subgraph-paper/datasets/graphsdb/mcs50/rand/r02/mcs50_r02_s100.B01
Reading graphs...
100 :  1759
100 :  1774
Initializing...
maxdom : 8
D->valSize : 380
Solving...
currentSize : 2 <-- 0.003601 s
currentSize : 19 <-- 0.003712 s
currentSize : 20 <-- 0.003933 s
currentSize : 21 <-- 0.004870 s
currentSize : 34 <-- 0.009158 s
currentSize : 35 <-- 0.009500 s
currentSize : 36 <-- 0.009962 s
currentSize : 37 <-- 0.015468 s
currentSize : 38 <-- 0.015979 s

maxsize : 38
nodes : 83553.000000
filtered : 370391.000000
time : 0.626679
