Parameters: GAD=1 vflib=1 dir=0 label=1 lowerbound=1 fileNameGp=../../cp2016-max-common-connected-subgraph-paper/datasets/graphsdb/mcs50/rand/r02/mcs50_r02_s100.A00 fileNameGt=../../cp2016-max-common-connected-subgraph-paper/datasets/graphsdb/mcs50/rand/r02/mcs50_r02_s100.B00
Reading graphs...
100 :  1759
100 :  1758
Initializing...
maxdom : 7
D->valSize : 346
Solving...
currentSize : 24 <-- 0.003287 s
currentSize : 30 <-- 0.008287 s
currentSize : 31 <-- 0.009262 s
currentSize : 32 <-- 0.010936 s
currentSize : 33 <-- 0.032788 s
currentSize : 34 <-- 0.065514 s
currentSize : 35 <-- 0.316435 s
currentSize : 36 <-- 0.320820 s

maxsize : 36
nodes : 73961.000000
filtered : 370963.000000
time : 0.571267
