Parameters: GAD=1 vflib=1 dir=0 label=1 lowerbound=1 fileNameGp=../../cp2016-max-common-connected-subgraph-paper/datasets/graphsdb/mcs50/bvg/b06m/mcs50_b06m_s50.A01 fileNameGt=../../cp2016-max-common-connected-subgraph-paper/datasets/graphsdb/mcs50/bvg/b06m/mcs50_b06m_s50.B01
Reading graphs...
50 :  146
50 :  143
Initializing...
maxdom : 10
D->valSize : 314
Solving...
currentSize : 3 <-- 0.001951 s
currentSize : 15 <-- 0.002039 s
currentSize : 16 <-- 0.002132 s
currentSize : 17 <-- 0.022632 s
currentSize : 18 <-- 0.153571 s
currentSize : 19 <-- 0.157270 s
currentSize : 21 <-- 0.198087 s
currentSize : 22 <-- 0.198246 s
currentSize : 23 <-- 0.200846 s

maxsize : 23
nodes : 163263.000000
filtered : 732565.000000
time : 0.675936
