Parameters: GAD=1 vflib=1 dir=0 label=1 lowerbound=1 fileNameGp=../../cp2016-max-common-connected-subgraph-paper/datasets/graphsdb/mcs50/rand/r02/mcs50_r02_s80.A06 fileNameGt=../../cp2016-max-common-connected-subgraph-paper/datasets/graphsdb/mcs50/rand/r02/mcs50_r02_s80.B06
Reading graphs...
80 :  1133
80 :  1135
Initializing...
maxdom : 8
D->valSize : 435
Solving...
currentSize : 4 <-- 0.003863 s
currentSize : 5 <-- 0.003984 s
currentSize : 19 <-- 0.004266 s
currentSize : 20 <-- 0.004431 s
currentSize : 21 <-- 0.005143 s
currentSize : 26 <-- 0.010948 s
currentSize : 28 <-- 0.011940 s
currentSize : 29 <-- 0.014345 s

maxsize : 29
nodes : 121633.000000
filtered : 452243.000000
time : 0.751656
