Parameters: GAD=1 vflib=1 dir=0 label=1 lowerbound=1 fileNameGp=../../cp2016-max-common-connected-subgraph-paper/datasets/graphsdb/mcs50/rand/r02/mcs50_r02_s80.A07 fileNameGt=../../cp2016-max-common-connected-subgraph-paper/datasets/graphsdb/mcs50/rand/r02/mcs50_r02_s80.B07
Reading graphs...
80 :  1126
80 :  1118
Initializing...
maxdom : 11
D->valSize : 397
Solving...
currentSize : 4 <-- 0.003406 s
currentSize : 5 <-- 0.003478 s
currentSize : 6 <-- 0.003818 s
currentSize : 11 <-- 0.004100 s
currentSize : 15 <-- 0.004445 s
currentSize : 31 <-- 0.006806 s
currentSize : 32 <-- 0.007256 s
currentSize : 33 <-- 0.007806 s

maxsize : 33
nodes : 8036.000000
filtered : 120440.000000
time : 0.063432
