Parameters: GAD=1 vflib=1 dir=0 label=1 lowerbound=1 fileNameGp=../../cp2016-max-common-connected-subgraph-paper/datasets/graphsdb/mcs50/rand/r02/mcs50_r02_s100.A04 fileNameGt=../../cp2016-max-common-connected-subgraph-paper/datasets/graphsdb/mcs50/rand/r02/mcs50_r02_s100.B04
Reading graphs...
100 :  1782
100 :  1767
Initializing...
maxdom : 10
D->valSize : 421
Solving...
currentSize : 3 <-- 0.006243 s
currentSize : 4 <-- 0.006283 s
currentSize : 5 <-- 0.006309 s
currentSize : 21 <-- 0.006519 s
currentSize : 22 <-- 0.006840 s
currentSize : 34 <-- 0.028888 s
currentSize : 35 <-- 0.106141 s

maxsize : 35
nodes : 1861188.000000
filtered : 2428272.000000
time : 14.069752
