Parameters: GAD=1 vflib=1 dir=0 label=1 lowerbound=1 fileNameGp=../../cp2016-max-common-connected-subgraph-paper/datasets/graphsdb/mcs50/rand/r02/mcs50_r02_s50.A08 fileNameGt=../../cp2016-max-common-connected-subgraph-paper/datasets/graphsdb/mcs50/rand/r02/mcs50_r02_s50.B08
Reading graphs...
50 :  437
50 :  436
Initializing...
maxdom : 8
D->valSize : 298
Solving...
currentSize : 4 <-- 0.001826 s
currentSize : 5 <-- 0.001859 s
currentSize : 6 <-- 0.002304 s
currentSize : 7 <-- 0.002854 s
currentSize : 9 <-- 0.003124 s
currentSize : 10 <-- 0.003193 s
currentSize : 11 <-- 0.003343 s
currentSize : 13 <-- 0.003416 s
currentSize : 16 <-- 0.007741 s
currentSize : 21 <-- 0.008574 s

maxsize : 21
nodes : 2883.000000
filtered : 47308.000000
time : 0.018082
