Parameters: GAD=1 vflib=1 dir=0 label=1 lowerbound=1 fileNameGp=../../cp2016-max-common-connected-subgraph-paper/datasets/graphsdb/mcs50/rand/r02/mcs50_r02_s70.A03 fileNameGt=../../cp2016-max-common-connected-subgraph-paper/datasets/graphsdb/mcs50/rand/r02/mcs50_r02_s70.B03
Reading graphs...
70 :  855
70 :  859
Initializing...
maxdom : 9
D->valSize : 360
Solving...
currentSize : 4 <-- 0.003775 s
currentSize : 5 <-- 0.003805 s
currentSize : 6 <-- 0.003973 s
currentSize : 8 <-- 0.004226 s
currentSize : 14 <-- 0.004629 s
currentSize : 15 <-- 0.004727 s
currentSize : 16 <-- 0.005608 s
currentSize : 17 <-- 0.005721 s
currentSize : 24 <-- 0.007323 s
currentSize : 25 <-- 0.007613 s
currentSize : 26 <-- 0.023371 s

maxsize : 26
nodes : 29909.000000
filtered : 171414.000000
time : 0.169568
