Parameters: GAD=1 vflib=1 dir=0 label=1 lowerbound=1 fileNameGp=../../cp2016-max-common-connected-subgraph-paper/datasets/graphsdb/mcs50/rand/r02/mcs50_r02_s90.A00 fileNameGt=../../cp2016-max-common-connected-subgraph-paper/datasets/graphsdb/mcs50/rand/r02/mcs50_r02_s90.B00
Reading graphs...
90 :  1433
90 :  1416
Initializing...
maxdom : 13
D->valSize : 606
Solving...
currentSize : 4 <-- 0.010004 s
currentSize : 6 <-- 0.010117 s
currentSize : 7 <-- 0.010764 s
currentSize : 11 <-- 0.012471 s
currentSize : 13 <-- 0.012930 s
currentSize : 18 <-- 0.014402 s
currentSize : 24 <-- 0.036380 s
currentSize : 25 <-- 0.036656 s
currentSize : 34 <-- 0.048291 s
currentSize : 35 <-- 0.048668 s
currentSize : 36 <-- 0.059824 s

maxsize : 36
nodes : 38614.000000
filtered : 373109.000000
time : 0.313391
