Parameters: GAD=1 vflib=1 dir=0 label=1 lowerbound=1 fileNameGp=../../cp2016-max-common-connected-subgraph-paper/datasets/graphsdb/mcs70/rand/r02/mcs70_r02_s100.A04 fileNameGt=../../cp2016-max-common-connected-subgraph-paper/datasets/graphsdb/mcs70/rand/r02/mcs70_r02_s100.B04
Reading graphs...
100 :  1761
100 :  1777
Initializing...
maxdom : 6
D->valSize : 372
Solving...
currentSize : 44 <-- 0.003915 s
currentSize : 45 <-- 0.004445 s
currentSize : 46 <-- 0.007416 s
currentSize : 47 <-- 0.017751 s
currentSize : 48 <-- 0.071433 s
currentSize : 49 <-- 1.054399 s
currentSize : 50 <-- 2.169088 s
currentSize : 51 <-- 3.081087 s

maxsize : 51
nodes : 4062996.000000
filtered : 5014512.000000
time : 31.305077
