Parameters: GAD=1 vflib=1 dir=0 label=1 lowerbound=1 fileNameGp=../../cp2016-max-common-connected-subgraph-paper/datasets/graphsdb/mcs70/rand/r02/mcs70_r02_s80.A02 fileNameGt=../../cp2016-max-common-connected-subgraph-paper/datasets/graphsdb/mcs70/rand/r02/mcs70_r02_s80.B02
Reading graphs...
80 :  1125
80 :  1141
Initializing...
maxdom : 8
D->valSize : 433
Solving...
currentSize : 3 <-- 0.003813 s
currentSize : 4 <-- 0.003856 s
currentSize : 12 <-- 0.003910 s
currentSize : 21 <-- 0.004101 s
currentSize : 26 <-- 0.005308 s
currentSize : 38 <-- 0.014827 s
currentSize : 39 <-- 0.015056 s
currentSize : 40 <-- 0.015424 s
currentSize : 41 <-- 0.016027 s

maxsize : 41
nodes : 1071113.000000
filtered : 1528265.000000
time : 6.689138
