Parameters: GAD=1 vflib=1 dir=0 label=1 lowerbound=1 fileNameGp=../../cp2016-max-common-connected-subgraph-paper/datasets/graphsdb/mcs70/rand/r02/mcs70_r02_s50.A06 fileNameGt=../../cp2016-max-common-connected-subgraph-paper/datasets/graphsdb/mcs70/rand/r02/mcs70_r02_s50.B06
Reading graphs...
50 :  436
50 :  434
Initializing...
maxdom : 11
D->valSize : 360
Solving...
currentSize : 4 <-- 0.002327 s
currentSize : 7 <-- 0.002365 s
currentSize : 8 <-- 0.003050 s
currentSize : 12 <-- 0.003179 s
currentSize : 13 <-- 0.003267 s
currentSize : 15 <-- 0.003975 s
currentSize : 16 <-- 0.004605 s
currentSize : 28 <-- 0.005070 s
currentSize : 29 <-- 0.005811 s

maxsize : 29
nodes : 1983.000000
filtered : 30235.000000
time : 0.013299
