Parameters: GAD=1 vflib=1 dir=0 label=1 lowerbound=1 fileNameGp=../../cp2016-max-common-connected-subgraph-paper/datasets/graphsdb/mcs70/rand/r02/mcs70_r02_s90.A03 fileNameGt=../../cp2016-max-common-connected-subgraph-paper/datasets/graphsdb/mcs70/rand/r02/mcs70_r02_s90.B03
Reading graphs...
90 :  1431
90 :  1465
Initializing...
maxdom : 11
D->valSize : 561
Solving...
currentSize : 11 <-- 0.008959 s
currentSize : 20 <-- 0.013119 s
currentSize : 21 <-- 0.014124 s
currentSize : 22 <-- 0.014436 s
currentSize : 26 <-- 0.017442 s
currentSize : 27 <-- 0.018013 s
currentSize : 38 <-- 0.030838 s
currentSize : 39 <-- 0.031441 s
currentSize : 40 <-- 0.033429 s
currentSize : 41 <-- 0.085851 s
currentSize : 42 <-- 0.087404 s
currentSize : 43 <-- 0.180055 s
currentSize : 44 <-- 0.182374 s
currentSize : 45 <-- 0.353134 s

maxsize : 45
nodes : 2364203.000000
filtered : 3053594.000000
time : 17.985344
