Parameters: GAD=1 vflib=1 dir=0 label=1 lowerbound=1 fileNameGp=../../cp2016-max-common-connected-subgraph-paper/datasets/graphsdb/mcs70/rand/r02/mcs70_r02_s80.A03 fileNameGt=../../cp2016-max-common-connected-subgraph-paper/datasets/graphsdb/mcs70/rand/r02/mcs70_r02_s80.B03
Reading graphs...
80 :  1123
80 :  1133
Initializing...
maxdom : 12
D->valSize : 458
Solving...
currentSize : 2 <-- 0.006252 s
currentSize : 8 <-- 0.006336 s
currentSize : 12 <-- 0.006625 s
currentSize : 37 <-- 0.008262 s
currentSize : 38 <-- 0.008500 s
currentSize : 39 <-- 0.579552 s
currentSize : 40 <-- 1.473594 s

maxsize : 40
nodes : 700134.000000
filtered : 816573.000000
time : 5.166635
