Parameters: GAD=1 vflib=1 dir=0 label=1 lowerbound=1 fileNameGp=../../cp2016-max-common-connected-subgraph-paper/datasets/graphsdb/mcs70/rand/r02/mcs70_r02_s70.A05 fileNameGt=../../cp2016-max-common-connected-subgraph-paper/datasets/graphsdb/mcs70/rand/r02/mcs70_r02_s70.B05
Reading graphs...
70 :  864
70 :  858
Initializing...
maxdom : 8
D->valSize : 336
Solving...
currentSize : 2 <-- 0.003778 s
currentSize : 19 <-- 0.003927 s
currentSize : 20 <-- 0.004185 s
currentSize : 21 <-- 0.004483 s
currentSize : 22 <-- 0.004822 s
currentSize : 32 <-- 0.010041 s
currentSize : 33 <-- 0.010449 s
currentSize : 34 <-- 0.010990 s
currentSize : 35 <-- 0.011740 s
currentSize : 36 <-- 0.012742 s
currentSize : 37 <-- 0.013639 s

maxsize : 37
nodes : 47097.000000
filtered : 146885.000000
time : 0.296412
