Parameters: GAD=1 vflib=1 dir=0 label=1 lowerbound=1 fileNameGp=../../cp2016-max-common-connected-subgraph-paper/datasets/graphsdb/mcs70/rand/r02/mcs70_r02_s90.A05 fileNameGt=../../cp2016-max-common-connected-subgraph-paper/datasets/graphsdb/mcs70/rand/r02/mcs70_r02_s90.B05
Reading graphs...
90 :  1442
90 :  1438
Initializing...
maxdom : 10
D->valSize : 547
Solving...
currentSize : 3 <-- 0.008546 s
currentSize : 10 <-- 0.008681 s
currentSize : 23 <-- 0.009557 s
currentSize : 26 <-- 0.012633 s
currentSize : 47 <-- 0.018063 s
currentSize : 48 <-- 0.020058 s

maxsize : 48
nodes : 4007517.000000
filtered : 3562937.000000
time : 31.330212
