Parameters: GAD=1 vflib=1 dir=0 label=1 lowerbound=1 fileNameGp=../../cp2016-max-common-connected-subgraph-paper/datasets/graphsdb/mcs70/rand/r01/mcs70_r01_s100.A04 fileNameGt=../../cp2016-max-common-connected-subgraph-paper/datasets/graphsdb/mcs70/rand/r01/mcs70_r01_s100.B04
Reading graphs...
100 :  936
100 :  940
Initializing...
maxdom : 7
D->valSize : 388
Solving...
currentSize : 1 <-- 0.003701 s
currentSize : 55 <-- 0.004052 s
currentSize : 56 <-- 0.004634 s
currentSize : 57 <-- 0.040128 s
currentSize : 58 <-- 0.040768 s
currentSize : 59 <-- 0.141223 s

maxsize : 59
nodes : 943808.000000
filtered : 2803038.000000
time : 6.387537
