Parameters: GAD=1 vflib=1 dir=0 label=1 lowerbound=1 fileNameGp=../../cp2016-max-common-connected-subgraph-paper/datasets/graphsdb/mcs70/rand/r02/mcs70_r02_s100.A07 fileNameGt=../../cp2016-max-common-connected-subgraph-paper/datasets/graphsdb/mcs70/rand/r02/mcs70_r02_s100.B07
Reading graphs...
100 :  1777
100 :  1773
Initializing...
maxdom : 8
D->valSize : 404
Solving...
currentSize : 1 <-- 0.003960 s
currentSize : 43 <-- 0.004229 s
currentSize : 44 <-- 0.010505 s
currentSize : 45 <-- 0.010914 s
currentSize : 46 <-- 0.023775 s
currentSize : 47 <-- 0.041963 s
currentSize : 48 <-- 0.092815 s
currentSize : 49 <-- 1.067309 s
currentSize : 50 <-- 1.948815 s

maxsize : 50
nodes : 12207313.000000
filtered : 11634789.000000
time : 102.277466
