Parameters: GAD=1 vflib=1 dir=0 label=1 lowerbound=1 fileNameGp=../../cp2016-max-common-connected-subgraph-paper/datasets/graphsdb/mcs70/rand/r02/mcs70_r02_s80.A05 fileNameGt=../../cp2016-max-common-connected-subgraph-paper/datasets/graphsdb/mcs70/rand/r02/mcs70_r02_s80.B05
Reading graphs...
80 :  1130
80 :  1137
Initializing...
maxdom : 9
D->valSize : 461
Solving...
currentSize : 5 <-- 0.006338 s
currentSize : 6 <-- 0.006385 s
currentSize : 32 <-- 0.006946 s
currentSize : 33 <-- 0.007265 s
currentSize : 34 <-- 0.010302 s
currentSize : 35 <-- 0.028391 s
currentSize : 36 <-- 1.421358 s

maxsize : 36
nodes : 4382623.000000
filtered : 4748554.000000
time : 28.542467
