Parameters: GAD=1 vflib=1 dir=0 label=1 lowerbound=1 fileNameGp=../../cp2016-max-common-connected-subgraph-paper/datasets/graphsdb/mcs70/rand/r02/mcs70_r02_s100.A02 fileNameGt=../../cp2016-max-common-connected-subgraph-paper/datasets/graphsdb/mcs70/rand/r02/mcs70_r02_s100.B02
Reading graphs...
100 :  1753
100 :  1766
Initializing...
maxdom : 7
D->valSize : 399
Solving...
currentSize : 2 <-- 0.004093 s
currentSize : 22 <-- 0.004219 s
currentSize : 23 <-- 0.004383 s
currentSize : 29 <-- 0.031715 s
currentSize : 44 <-- 0.045899 s
currentSize : 45 <-- 0.046563 s
currentSize : 46 <-- 0.047184 s
currentSize : 47 <-- 0.049283 s
currentSize : 48 <-- 0.106106 s
currentSize : 49 <-- 0.409165 s
currentSize : 50 <-- 0.575297 s

maxsize : 50
nodes : 4965988.000000
filtered : 5729658.000000
time : 37.657413
