Parameters: GAD=1 vflib=1 dir=0 label=1 lowerbound=1 fileNameGp=../../cp2016-max-common-connected-subgraph-paper/datasets/graphsdb/mcs70/rand/r02/mcs70_r02_s50.A00 fileNameGt=../../cp2016-max-common-connected-subgraph-paper/datasets/graphsdb/mcs70/rand/r02/mcs70_r02_s50.B00
Reading graphs...
50 :  427
50 :  433
Initializing...
maxdom : 8
D->valSize : 345
Solving...
currentSize : 4 <-- 0.002212 s
currentSize : 7 <-- 0.002260 s
currentSize : 8 <-- 0.003589 s
currentSize : 9 <-- 0.003786 s
currentSize : 12 <-- 0.004467 s
currentSize : 15 <-- 0.004885 s
currentSize : 16 <-- 0.005438 s
currentSize : 23 <-- 0.006070 s
currentSize : 24 <-- 0.006594 s
currentSize : 25 <-- 0.019886 s

maxsize : 25
nodes : 13440.000000
filtered : 88615.000000
time : 0.067258
