Parameters: GAD=1 vflib=1 dir=0 label=1 lowerbound=1 fileNameGp=../../cp2016-max-common-connected-subgraph-paper/datasets/graphsdb/mcs70/rand/r02/mcs70_r02_s90.A00 fileNameGt=../../cp2016-max-common-connected-subgraph-paper/datasets/graphsdb/mcs70/rand/r02/mcs70_r02_s90.B00
Reading graphs...
90 :  1435
90 :  1448
Initializing...
maxdom : 8
D->valSize : 556
Solving...
currentSize : 7 <-- 0.006690 s
currentSize : 10 <-- 0.007181 s
currentSize : 11 <-- 0.007478 s
currentSize : 23 <-- 0.009084 s
currentSize : 28 <-- 0.015972 s
currentSize : 29 <-- 0.016453 s
currentSize : 39 <-- 0.023761 s
currentSize : 40 <-- 0.028559 s
currentSize : 41 <-- 0.071935 s
currentSize : 42 <-- 0.080179 s
currentSize : 43 <-- 0.157777 s
currentSize : 44 <-- 0.489033 s
currentSize : 45 <-- 3.473381 s

maxsize : 45
nodes : 7577313.000000
filtered : 7361461.000000
time : 58.229416
