Parameters: GAD=1 vflib=1 dir=0 label=1 lowerbound=1 fileNameGp=../../cp2016-max-common-connected-subgraph-paper/datasets/graphsdb/mcs70/rand/r02/mcs70_r02_s80.A06 fileNameGt=../../cp2016-max-common-connected-subgraph-paper/datasets/graphsdb/mcs70/rand/r02/mcs70_r02_s80.B06
Reading graphs...
80 :  1147
80 :  1141
Initializing...
maxdom : 9
D->valSize : 461
Solving...
currentSize : 4 <-- 0.006270 s
currentSize : 5 <-- 0.006354 s
currentSize : 12 <-- 0.006426 s
currentSize : 17 <-- 0.008300 s
currentSize : 27 <-- 0.010020 s
currentSize : 41 <-- 0.030979 s
currentSize : 42 <-- 0.031673 s
currentSize : 43 <-- 0.033806 s

maxsize : 43
nodes : 100133.000000
filtered : 257917.000000
time : 0.723750
