Parameters: GAD=1 vflib=1 dir=0 label=1 lowerbound=1 fileNameGp=../../cp2016-max-common-connected-subgraph-paper/datasets/graphsdb/mcs70/rand/r02/mcs70_r02_s90.A04 fileNameGt=../../cp2016-max-common-connected-subgraph-paper/datasets/graphsdb/mcs70/rand/r02/mcs70_r02_s90.B04
Reading graphs...
90 :  1435
90 :  1434
Initializing...
maxdom : 10
D->valSize : 531
Solving...
currentSize : 25 <-- 0.008493 s
currentSize : 26 <-- 0.009672 s
currentSize : 40 <-- 0.012667 s
currentSize : 41 <-- 0.013526 s
currentSize : 42 <-- 0.033873 s
currentSize : 43 <-- 3.347701 s
currentSize : 44 <-- 3.359250 s

maxsize : 44
nodes : 3465917.000000
filtered : 3906342.000000
time : 25.132292
