Parameters: GAD=1 vflib=1 dir=0 label=1 lowerbound=1 fileNameGp=../../cp2016-max-common-connected-subgraph-paper/datasets/graphsdb/mcs70/rand/r02/mcs70_r02_s80.A00 fileNameGt=../../cp2016-max-common-connected-subgraph-paper/datasets/graphsdb/mcs70/rand/r02/mcs70_r02_s80.B00
Reading graphs...
80 :  1122
80 :  1135
Initializing...
maxdom : 10
D->valSize : 489
Solving...
currentSize : 4 <-- 0.004640 s
currentSize : 13 <-- 0.004769 s
currentSize : 22 <-- 0.005004 s
currentSize : 23 <-- 0.005217 s
currentSize : 37 <-- 0.005914 s
currentSize : 38 <-- 0.025809 s

maxsize : 38
nodes : 15757749.000000
filtered : 12861711.000000
time : 112.168739
