Parameters: GAD=1 vflib=1 dir=0 label=1 lowerbound=1 fileNameGp=../../cp2016-max-common-connected-subgraph-paper/datasets/graphsdb/mcs90/rand/r02/mcs90_r02_s100.A03 fileNameGt=../../cp2016-max-common-connected-subgraph-paper/datasets/graphsdb/mcs90/rand/r02/mcs90_r02_s100.B03
Reading graphs...
100 :  1770
100 :  1770
Initializing...
maxdom : 7
D->valSize : 392
Solving...
currentSize : 1 <-- 0.003734 s
currentSize : 56 <-- 0.004062 s
currentSize : 57 <-- 0.004310 s
currentSize : 58 <-- 0.005713 s
currentSize : 59 <-- 0.011562 s
currentSize : 60 <-- 0.017663 s
currentSize : 61 <-- 0.024843 s
currentSize : 62 <-- 8.261659 s
currentSize : 63 <-- 92.637039 s

TIMEOUT
maxsize : 63
nodes : 102283749.000000
filtered : 82189921.000000
time : 1000.000183
