Parameters: GAD=1 vflib=1 dir=0 label=1 lowerbound=1 fileNameGp=../../cp2016-max-common-connected-subgraph-paper/datasets/graphsdb/mcs90/rand/r02/mcs90_r02_s90.A07 fileNameGt=../../cp2016-max-common-connected-subgraph-paper/datasets/graphsdb/mcs90/rand/r02/mcs90_r02_s90.B07
Reading graphs...
90 :  1447
90 :  1432
Initializing...
maxdom : 9
D->valSize : 576
Solving...
currentSize : 29 <-- 0.006211 s
currentSize : 30 <-- 0.010015 s
currentSize : 47 <-- 0.013672 s
currentSize : 49 <-- 0.016040 s
currentSize : 50 <-- 0.030655 s
currentSize : 51 <-- 0.124175 s
currentSize : 52 <-- 0.332431 s
currentSize : 53 <-- 152.691483 s
currentSize : 54 <-- 152.950165 s

TIMEOUT
maxsize : 54
nodes : 122270022.000000
filtered : 115958346.000000
time : 1000.000183
