Parameters: GAD=1 vflib=1 dir=0 label=1 lowerbound=1 fileNameGp=../../cp2016-max-common-connected-subgraph-paper/datasets/graphsdb/mcs90/rand/r02/mcs90_r02_s80.A08 fileNameGt=../../cp2016-max-common-connected-subgraph-paper/datasets/graphsdb/mcs90/rand/r02/mcs90_r02_s80.B08
Reading graphs...
80 :  1147
80 :  1144
Initializing...
maxdom : 9
D->valSize : 459
Solving...
currentSize : 5 <-- 0.004348 s
currentSize : 45 <-- 0.004725 s
currentSize : 46 <-- 0.005154 s
currentSize : 47 <-- 0.025542 s
currentSize : 48 <-- 12.118523 s
currentSize : 49 <-- 12.119062 s
currentSize : 50 <-- 12.141713 s

maxsize : 50
nodes : 35427937.000000
filtered : 34204298.000000
time : 244.596359
