Parameters: GAD=1 vflib=1 dir=0 label=1 lowerbound=1 fileNameGp=../../cp2016-max-common-connected-subgraph-paper/datasets/graphsdb/mcs90/rand/r02/mcs90_r02_s80.A00 fileNameGt=../../cp2016-max-common-connected-subgraph-paper/datasets/graphsdb/mcs90/rand/r02/mcs90_r02_s80.B00
Reading graphs...
80 :  1134
80 :  1132
Initializing...
maxdom : 9
D->valSize : 466
Solving...
currentSize : 42 <-- 0.004318 s
currentSize : 43 <-- 0.004756 s
currentSize : 44 <-- 0.007346 s
currentSize : 45 <-- 0.013181 s
currentSize : 46 <-- 0.033529 s
currentSize : 47 <-- 0.113018 s
currentSize : 48 <-- 0.440461 s
currentSize : 49 <-- 0.448538 s
currentSize : 50 <-- 0.474285 s
currentSize : 51 <-- 0.553975 s

maxsize : 51
nodes : 28530443.000000
filtered : 28627620.000000
time : 189.791916
