Parameters: GAD=1 vflib=1 dir=0 label=1 lowerbound=1 fileNameGp=../../cp2016-max-common-connected-subgraph-paper/datasets/graphsdb/mcs90/rand/r02/mcs90_r02_s90.A04 fileNameGt=../../cp2016-max-common-connected-subgraph-paper/datasets/graphsdb/mcs90/rand/r02/mcs90_r02_s90.B04
Reading graphs...
90 :  1442
90 :  1444
Initializing...
maxdom : 12
D->valSize : 585
Solving...
currentSize : 4 <-- 0.006222 s
currentSize : 13 <-- 0.006371 s
currentSize : 28 <-- 0.006841 s
currentSize : 29 <-- 0.007532 s
currentSize : 30 <-- 0.008339 s
currentSize : 50 <-- 0.011811 s
currentSize : 51 <-- 0.018265 s
currentSize : 52 <-- 0.225787 s
currentSize : 53 <-- 0.526580 s
currentSize : 54 <-- 0.536428 s
currentSize : 55 <-- 0.808852 s

TIMEOUT
maxsize : 55
nodes : 135537458.000000
filtered : 147870075.000000
time : 1000.000183
