Parameters: GAD=1 vflib=1 dir=0 label=1 lowerbound=1 fileNameGp=../../cp2016-max-common-connected-subgraph-paper/datasets/graphsdb/mcs90/rand/r02/mcs90_r02_s80.A09 fileNameGt=../../cp2016-max-common-connected-subgraph-paper/datasets/graphsdb/mcs90/rand/r02/mcs90_r02_s80.B09
Reading graphs...
80 :  1124
80 :  1127
Initializing...
maxdom : 8
D->valSize : 445
Solving...
currentSize : 4 <-- 0.006172 s
currentSize : 5 <-- 0.006244 s
currentSize : 18 <-- 0.006824 s
currentSize : 29 <-- 0.011585 s
currentSize : 30 <-- 0.013242 s
currentSize : 47 <-- 0.038834 s
currentSize : 48 <-- 0.064357 s
currentSize : 49 <-- 0.642099 s
currentSize : 50 <-- 0.660066 s

maxsize : 50
nodes : 3161590.000000
filtered : 3591289.000000
time : 21.300177
