Parameters: GAD=1 vflib=1 dir=0 label=1 lowerbound=1 fileNameGp=../../cp2016-max-common-connected-subgraph-paper/datasets/graphsdb/mcs90/rand/r02/mcs90_r02_s70.A09 fileNameGt=../../cp2016-max-common-connected-subgraph-paper/datasets/graphsdb/mcs90/rand/r02/mcs90_r02_s70.B09
Reading graphs...
70 :  872
70 :  876
Initializing...
maxdom : 8
D->valSize : 333
Solving...
currentSize : 3 <-- 0.002572 s
currentSize : 6 <-- 0.002621 s
currentSize : 12 <-- 0.002700 s
currentSize : 40 <-- 0.003059 s
currentSize : 42 <-- 0.003186 s
currentSize : 43 <-- 0.006931 s
currentSize : 44 <-- 0.011408 s
currentSize : 45 <-- 0.023724 s
currentSize : 46 <-- 0.586667 s
currentSize : 47 <-- 0.613163 s

maxsize : 47
nodes : 569263.000000
filtered : 748347.000000
time : 3.750799
