Parameters: GAD=1 vflib=1 dir=0 label=1 lowerbound=1 fileNameGp=../../cp2016-max-common-connected-subgraph-paper/datasets/graphsdb/mcs90/rand/r02/mcs90_r02_s100.A07 fileNameGt=../../cp2016-max-common-connected-subgraph-paper/datasets/graphsdb/mcs90/rand/r02/mcs90_r02_s100.B07
Reading graphs...
100 :  1763
100 :  1768
Initializing...
maxdom : 8
D->valSize : 385
Solving...
currentSize : 45 <-- 0.003875 s
currentSize : 48 <-- 0.014924 s
currentSize : 49 <-- 0.076452 s
currentSize : 50 <-- 1.062891 s
currentSize : 51 <-- 4.195403 s
currentSize : 52 <-- 278.892822 s
currentSize : 53 <-- 327.004425 s

TIMEOUT
maxsize : 53
nodes : 118286791.000000
filtered : 121253070.000000
time : 1000.000122
