Parameters: GAD=1 vflib=1 dir=0 label=1 lowerbound=1 fileNameGp=../../cp2016-max-common-connected-subgraph-paper/datasets/graphsdb/mcs90/rand/r02/mcs90_r02_s70.A02 fileNameGt=../../cp2016-max-common-connected-subgraph-paper/datasets/graphsdb/mcs90/rand/r02/mcs90_r02_s70.B02
Reading graphs...
70 :  868
70 :  865
Initializing...
maxdom : 8
D->valSize : 339
Solving...
currentSize : 2 <-- 0.004103 s
currentSize : 3 <-- 0.004148 s
currentSize : 4 <-- 0.004264 s
currentSize : 14 <-- 0.004375 s
currentSize : 17 <-- 0.004778 s
currentSize : 32 <-- 0.005273 s
currentSize : 43 <-- 0.007183 s
currentSize : 44 <-- 0.007936 s
currentSize : 45 <-- 0.032036 s

maxsize : 45
nodes : 795926.000000
filtered : 870722.000000
time : 5.106636
