Parameters: GAD=1 vflib=1 dir=0 label=1 lowerbound=1 fileNameGp=../../cp2016-max-common-connected-subgraph-paper/datasets/graphsdb/mcs90/rand/r02/mcs90_r02_s100.A08 fileNameGt=../../cp2016-max-common-connected-subgraph-paper/datasets/graphsdb/mcs90/rand/r02/mcs90_r02_s100.B08
Reading graphs...
100 :  1784
100 :  1776
Initializing...
maxdom : 7
D->valSize : 398
Solving...
currentSize : 48 <-- 0.004271 s
currentSize : 49 <-- 0.005426 s
currentSize : 51 <-- 0.009120 s
currentSize : 52 <-- 0.011511 s
currentSize : 53 <-- 0.052068 s
currentSize : 54 <-- 6.934131 s
currentSize : 55 <-- 24.682255 s
currentSize : 56 <-- 158.165070 s
currentSize : 57 <-- 569.315125 s

TIMEOUT
maxsize : 57
nodes : 111338546.000000
filtered : 96340357.000000
time : 1000.000183
