Parameters: GAD=1 vflib=1 dir=0 label=1 lowerbound=1 fileNameGp=../../cp2016-max-common-connected-subgraph-paper/datasets/graphsdb/mcs90/rand/r02/mcs90_r02_s80.A01 fileNameGt=../../cp2016-max-common-connected-subgraph-paper/datasets/graphsdb/mcs90/rand/r02/mcs90_r02_s80.B01
Reading graphs...
80 :  1131
80 :  1122
Initializing...
maxdom : 9
D->valSize : 459
Solving...
currentSize : 21 <-- 0.004429 s
currentSize : 22 <-- 0.005664 s
currentSize : 42 <-- 0.028479 s
currentSize : 43 <-- 0.028773 s
currentSize : 44 <-- 0.029755 s
currentSize : 45 <-- 0.047080 s
currentSize : 46 <-- 0.047803 s
currentSize : 47 <-- 0.546775 s
currentSize : 48 <-- 0.547620 s

maxsize : 48
nodes : 85076821.000000
filtered : 78088613.000000
time : 583.483826
