Parameters: GAD=1 vflib=1 dir=0 label=1 lowerbound=1 fileNameGp=../../cp2016-max-common-connected-subgraph-paper/datasets/graphsdb/mcs90/rand/r02/mcs90_r02_s100.A05 fileNameGt=../../cp2016-max-common-connected-subgraph-paper/datasets/graphsdb/mcs90/rand/r02/mcs90_r02_s100.B05
Reading graphs...
100 :  1772
100 :  1764
Initializing...
maxdom : 7
D->valSize : 423
Solving...
currentSize : 50 <-- 0.004475 s
currentSize : 51 <-- 0.031311 s
currentSize : 52 <-- 0.492826 s
currentSize : 53 <-- 0.522616 s
currentSize : 54 <-- 2.050895 s
currentSize : 55 <-- 55.979763 s
currentSize : 56 <-- 695.388977 s

TIMEOUT
maxsize : 56
nodes : 99510533.000000
filtered : 74087323.000000
time : 1000.000183
