Parameters: GAD=1 vflib=1 dir=0 label=1 lowerbound=1 fileNameGp=../../cp2016-max-common-connected-subgraph-paper/datasets/graphsdb/mcs90/rand/r02/mcs90_r02_s90.A08 fileNameGt=../../cp2016-max-common-connected-subgraph-paper/datasets/graphsdb/mcs90/rand/r02/mcs90_r02_s90.B08
Reading graphs...
90 :  1449
90 :  1448
Initializing...
maxdom : 9
D->valSize : 575
Solving...
currentSize : 46 <-- 0.009764 s
currentSize : 48 <-- 0.011513 s
currentSize : 49 <-- 0.014037 s
currentSize : 50 <-- 0.039674 s
currentSize : 51 <-- 2.604357 s
currentSize : 52 <-- 50.787766 s
currentSize : 53 <-- 50.791546 s
currentSize : 54 <-- 50.887257 s
currentSize : 55 <-- 50.919201 s
currentSize : 56 <-- 272.075562 s
currentSize : 57 <-- 272.151215 s
currentSize : 58 <-- 272.184326 s

maxsize : 58
nodes : 64586894.000000
filtered : 60856216.000000
time : 485.221161
