Parameters: GAD=1 vflib=1 dir=0 label=1 lowerbound=1 fileNameGp=../../cp2016-max-common-connected-subgraph-paper/datasets/graphsdb/mcs90/rand/r02/mcs90_r02_s90.A00 fileNameGt=../../cp2016-max-common-connected-subgraph-paper/datasets/graphsdb/mcs90/rand/r02/mcs90_r02_s90.B00
Reading graphs...
90 :  1427
90 :  1435
Initializing...
maxdom : 11
D->valSize : 590
Solving...
currentSize : 4 <-- 0.009678 s
currentSize : 17 <-- 0.009823 s
currentSize : 29 <-- 0.010994 s
currentSize : 49 <-- 0.014038 s
currentSize : 50 <-- 0.014705 s
currentSize : 51 <-- 0.015542 s
currentSize : 52 <-- 0.016193 s
currentSize : 53 <-- 31.609200 s
currentSize : 54 <-- 443.730316 s
currentSize : 55 <-- 940.656250 s

TIMEOUT
maxsize : 55
nodes : 133864526.000000
filtered : 152306299.000000
time : 1000.000183
