Parameters: GAD=1 vflib=1 dir=0 label=0 vlabel=1 lowerbound=1 fileNameGp=../../cp2016-max-common-connected-subgraph-paper/datasets/graphsdb/mcs10/bvg/b06m/mcs10_b06m_s70.A03 fileNameGt=../../cp2016-max-common-connected-subgraph-paper/datasets/graphsdb/mcs10/bvg/b06m/mcs10_b06m_s70.B03
Reading graphs...
70 :  204
70 :  202
Initializing...
maxdom : 7
D->valSize : 320
Solving...
Blb : 2 (clique : 22)
currentSize : 22 <-- 0.002575 s
currentSize : 23 <-- 0.006920 s
currentSize : 24 <-- 0.007117 s
currentSize : 25 <-- 0.782077 s
currentSize : 26 <-- 56.715446 s
currentSize : 27 <-- 343.201508 s

TIMEOUT
maxsize : 27
nodes : 187270802.000000
filtered : 1632581283.000000
time : 1000.000000
