Parameters: GAD=1 vflib=1 dir=0 label=0 vlabel=1 lowerbound=1 fileNameGp=../../cp2016-max-common-connected-subgraph-paper/datasets/graphsdb/mcs10/m3D/m3Dr2/mcs10_m3Dr2_s70.A04 fileNameGt=../../cp2016-max-common-connected-subgraph-paper/datasets/graphsdb/mcs10/m3D/m3Dr2/mcs10_m3Dr2_s70.B04
Reading graphs...
70 :  171
70 :  170
Initializing...
maxdom : 7
D->valSize : 322
Solving...
Blb : 2 (clique : 22)
currentSize : 22 <-- 0.002744 s
currentSize : 23 <-- 0.003078 s
currentSize : 24 <-- 0.082199 s
currentSize : 25 <-- 0.216636 s
currentSize : 26 <-- 0.441565 s
currentSize : 27 <-- 3.425596 s
currentSize : 28 <-- 251.565826 s
currentSize : 29 <-- 740.695312 s

TIMEOUT
maxsize : 29
nodes : 192360729.000000
filtered : 1474293732.000000
time : 1000.000000
