Parameters: GAD=1 vflib=1 dir=0 label=0 vlabel=1 lowerbound=1 fileNameGp=../../cp2016-max-common-connected-subgraph-paper/datasets/graphsdb/mcs10/m2D/m2D/mcs10_m2D_s50.A07 fileNameGt=../../cp2016-max-common-connected-subgraph-paper/datasets/graphsdb/mcs10/m2D/m2D/mcs10_m2D_s50.B07
Reading graphs...
50 :  85
50 :  85
Initializing...
maxdom : 9
D->valSize : 303
Solving...
Blb : 2 (clique : 21)
currentSize : 21 <-- 0.003476 s
currentSize : 22 <-- 0.003737 s
currentSize : 23 <-- 0.006021 s
currentSize : 24 <-- 0.119933 s
currentSize : 25 <-- 1.080722 s
currentSize : 26 <-- 22.871494 s
currentSize : 27 <-- 180.350006 s

maxsize : 27
nodes : 36138000.000000
filtered : 453868631.000000
time : 194.256317
