Parameters: GAD=1 vflib=1 dir=0 label=0 vlabel=1 lowerbound=1 fileNameGp=../../cp2016-max-common-connected-subgraph-paper/datasets/graphsdb/mcs10/bvg/b03m/mcs10_b03m_s50.A07 fileNameGt=../../cp2016-max-common-connected-subgraph-paper/datasets/graphsdb/mcs10/bvg/b03m/mcs10_b03m_s50.B07
Reading graphs...
50 :  73
50 :  74
Initializing...
maxdom : 8
D->valSize : 306
Solving...
Blb : 2 (clique : 22)
currentSize : 22 <-- 0.002223 s
currentSize : 23 <-- 0.002424 s
currentSize : 24 <-- 0.025297 s
currentSize : 25 <-- 0.025398 s
currentSize : 26 <-- 0.162907 s
currentSize : 27 <-- 14.122304 s
currentSize : 28 <-- 14.776791 s

maxsize : 28
nodes : 40519544.000000
filtered : 424844192.000000
time : 194.718506
