Parameters: GAD=1 vflib=1 dir=0 label=0 vlabel=1 lowerbound=1 fileNameGp=../../cp2016-max-common-connected-subgraph-paper/datasets/graphsdb/mcs10/m3D/m3Dr4/mcs10_m3Dr4_s60.A06 fileNameGt=../../cp2016-max-common-connected-subgraph-paper/datasets/graphsdb/mcs10/m3D/m3Dr4/mcs10_m3Dr4_s60.B06
Reading graphs...
60 :  151
60 :  150
Initializing...
maxdom : 6
D->valSize : 230
Solving...
Blb : 5 (clique : 21)
currentSize : 21 <-- 0.001635 s
currentSize : 22 <-- 0.001894 s
currentSize : 23 <-- 0.010123 s
currentSize : 24 <-- 0.035585 s
currentSize : 25 <-- 0.815218 s
currentSize : 26 <-- 59.569279 s

maxsize : 26
nodes : 24562449.000000
filtered : 186798807.000000
time : 119.684464
