Parameters: GAD=1 vflib=1 dir=0 label=0 vlabel=1 lowerbound=1 fileNameGp=../../cp2016-max-common-connected-subgraph-paper/datasets/graphsdb/mcs10/rand/r005/mcs10_r005_s50.A01 fileNameGt=../../cp2016-max-common-connected-subgraph-paper/datasets/graphsdb/mcs10/rand/r005/mcs10_r005_s50.B01
Reading graphs...
50 :  122
50 :  123
Initializing...
maxdom : 9
D->valSize : 298
Solving...
Blb : 2 (clique : 18)
currentSize : 18 <-- 0.003326 s
currentSize : 19 <-- 0.003535 s
currentSize : 20 <-- 0.004081 s
currentSize : 21 <-- 0.010209 s
currentSize : 22 <-- 25.880083 s
currentSize : 23 <-- 79.686836 s

maxsize : 23
nodes : 30474995.000000
filtered : 322258573.000000
time : 150.043594
