Parameters: GAD=1 vflib=1 dir=0 label=0 vlabel=1 lowerbound=1 fileNameGp=../../cp2016-max-common-connected-subgraph-paper/datasets/graphsdb/mcs10/bvg/b03m/mcs10_b03m_s50.A06 fileNameGt=../../cp2016-max-common-connected-subgraph-paper/datasets/graphsdb/mcs10/bvg/b03m/mcs10_b03m_s50.B06
Reading graphs...
50 :  73
50 :  73
Initializing...
maxdom : 9
D->valSize : 294
Solving...
Blb : 3 (clique : 20)
currentSize : 20 <-- 0.003485 s
currentSize : 21 <-- 0.003680 s
currentSize : 22 <-- 0.006104 s
currentSize : 23 <-- 0.074975 s
currentSize : 24 <-- 0.284604 s
currentSize : 25 <-- 0.438217 s
currentSize : 26 <-- 2.128046 s

maxsize : 26
nodes : 43449290.000000
filtered : 470063872.000000
time : 200.246353
