Parameters: GAD=1 vflib=1 dir=0 label=0 vlabel=1 lowerbound=1 fileNameGp=../../cp2016-max-common-connected-subgraph-paper/datasets/graphsdb/mcs10/bvg/b06/mcs10_b06_s80.A08 fileNameGt=../../cp2016-max-common-connected-subgraph-paper/datasets/graphsdb/mcs10/bvg/b06/mcs10_b06_s80.B08
Reading graphs...
80 :  239
80 :  238
Initializing...
maxdom : 10
D->valSize : 403
Solving...
Blb : 2 (clique : 23)
currentSize : 23 <-- 0.003777 s
currentSize : 24 <-- 0.003997 s
currentSize : 25 <-- 0.036551 s
currentSize : 26 <-- 0.333650 s
currentSize : 27 <-- 1.968911 s
currentSize : 28 <-- 10.737184 s
currentSize : 29 <-- 680.965820 s

TIMEOUT
maxsize : 29
nodes : 181808634.000000
filtered : 1482845532.000000
time : 1000.000000
