Parameters: GAD=1 vflib=1 dir=0 label=0 vlabel=1 lowerbound=1 fileNameGp=../../cp2016-max-common-connected-subgraph-paper/datasets/graphsdb/mcs10/rand/r005/mcs10_r005_s100.A05 fileNameGt=../../cp2016-max-common-connected-subgraph-paper/datasets/graphsdb/mcs10/rand/r005/mcs10_r005_s100.B05
Reading graphs...
100 :  490
100 :  481
Initializing...
maxdom : 7
D->valSize : 284
Solving...
Blb : 2 (clique : 19)
currentSize : 19 <-- 0.002846 s
currentSize : 20 <-- 0.003047 s
currentSize : 21 <-- 0.003286 s
currentSize : 22 <-- 0.004600 s
currentSize : 23 <-- 0.005520 s
currentSize : 24 <-- 13.650311 s
currentSize : 25 <-- 47.156208 s

TIMEOUT
maxsize : 25
nodes : 168478485.000000
filtered : 862052951.000000
time : 1000.000000
