Parameters: GAD=1 vflib=1 dir=0 label=0 vlabel=1 lowerbound=1 fileNameGp=../../cp2016-max-common-connected-subgraph-paper/datasets/graphsdb/mcs10/rand/r005/mcs10_r005_s70.A05 fileNameGt=../../cp2016-max-common-connected-subgraph-paper/datasets/graphsdb/mcs10/rand/r005/mcs10_r005_s70.B05
Reading graphs...
70 :  241
70 :  242
Initializing...
maxdom : 7
D->valSize : 312
Solving...
Blb : 2 (clique : 19)
currentSize : 19 <-- 0.004036 s
currentSize : 20 <-- 0.004992 s
currentSize : 21 <-- 0.009751 s
currentSize : 22 <-- 0.049600 s
currentSize : 23 <-- 0.281037 s
currentSize : 24 <-- 57.233601 s
currentSize : 25 <-- 144.363647 s

TIMEOUT
maxsize : 25
nodes : 193913452.000000
filtered : 1490351349.000000
time : 1000.000000
