Parameters: GAD=1 vflib=1 dir=0 label=0 vlabel=1 lowerbound=1 fileNameGp=../../cp2016-max-common-connected-subgraph-paper/datasets/graphsdb/mcs10/bvg/b06m/mcs10_b06m_s90.A00 fileNameGt=../../cp2016-max-common-connected-subgraph-paper/datasets/graphsdb/mcs10/bvg/b06m/mcs10_b06m_s90.B00
Reading graphs...
90 :  266
90 :  268
Initializing...
maxdom : 10
D->valSize : 511
Solving...
Blb : 5 (clique : 28)
currentSize : 28 <-- 0.005878 s
currentSize : 29 <-- 0.016191 s
currentSize : 30 <-- 0.531065 s
currentSize : 31 <-- 0.829578 s
currentSize : 32 <-- 4.414700 s
currentSize : 33 <-- 33.327312 s
currentSize : 34 <-- 60.728104 s
currentSize : 35 <-- 921.293640 s

TIMEOUT
maxsize : 35
nodes : 166703868.000000
filtered : 1450265826.000000
time : 1000.000061
