Parameters: GAD=1 vflib=1 dir=0 label=0 vlabel=1 lowerbound=1 fileNameGp=../../cp2016-max-common-connected-subgraph-paper/datasets/graphsdb/mcs10/m2D/m2Dr4/mcs10_m2Dr4_s70.A02 fileNameGt=../../cp2016-max-common-connected-subgraph-paper/datasets/graphsdb/mcs10/m2D/m2Dr4/mcs10_m2Dr4_s70.B02
Reading graphs...
70 :  151
70 :  150
Initializing...
maxdom : 8
D->valSize : 301
Solving...
Blb : 2 (clique : 22)
currentSize : 22 <-- 0.002452 s
currentSize : 23 <-- 0.002609 s
currentSize : 24 <-- 0.002723 s
currentSize : 25 <-- 0.003092 s
currentSize : 26 <-- 0.005581 s
currentSize : 27 <-- 0.041054 s
currentSize : 28 <-- 10.115606 s

TIMEOUT
maxsize : 28
nodes : 207400604.000000
filtered : 1478478812.000000
time : 1000.000000
