Parameters: GAD=1 vflib=1 dir=0 label=0 vlabel=1 lowerbound=1 fileNameGp=../../cp2016-max-common-connected-subgraph-paper/datasets/graphsdb/mcs10/m2D/m2Dr4/mcs10_m2Dr4_s60.A09 fileNameGt=../../cp2016-max-common-connected-subgraph-paper/datasets/graphsdb/mcs10/m2D/m2Dr4/mcs10_m2Dr4_s60.B09
Reading graphs...
60 :  125
60 :  127
Initializing...
maxdom : 7
D->valSize : 239
Solving...
Blb : 2 (clique : 20)
currentSize : 20 <-- 0.002806 s
currentSize : 21 <-- 0.003106 s
currentSize : 22 <-- 1.217189 s
currentSize : 23 <-- 1.675464 s
currentSize : 24 <-- 2.740239 s
currentSize : 25 <-- 17.342493 s

maxsize : 25
nodes : 86218988.000000
filtered : 566149952.000000
time : 389.766968
