Parameters: GAD=1 vflib=1 dir=0 label=0 vlabel=1 lowerbound=1 fileNameGp=../../cp2016-max-common-connected-subgraph-paper/datasets/graphsdb/mcs10/m3D/m3Dr6/mcs10_m3Dr6_s100.A02 fileNameGt=../../cp2016-max-common-connected-subgraph-paper/datasets/graphsdb/mcs10/m3D/m3Dr6/mcs10_m3Dr6_s100.B02
Reading graphs...
100 :  294
100 :  288
Initializing...
maxdom : 7
D->valSize : 333
Solving...
Blb : 2 (clique : 26)
currentSize : 26 <-- 0.005284 s
currentSize : 27 <-- 0.007157 s
currentSize : 28 <-- 0.007613 s
currentSize : 29 <-- 0.144831 s
currentSize : 30 <-- 0.342181 s
currentSize : 31 <-- 20.380489 s
currentSize : 32 <-- 76.616646 s
currentSize : 33 <-- 170.411789 s

TIMEOUT
maxsize : 33
nodes : 177214091.000000
filtered : 1009107382.000000
time : 1000.000061
