Parameters: GAD=1 vflib=1 dir=0 label=0 vlabel=1 lowerbound=1 fileNameGp=../../cp2016-max-common-connected-subgraph-paper/datasets/graphsdb/mcs10/m3D/m3D/mcs10_m3D_s80.A01 fileNameGt=../../cp2016-max-common-connected-subgraph-paper/datasets/graphsdb/mcs10/m3D/m3D/mcs10_m3D_s80.B01
Reading graphs...
80 :  184
80 :  181
Initializing...
maxdom : 9
D->valSize : 393
Solving...
Blb : 5 (clique : 28)
currentSize : 28 <-- 0.003794 s
currentSize : 29 <-- 0.328980 s
currentSize : 30 <-- 10.101121 s
currentSize : 31 <-- 21.281059 s
currentSize : 32 <-- 69.042152 s
currentSize : 33 <-- 369.802246 s

TIMEOUT
maxsize : 33
nodes : 199480840.000000
filtered : 1091622367.000000
time : 1000.000061
