Parameters: GAD=1 vflib=1 dir=0 label=0 vlabel=1 lowerbound=1 fileNameGp=../../cp2016-max-common-connected-subgraph-paper/datasets/graphsdb/mcs10/bvg/b03m/mcs10_b03m_s100.A04 fileNameGt=../../cp2016-max-common-connected-subgraph-paper/datasets/graphsdb/mcs10/bvg/b03m/mcs10_b03m_s100.B04
Reading graphs...
100 :  149
100 :  149
Initializing...
maxdom : 10
D->valSize : 362
Solving...
Blb : 2 (clique : 39)
currentSize : 39 <-- 0.003861 s
currentSize : 40 <-- 0.004200 s
currentSize : 41 <-- 0.005306 s
currentSize : 42 <-- 0.007265 s
currentSize : 43 <-- 1.191108 s
currentSize : 44 <-- 2.340696 s
currentSize : 45 <-- 28.342766 s
currentSize : 46 <-- 85.129471 s

TIMEOUT
maxsize : 46
nodes : 163368011.000000
filtered : 904094812.000000
time : 1000.000122
