Parameters: GAD=1 vflib=1 dir=0 label=0 vlabel=1 lowerbound=1 fileNameGp=../../cp2016-max-common-connected-subgraph-paper/datasets/graphsdb/mcs10/rand/r005/mcs10_r005_s60.A01 fileNameGt=../../cp2016-max-common-connected-subgraph-paper/datasets/graphsdb/mcs10/rand/r005/mcs10_r005_s60.B01
Reading graphs...
60 :  176
60 :  179
Initializing...
maxdom : 7
D->valSize : 206
Solving...
Blb : 2 (clique : 16)
currentSize : 16 <-- 0.001557 s
currentSize : 17 <-- 0.001767 s
currentSize : 18 <-- 0.021449 s
currentSize : 19 <-- 0.122856 s
currentSize : 20 <-- 0.159768 s
currentSize : 21 <-- 1.294555 s
currentSize : 22 <-- 18.004868 s

maxsize : 22
nodes : 14399668.000000
filtered : 92141212.000000
time : 65.047661
