Parameters: GAD=1 vflib=1 dir=0 label=0 vlabel=1 lowerbound=1 fileNameGp=../../cp2016-max-common-connected-subgraph-paper/datasets/graphsdb/mcs10/rand/r005/mcs10_r005_s70.A01 fileNameGt=../../cp2016-max-common-connected-subgraph-paper/datasets/graphsdb/mcs10/rand/r005/mcs10_r005_s70.B01
Reading graphs...
70 :  239
70 :  235
Initializing...
maxdom : 9
D->valSize : 295
Solving...
Blb : 2 (clique : 17)
currentSize : 17 <-- 0.002387 s
currentSize : 18 <-- 0.002705 s
currentSize : 19 <-- 0.004164 s
currentSize : 20 <-- 0.004294 s
currentSize : 21 <-- 0.018194 s
currentSize : 22 <-- 0.507136 s
currentSize : 23 <-- 3.885321 s
currentSize : 24 <-- 417.266388 s

TIMEOUT
maxsize : 24
nodes : 189854674.000000
filtered : 1598949117.000000
time : 1000.000000
