Parameters: GAD=1 vflib=1 dir=0 label=0 vlabel=1 lowerbound=1 fileNameGp=../../cp2016-max-common-connected-subgraph-paper/datasets/graphsdb/mcs10/bvg/b06/mcs10_b06_s100.A05 fileNameGt=../../cp2016-max-common-connected-subgraph-paper/datasets/graphsdb/mcs10/bvg/b06/mcs10_b06_s100.B05
Reading graphs...
100 :  299
100 :  297
Initializing...
maxdom : 8
D->valSize : 323
Solving...
Blb : 2 (clique : 27)
currentSize : 27 <-- 0.003167 s
currentSize : 28 <-- 0.003481 s
currentSize : 29 <-- 0.379384 s
currentSize : 30 <-- 5.789789 s
currentSize : 31 <-- 15.745868 s
currentSize : 32 <-- 16.789448 s
currentSize : 33 <-- 469.247070 s
currentSize : 34 <-- 905.864319 s

TIMEOUT
maxsize : 34
nodes : 174124459.000000
filtered : 950594158.000000
time : 1000.000061
