Parameters: GAD=1 vflib=1 dir=0 label=0 vlabel=1 lowerbound=1 fileNameGp=../../cp2016-max-common-connected-subgraph-paper/datasets/graphsdb/mcs10/rand/r005/mcs10_r005_s100.A09 fileNameGt=../../cp2016-max-common-connected-subgraph-paper/datasets/graphsdb/mcs10/rand/r005/mcs10_r005_s100.B09
Reading graphs...
100 :  487
100 :  483
Initializing...
maxdom : 8
D->valSize : 374
Solving...
Blb : 2 (clique : 22)
currentSize : 22 <-- 0.006185 s
currentSize : 23 <-- 0.006524 s
currentSize : 24 <-- 0.306858 s
currentSize : 25 <-- 2.252488 s
currentSize : 26 <-- 11.714981 s
currentSize : 27 <-- 343.417816 s

TIMEOUT
maxsize : 27
nodes : 162617134.000000
filtered : 1088751297.000000
time : 1000.000000
