Parameters: GAD=1 vflib=1 dir=0 label=0 vlabel=1 lowerbound=1 fileNameGp=../../cp2016-max-common-connected-subgraph-paper/datasets/graphsdb/mcs10/bvg/b03m/mcs10_b03m_s70.A04 fileNameGt=../../cp2016-max-common-connected-subgraph-paper/datasets/graphsdb/mcs10/bvg/b03m/mcs10_b03m_s70.B04
Reading graphs...
70 :  104
70 :  105
Initializing...
maxdom : 8
D->valSize : 334
Solving...
Blb : 2 (clique : 28)
currentSize : 28 <-- 0.003143 s
currentSize : 29 <-- 0.003327 s
currentSize : 30 <-- 0.451867 s
currentSize : 31 <-- 1.699043 s
currentSize : 32 <-- 5.219314 s
currentSize : 33 <-- 10.683555 s

TIMEOUT
maxsize : 33
nodes : 210482849.000000
filtered : 1493683595.000000
time : 1000.000061
