Parameters: GAD=1 vflib=1 dir=0 label=0 vlabel=1 lowerbound=1 fileNameGp=../../cp2016-max-common-connected-subgraph-paper/datasets/graphsdb/mcs10/m2D/m2Dr6/mcs10_m2Dr6_s60.A01 fileNameGt=../../cp2016-max-common-connected-subgraph-paper/datasets/graphsdb/mcs10/m2D/m2Dr6/mcs10_m2Dr6_s60.B01
Reading graphs...
60 :  138
60 :  135
Initializing...
maxdom : 8
D->valSize : 256
Solving...
Blb : 2 (clique : 20)
currentSize : 20 <-- 0.002312 s
currentSize : 21 <-- 0.004827 s
currentSize : 22 <-- 0.006256 s
currentSize : 23 <-- 0.008417 s
currentSize : 24 <-- 0.118802 s
currentSize : 25 <-- 1.233266 s

maxsize : 25
nodes : 28245214.000000
filtered : 198196424.000000
time : 130.450958
