Parameters: GAD=1 vflib=1 dir=0 label=0 vlabel=1 lowerbound=1 fileNameGp=../../cp2016-max-common-connected-subgraph-paper/datasets/graphsdb/mcs10/m3D/m3Dr6/mcs10_m3Dr6_s90.A07 fileNameGt=../../cp2016-max-common-connected-subgraph-paper/datasets/graphsdb/mcs10/m3D/m3Dr6/mcs10_m3Dr6_s90.B07
Reading graphs...
90 :  259
90 :  254
Initializing...
maxdom : 13
D->valSize : 533
Solving...
Blb : 2 (clique : 26)
currentSize : 26 <-- 0.006099 s
currentSize : 27 <-- 0.013669 s
currentSize : 28 <-- 0.288230 s
currentSize : 29 <-- 0.357574 s
currentSize : 30 <-- 7.576106 s
currentSize : 31 <-- 29.420940 s
currentSize : 32 <-- 418.172089 s

TIMEOUT
maxsize : 32
nodes : 176052088.000000
filtered : 1227216585.000000
time : 1000.000061
