Parameters: GAD=1 vflib=1 dir=0 label=0 vlabel=1 lowerbound=1 fileNameGp=../../cp2016-max-common-connected-subgraph-paper/datasets/graphsdb/mcs10/m3D/m3Dr6/mcs10_m3Dr6_s70.A05 fileNameGt=../../cp2016-max-common-connected-subgraph-paper/datasets/graphsdb/mcs10/m3D/m3Dr6/mcs10_m3Dr6_s70.B05
Reading graphs...
70 :  197
70 :  198
Initializing...
maxdom : 7
D->valSize : 306
Solving...
Blb : 2 (clique : 20)
currentSize : 20 <-- 0.002490 s
currentSize : 21 <-- 0.002664 s
currentSize : 22 <-- 0.005343 s
currentSize : 23 <-- 0.007815 s
currentSize : 24 <-- 0.341711 s
currentSize : 25 <-- 2.350234 s
currentSize : 26 <-- 711.526733 s

TIMEOUT
maxsize : 26
nodes : 193382805.000000
filtered : 1536155972.000000
time : 1000.000000
