Parameters: GAD=1 vflib=1 dir=0 label=0 vlabel=1 lowerbound=1 fileNameGp=../../cp2016-max-common-connected-subgraph-paper/datasets/graphsdb/mcs10/bvg/b06/mcs10_b06_s70.A08 fileNameGt=../../cp2016-max-common-connected-subgraph-paper/datasets/graphsdb/mcs10/bvg/b06/mcs10_b06_s70.B08
Reading graphs...
70 :  208
70 :  206
Initializing...
maxdom : 8
D->valSize : 332
Solving...
Blb : 2 (clique : 20)
currentSize : 20 <-- 0.002675 s
currentSize : 21 <-- 0.002999 s
currentSize : 22 <-- 0.004157 s
currentSize : 23 <-- 0.004691 s
currentSize : 24 <-- 0.052904 s
currentSize : 25 <-- 0.102153 s
currentSize : 26 <-- 4.994443 s
currentSize : 27 <-- 242.549469 s

TIMEOUT
maxsize : 27
nodes : 187607359.000000
filtered : 1683096417.000000
time : 1000.000000
