Parameters: GAD=1 vflib=1 dir=0 label=0 vlabel=1 lowerbound=1 fileNameGp=../../cp2016-max-common-connected-subgraph-paper/datasets/graphsdb/mcs10/m2D/m2Dr2/mcs10_m2Dr2_s70.A01 fileNameGt=../../cp2016-max-common-connected-subgraph-paper/datasets/graphsdb/mcs10/m2D/m2Dr2/mcs10_m2Dr2_s70.B01
Reading graphs...
70 :  134
70 :  136
Initializing...
maxdom : 8
D->valSize : 308
Solving...
Blb : 2 (clique : 24)
currentSize : 24 <-- 0.002531 s
currentSize : 25 <-- 0.002690 s
currentSize : 26 <-- 0.002746 s
currentSize : 27 <-- 0.003591 s
currentSize : 28 <-- 3.650154 s
currentSize : 29 <-- 12.902512 s
currentSize : 30 <-- 37.283417 s
currentSize : 31 <-- 118.108841 s

TIMEOUT
maxsize : 31
nodes : 206542712.000000
filtered : 1273705178.000000
time : 1000.000000
