Parameters: GAD=1 vflib=1 dir=0 label=0 vlabel=1 lowerbound=1 fileNameGp=../../cp2016-max-common-connected-subgraph-paper/datasets/graphsdb/mcs10/bvg/b06/mcs10_b06_s100.A06 fileNameGt=../../cp2016-max-common-connected-subgraph-paper/datasets/graphsdb/mcs10/bvg/b06/mcs10_b06_s100.B06
Reading graphs...
100 :  295
100 :  295
Initializing...
maxdom : 9
D->valSize : 295
Solving...
Blb : 2 (clique : 28)
currentSize : 28 <-- 0.002786 s
currentSize : 29 <-- 0.010382 s
currentSize : 30 <-- 0.100350 s
currentSize : 31 <-- 0.233083 s
currentSize : 32 <-- 21.897163 s
currentSize : 33 <-- 858.418762 s
currentSize : 34 <-- 950.631104 s

TIMEOUT
maxsize : 34
nodes : 182060662.000000
filtered : 869797047.000000
time : 1000.000061
