Parameters: GAD=1 vflib=1 dir=0 label=0 vlabel=1 lowerbound=1 fileNameGp=../../cp2016-max-common-connected-subgraph-paper/datasets/graphsdb/mcs10/m3D/m3Dr2/mcs10_m3Dr2_s60.A02 fileNameGt=../../cp2016-max-common-connected-subgraph-paper/datasets/graphsdb/mcs10/m3D/m3Dr2/mcs10_m3Dr2_s60.B02
Reading graphs...
60 :  143
60 :  142
Initializing...
maxdom : 7
D->valSize : 235
Solving...
Blb : 2 (clique : 19)
currentSize : 19 <-- 0.001842 s
currentSize : 20 <-- 0.002272 s
currentSize : 21 <-- 0.002442 s
currentSize : 22 <-- 0.006287 s
currentSize : 23 <-- 0.006511 s
currentSize : 24 <-- 1.647724 s
currentSize : 25 <-- 2.564987 s
currentSize : 26 <-- 5.304060 s
currentSize : 27 <-- 77.219444 s

maxsize : 27
nodes : 23589945.000000
filtered : 188283389.000000
time : 116.149162
