Parameters: GAD=1 vflib=1 dir=0 label=0 vlabel=1 lowerbound=1 fileNameGp=../../cp2016-max-common-connected-subgraph-paper/datasets/graphsdb/mcs10/m3D/m3Dr4/mcs10_m3Dr4_s70.A09 fileNameGt=../../cp2016-max-common-connected-subgraph-paper/datasets/graphsdb/mcs10/m3D/m3Dr4/mcs10_m3Dr4_s70.B09
Reading graphs...
70 :  179
70 :  183
Initializing...
maxdom : 8
D->valSize : 318
Solving...
Blb : 2 (clique : 20)
currentSize : 20 <-- 0.002696 s
currentSize : 21 <-- 0.003110 s
currentSize : 22 <-- 0.005295 s
currentSize : 23 <-- 0.153564 s
currentSize : 24 <-- 0.158454 s
currentSize : 25 <-- 1.035330 s
currentSize : 26 <-- 1.185039 s
currentSize : 27 <-- 138.561020 s

TIMEOUT
maxsize : 27
nodes : 189086461.000000
filtered : 1465859151.000000
time : 1000.000061
