Parameters: GAD=1 vflib=1 dir=0 label=0 vlabel=1 lowerbound=1 fileNameGp=../../cp2016-max-common-connected-subgraph-paper/datasets/graphsdb/mcs10/m2D/m2D/mcs10_m2D_s90.A03 fileNameGt=../../cp2016-max-common-connected-subgraph-paper/datasets/graphsdb/mcs10/m2D/m2D/mcs10_m2D_s90.B03
Reading graphs...
90 :  160
90 :  160
Initializing...
maxdom : 8
D->valSize : 509
Solving...
Blb : 2 (clique : 33)
currentSize : 33 <-- 0.005765 s
currentSize : 34 <-- 0.006078 s
currentSize : 35 <-- 0.094819 s
currentSize : 36 <-- 0.288579 s
currentSize : 37 <-- 0.910811 s
currentSize : 38 <-- 5.812521 s
currentSize : 39 <-- 38.482536 s
currentSize : 40 <-- 154.778519 s

TIMEOUT
maxsize : 40
nodes : 173570867.000000
filtered : 1119880029.000000
time : 1000.000061
