Parameters: GAD=1 vflib=1 dir=0 label=0 vlabel=1 lowerbound=1 fileNameGp=../../cp2016-max-common-connected-subgraph-paper/datasets/graphsdb/mcs10/bvg/b06/mcs10_b06_s90.A08 fileNameGt=../../cp2016-max-common-connected-subgraph-paper/datasets/graphsdb/mcs10/bvg/b06/mcs10_b06_s90.B08
Reading graphs...
90 :  267
90 :  268
Initializing...
maxdom : 11
D->valSize : 521
Solving...
Blb : 2 (clique : 26)
currentSize : 26 <-- 0.009867 s
currentSize : 27 <-- 0.014814 s
currentSize : 28 <-- 0.071096 s
currentSize : 29 <-- 1.205880 s
currentSize : 30 <-- 7.276289 s
currentSize : 31 <-- 57.656696 s
currentSize : 32 <-- 781.329468 s

TIMEOUT
maxsize : 32
nodes : 165719728.000000
filtered : 1442744710.000000
time : 1000.000000
