Parameters: GAD=1 vflib=1 dir=0 label=0 vlabel=1 lowerbound=1 fileNameGp=../../cp2016-max-common-connected-subgraph-paper/datasets/graphsdb/mcs10/rand/r02/mcs10_r02_s90.A05 fileNameGt=../../cp2016-max-common-connected-subgraph-paper/datasets/graphsdb/mcs10/rand/r02/mcs10_r02_s90.B05
Reading graphs...
90 :  1425
90 :  1442
Initializing...
maxdom : 10
D->valSize : 503
Solving...
Blb : 2 (clique : 9)
currentSize : 9 <-- 0.008241 s
currentSize : 10 <-- 0.008488 s
currentSize : 11 <-- 0.010570 s
currentSize : 12 <-- 0.017076 s
currentSize : 13 <-- 0.152166 s
currentSize : 14 <-- 2.023361 s

maxsize : 14
nodes : 110972044.000000
filtered : 686997083.000000
time : 658.275879
