Parameters: GAD=1 vflib=1 dir=0 label=0 vlabel=1 lowerbound=1 fileNameGp=../../cp2016-max-common-connected-subgraph-paper/datasets/graphsdb/mcs10/bvg/b03/mcs10_b03_s80.A09 fileNameGt=../../cp2016-max-common-connected-subgraph-paper/datasets/graphsdb/mcs10/bvg/b03/mcs10_b03_s80.B09
Reading graphs...
80 :  119
80 :  120
Initializing...
maxdom : 8
D->valSize : 436
Solving...
Blb : 2 (clique : 32)
currentSize : 32 <-- 0.004842 s
currentSize : 33 <-- 0.005784 s
currentSize : 34 <-- 0.009515 s
currentSize : 35 <-- 0.554289 s
currentSize : 36 <-- 0.577909 s
currentSize : 37 <-- 1.528375 s
currentSize : 38 <-- 128.171692 s

TIMEOUT
maxsize : 38
nodes : 188250981.000000
filtered : 1408640907.000000
time : 1000.000061
