Parameters: GAD=1 vflib=1 dir=0 label=0 vlabel=1 lowerbound=1 fileNameGp=../../cp2016-max-common-connected-subgraph-paper/datasets/graphsdb/mcs10/m3D/m3Dr6/mcs10_m3Dr6_s70.A08 fileNameGt=../../cp2016-max-common-connected-subgraph-paper/datasets/graphsdb/mcs10/m3D/m3Dr6/mcs10_m3Dr6_s70.B08
Reading graphs...
70 :  195
70 :  196
Initializing...
maxdom : 9
D->valSize : 325
Solving...
Blb : 2 (clique : 22)
currentSize : 22 <-- 0.002694 s
currentSize : 23 <-- 0.004527 s
currentSize : 24 <-- 0.088125 s
currentSize : 25 <-- 0.420397 s
currentSize : 26 <-- 4.966547 s
currentSize : 27 <-- 5.239272 s
currentSize : 28 <-- 5.241670 s

TIMEOUT
maxsize : 28
nodes : 197406250.000000
filtered : 1520185719.000000
time : 1000.000061
