Parameters: GAD=1 vflib=1 dir=0 label=0 vlabel=1 lowerbound=1 fileNameGp=../../cp2016-max-common-connected-subgraph-paper/datasets/graphsdb/mcs10/rand/r005/mcs10_r005_s80.A07 fileNameGt=../../cp2016-max-common-connected-subgraph-paper/datasets/graphsdb/mcs10/rand/r005/mcs10_r005_s80.B07
Reading graphs...
80 :  316
80 :  315
Initializing...
maxdom : 10
D->valSize : 397
Solving...
Blb : 2 (clique : 21)
currentSize : 21 <-- 0.003772 s
currentSize : 22 <-- 0.004089 s
currentSize : 23 <-- 0.004388 s
currentSize : 24 <-- 0.054730 s
currentSize : 25 <-- 0.076589 s
currentSize : 26 <-- 3.080703 s
currentSize : 27 <-- 7.529914 s

TIMEOUT
maxsize : 27
nodes : 178705310.000000
filtered : 1378416746.000000
time : 1000.000000
