Parameters: GAD=1 vflib=1 dir=0 label=0 vlabel=1 lowerbound=1 fileNameGp=../../cp2016-max-common-connected-subgraph-paper/datasets/graphsdb/mcs10/bvg/b09/mcs10_b09_s100.A05 fileNameGt=../../cp2016-max-common-connected-subgraph-paper/datasets/graphsdb/mcs10/bvg/b09/mcs10_b09_s100.B05
Reading graphs...
100 :  441
100 :  439
Initializing...
maxdom : 9
D->valSize : 330
Solving...
Blb : 2 (clique : 21)
currentSize : 21 <-- 0.003215 s
currentSize : 22 <-- 0.007713 s
currentSize : 23 <-- 0.023052 s
currentSize : 24 <-- 0.029051 s
currentSize : 25 <-- 0.305315 s
currentSize : 26 <-- 7.497238 s
currentSize : 27 <-- 28.011940 s
currentSize : 28 <-- 62.003204 s

TIMEOUT
maxsize : 28
nodes : 170565012.000000
filtered : 889701094.000000
time : 1000.000000
