Parameters: GAD=1 vflib=1 dir=0 label=0 vlabel=1 lowerbound=1 fileNameGp=../../cp2016-max-common-connected-subgraph-paper/datasets/graphsdb/mcs10/m4D/m4Dr6/mcs10_m4Dr6_s100.A07 fileNameGt=../../cp2016-max-common-connected-subgraph-paper/datasets/graphsdb/mcs10/m4D/m4Dr6/mcs10_m4Dr6_s100.B07
Reading graphs...
100 :  217
100 :  215
Initializing...
maxdom : 9
D->valSize : 339
Solving...
Blb : 3 (clique : 31)
currentSize : 31 <-- 0.003492 s
currentSize : 32 <-- 0.006415 s
currentSize : 33 <-- 0.014614 s
currentSize : 34 <-- 0.025288 s
currentSize : 35 <-- 0.064165 s
currentSize : 36 <-- 0.083956 s
currentSize : 37 <-- 10.584934 s
currentSize : 38 <-- 19.735598 s

TIMEOUT
maxsize : 38
nodes : 189672872.000000
filtered : 808229118.000000
time : 1000.000061
