Parameters: GAD=1 vflib=1 dir=0 label=0 vlabel=1 lowerbound=1 fileNameGp=../../cp2016-max-common-connected-subgraph-paper/datasets/graphsdb/mcs10/bvg/b06m/mcs10_b06m_s100.A09 fileNameGt=../../cp2016-max-common-connected-subgraph-paper/datasets/graphsdb/mcs10/bvg/b06m/mcs10_b06m_s100.B09
Reading graphs...
100 :  293
100 :  297
Initializing...
maxdom : 7
D->valSize : 340
Solving...
Blb : 3 (clique : 26)
currentSize : 26 <-- 0.003354 s
currentSize : 27 <-- 0.003887 s
currentSize : 28 <-- 0.005941 s
currentSize : 29 <-- 0.006881 s
currentSize : 30 <-- 0.025069 s
currentSize : 31 <-- 0.027433 s
currentSize : 32 <-- 20.067986 s
currentSize : 33 <-- 34.850300 s
currentSize : 34 <-- 613.046509 s

TIMEOUT
maxsize : 34
nodes : 162104173.000000
filtered : 942737438.000000
time : 1000.000061
