Parameters: GAD=1 vflib=1 dir=0 label=0 vlabel=1 lowerbound=1 fileNameGp=../../cp2016-max-common-connected-subgraph-paper/datasets/graphsdb/mcs10/m2D/m2Dr6/mcs10_m2Dr6_s90.A05 fileNameGt=../../cp2016-max-common-connected-subgraph-paper/datasets/graphsdb/mcs10/m2D/m2Dr6/mcs10_m2Dr6_s90.B05
Reading graphs...
90 :  212
90 :  211
Initializing...
maxdom : 11
D->valSize : 536
Solving...
Blb : 2 (clique : 30)
currentSize : 30 <-- 0.006150 s
currentSize : 34 <-- 0.006405 s
currentSize : 35 <-- 0.006579 s
currentSize : 36 <-- 0.007201 s
currentSize : 37 <-- 0.008426 s
currentSize : 38 <-- 0.042211 s
currentSize : 39 <-- 0.331276 s

TIMEOUT
maxsize : 39
nodes : 167300499.000000
filtered : 1509457733.000000
time : 1000.000061
