Parameters: GAD=1 vflib=1 dir=0 label=0 vlabel=1 lowerbound=1 fileNameGp=../../cp2016-max-common-connected-subgraph-paper/datasets/graphsdb/mcs10/m3D/m3Dr6/mcs10_m3Dr6_s60.A04 fileNameGt=../../cp2016-max-common-connected-subgraph-paper/datasets/graphsdb/mcs10/m3D/m3Dr6/mcs10_m3Dr6_s60.B04
Reading graphs...
60 :  165
60 :  166
Initializing...
maxdom : 7
D->valSize : 218
Solving...
Blb : 2 (clique : 17)
currentSize : 17 <-- 0.001660 s
currentSize : 18 <-- 0.001948 s
currentSize : 19 <-- 0.003611 s
currentSize : 20 <-- 0.004056 s
currentSize : 21 <-- 0.308934 s
currentSize : 22 <-- 1.079599 s
currentSize : 23 <-- 48.080296 s

maxsize : 23
nodes : 21554998.000000
filtered : 147567957.000000
time : 97.616447
