Parameters: GAD=1 vflib=1 dir=0 label=0 vlabel=1 lowerbound=1 fileNameGp=../../cp2016-max-common-connected-subgraph-paper/datasets/graphsdb/mcs10/m2D/m2D/mcs10_m2D_s50.A09 fileNameGt=../../cp2016-max-common-connected-subgraph-paper/datasets/graphsdb/mcs10/m2D/m2D/mcs10_m2D_s50.B09
Reading graphs...
50 :  85
50 :  84
Initializing...
maxdom : 8
D->valSize : 317
Solving...
Blb : 2 (clique : 20)
currentSize : 20 <-- 0.002346 s
currentSize : 22 <-- 0.002512 s
currentSize : 23 <-- 0.006499 s
currentSize : 24 <-- 0.140973 s
currentSize : 25 <-- 1.136220 s
currentSize : 26 <-- 2.028919 s
currentSize : 27 <-- 44.865677 s

maxsize : 27
nodes : 123969985.000000
filtered : 1345933326.000000
time : 609.652649
