Parameters: GAD=1 vflib=1 dir=0 label=0 vlabel=1 lowerbound=1 fileNameGp=../../cp2016-max-common-connected-subgraph-paper/datasets/graphsdb/mcs10/m2D/m2Dr4/mcs10_m2Dr4_s60.A00 fileNameGt=../../cp2016-max-common-connected-subgraph-paper/datasets/graphsdb/mcs10/m2D/m2Dr4/mcs10_m2Dr4_s60.B00
Reading graphs...
60 :  126
60 :  125
Initializing...
maxdom : 6
D->valSize : 230
Solving...
Blb : 2 (clique : 23)
currentSize : 23 <-- 0.001721 s
currentSize : 24 <-- 0.001980 s
currentSize : 25 <-- 0.694028 s
currentSize : 26 <-- 15.259001 s
currentSize : 27 <-- 24.526777 s

maxsize : 27
nodes : 105430327.000000
filtered : 781167774.000000
time : 495.548187
