Parameters: GAD=1 vflib=1 dir=0 label=0 vlabel=1 lowerbound=1 fileNameGp=../../cp2016-max-common-connected-subgraph-paper/datasets/graphsdb/mcs10/bvg/b03m/mcs10_b03m_s100.A00 fileNameGt=../../cp2016-max-common-connected-subgraph-paper/datasets/graphsdb/mcs10/bvg/b03m/mcs10_b03m_s100.B00
Reading graphs...
100 :  150
100 :  149
Initializing...
maxdom : 8
D->valSize : 332
Solving...
Blb : 2 (clique : 37)
currentSize : 37 <-- 0.003422 s
currentSize : 38 <-- 0.005403 s
currentSize : 39 <-- 0.005823 s
currentSize : 40 <-- 0.399155 s
currentSize : 41 <-- 0.400310 s
currentSize : 42 <-- 13.431862 s

TIMEOUT
maxsize : 42
nodes : 170893443.000000
filtered : 1102372180.000000
time : 1000.000061
