Parameters: GAD=1 vflib=1 dir=0 label=0 vlabel=1 lowerbound=1 fileNameGp=../../cp2016-max-common-connected-subgraph-paper/datasets/graphsdb/mcs10/m2D/m2Dr6/mcs10_m2Dr6_s90.A01 fileNameGt=../../cp2016-max-common-connected-subgraph-paper/datasets/graphsdb/mcs10/m2D/m2Dr6/mcs10_m2Dr6_s90.B01
Reading graphs...
90 :  214
90 :  213
Initializing...
maxdom : 10
D->valSize : 508
Solving...
Blb : 2 (clique : 30)
currentSize : 30 <-- 0.009528 s
currentSize : 31 <-- 0.010004 s
currentSize : 32 <-- 0.010507 s
currentSize : 33 <-- 0.011144 s
currentSize : 34 <-- 0.038468 s
currentSize : 35 <-- 66.029724 s
currentSize : 36 <-- 595.751038 s
currentSize : 37 <-- 883.043884 s

TIMEOUT
maxsize : 37
nodes : 182180928.000000
filtered : 1238497805.000000
time : 1000.000061
