Parameters: GAD=1 vflib=1 dir=0 label=0 vlabel=1 lowerbound=1 fileNameGp=../../cp2016-max-common-connected-subgraph-paper/datasets/graphsdb/mcs10/m3D/m3Dr2/mcs10_m3Dr2_s70.A08 fileNameGt=../../cp2016-max-common-connected-subgraph-paper/datasets/graphsdb/mcs10/m3D/m3Dr2/mcs10_m3Dr2_s70.B08
Reading graphs...
70 :  171
70 :  172
Initializing...
maxdom : 9
D->valSize : 269
Solving...
Blb : 2 (clique : 18)
currentSize : 18 <-- 0.002029 s
currentSize : 19 <-- 0.002162 s
currentSize : 20 <-- 0.002231 s
currentSize : 21 <-- 0.002352 s
currentSize : 22 <-- 0.012692 s
currentSize : 23 <-- 0.042962 s
currentSize : 24 <-- 1.041984 s
currentSize : 25 <-- 3.877022 s
currentSize : 26 <-- 43.236958 s
currentSize : 27 <-- 567.530640 s

TIMEOUT
maxsize : 27
nodes : 201007927.000000
filtered : 1408436245.000000
time : 1000.000000
