Parameters: GAD=1 vflib=1 dir=0 label=0 vlabel=1 lowerbound=1 fileNameGp=../../cp2016-max-common-connected-subgraph-paper/datasets/graphsdb/mcs10/rand/r02/mcs10_r02_s100.A07 fileNameGt=../../cp2016-max-common-connected-subgraph-paper/datasets/graphsdb/mcs10/rand/r02/mcs10_r02_s100.B07
Reading graphs...
100 :  1783
100 :  1788
Initializing...
maxdom : 7
D->valSize : 342
Solving...
Blb : 2 (clique : 9)
currentSize : 9 <-- 0.003474 s
currentSize : 10 <-- 0.004911 s
currentSize : 11 <-- 0.019781 s
currentSize : 12 <-- 0.040962 s
currentSize : 13 <-- 0.215150 s
currentSize : 14 <-- 0.535037 s

maxsize : 14
nodes : 8903581.000000
filtered : 50747003.000000
time : 57.424255
