Parameters: GAD=1 vflib=1 dir=0 label=0 vlabel=1 lowerbound=1 fileNameGp=../../cp2016-max-common-connected-subgraph-paper/datasets/graphsdb/mcs10/m4D/m4Dr4/mcs10_m4Dr4_s100.A01 fileNameGt=../../cp2016-max-common-connected-subgraph-paper/datasets/graphsdb/mcs10/m4D/m4Dr4/mcs10_m4Dr4_s100.B01
Reading graphs...
100 :  198
100 :  197
Initializing...
maxdom : 6
D->valSize : 352
Solving...
Blb : 2 (clique : 32)
currentSize : 32 <-- 0.003708 s
currentSize : 33 <-- 0.004136 s
currentSize : 34 <-- 0.004441 s
currentSize : 35 <-- 0.011610 s
currentSize : 36 <-- 4.792396 s
currentSize : 37 <-- 29.158350 s
currentSize : 38 <-- 35.222828 s

TIMEOUT
maxsize : 38
nodes : 183173659.000000
filtered : 983404550.000000
time : 1000.000061
