Parameters: GAD=1 vflib=1 dir=0 label=0 vlabel=1 lowerbound=1 fileNameGp=../../cp2016-max-common-connected-subgraph-paper/datasets/graphsdb/mcs10/m2D/m2Dr4/mcs10_m2Dr4_s90.A09 fileNameGt=../../cp2016-max-common-connected-subgraph-paper/datasets/graphsdb/mcs10/m2D/m2Dr4/mcs10_m2Dr4_s90.B09
Reading graphs...
90 :  195
90 :  195
Initializing...
maxdom : 13
D->valSize : 555
Solving...
Blb : 5 (clique : 28)
currentSize : 28 <-- 0.006604 s
currentSize : 32 <-- 0.006852 s
currentSize : 33 <-- 0.006973 s
currentSize : 34 <-- 0.010904 s
currentSize : 35 <-- 0.065950 s
currentSize : 36 <-- 0.292732 s
currentSize : 37 <-- 7.749475 s
currentSize : 38 <-- 98.005264 s

TIMEOUT
maxsize : 38
nodes : 164683997.000000
filtered : 1510167851.000000
time : 1000.000061
