Parameters: GAD=1 vflib=1 dir=0 label=0 vlabel=1 lowerbound=1 fileNameGp=../../cp2016-max-common-connected-subgraph-paper/datasets/graphsdb/mcs10/bvg/b06/mcs10_b06_s90.A02 fileNameGt=../../cp2016-max-common-connected-subgraph-paper/datasets/graphsdb/mcs10/bvg/b06/mcs10_b06_s90.B02
Reading graphs...
90 :  267
90 :  267
Initializing...
maxdom : 11
D->valSize : 508
Solving...
Blb : 2 (clique : 24)
currentSize : 24 <-- 0.005508 s
currentSize : 25 <-- 0.005878 s
currentSize : 26 <-- 0.006287 s
currentSize : 27 <-- 0.006390 s
currentSize : 28 <-- 1.397790 s
currentSize : 29 <-- 1.728186 s
currentSize : 30 <-- 103.932846 s
currentSize : 31 <-- 563.600464 s

TIMEOUT
maxsize : 31
nodes : 183913207.000000
filtered : 1094705685.000000
time : 1000.000000
