Parameters: GAD=1 vflib=1 dir=0 label=0 vlabel=1 lowerbound=1 fileNameGp=../../cp2016-max-common-connected-subgraph-paper/datasets/graphsdb/mcs10/bvg/b03m/mcs10_b03m_s90.A08 fileNameGt=../../cp2016-max-common-connected-subgraph-paper/datasets/graphsdb/mcs10/bvg/b03m/mcs10_b03m_s90.B08
Reading graphs...
90 :  133
90 :  133
Initializing...
maxdom : 8
D->valSize : 511
Solving...
Blb : 2 (clique : 37)
currentSize : 37 <-- 0.005878 s
currentSize : 38 <-- 0.006310 s
currentSize : 39 <-- 0.042232 s
currentSize : 40 <-- 0.092023 s
currentSize : 41 <-- 1.782374 s
currentSize : 42 <-- 409.789276 s
currentSize : 43 <-- 443.497314 s
currentSize : 44 <-- 637.635437 s

TIMEOUT
maxsize : 44
nodes : 154638578.000000
filtered : 1219315715.000000
time : 1000.000061
