Parameters: GAD=1 vflib=1 dir=0 label=0 vlabel=1 lowerbound=1 fileNameGp=../../cp2016-max-common-connected-subgraph-paper/datasets/graphsdb/mcs10/bvg/b06/mcs10_b06_s90.A09 fileNameGt=../../cp2016-max-common-connected-subgraph-paper/datasets/graphsdb/mcs10/bvg/b06/mcs10_b06_s90.B09
Reading graphs...
90 :  265
90 :  264
Initializing...
maxdom : 8
D->valSize : 506
Solving...
Blb : 2 (clique : 24)
currentSize : 24 <-- 0.005600 s
currentSize : 25 <-- 0.005833 s
currentSize : 26 <-- 0.005969 s
currentSize : 27 <-- 0.006875 s
currentSize : 28 <-- 0.009118 s
currentSize : 29 <-- 6.142339 s
currentSize : 30 <-- 8.266813 s
currentSize : 31 <-- 175.854095 s

TIMEOUT
maxsize : 31
nodes : 179640583.000000
filtered : 1064060191.000000
time : 1000.000061
