Parameters: GAD=1 vflib=1 dir=0 label=0 vlabel=1 lowerbound=1 fileNameGp=../../cp2016-max-common-connected-subgraph-paper/datasets/graphsdb/mcs10/m3D/m3D/mcs10_m3D_s70.A04 fileNameGt=../../cp2016-max-common-connected-subgraph-paper/datasets/graphsdb/mcs10/m3D/m3D/mcs10_m3D_s70.B04
Reading graphs...
70 :  158
70 :  158
Initializing...
maxdom : 12
D->valSize : 291
Solving...
Blb : 2 (clique : 21)
currentSize : 21 <-- 0.002278 s
currentSize : 23 <-- 0.002410 s
currentSize : 24 <-- 0.002481 s
currentSize : 26 <-- 0.004087 s
currentSize : 27 <-- 1.266533 s
currentSize : 28 <-- 41.233448 s

TIMEOUT
maxsize : 28
nodes : 199510248.000000
filtered : 1593276859.000000
time : 1000.000000
