Parameters: GAD=1 vflib=1 dir=0 label=0 vlabel=1 lowerbound=1 fileNameGp=../../cp2016-max-common-connected-subgraph-paper/datasets/graphsdb/mcs10/rand/r005/mcs10_r005_s60.A07 fileNameGt=../../cp2016-max-common-connected-subgraph-paper/datasets/graphsdb/mcs10/rand/r005/mcs10_r005_s60.B07
Reading graphs...
60 :  178
60 :  179
Initializing...
maxdom : 6
D->valSize : 221
Solving...
Blb : 5 (clique : 17)
currentSize : 17 <-- 0.001504 s
currentSize : 18 <-- 0.003547 s
currentSize : 19 <-- 0.051768 s
currentSize : 20 <-- 0.295047 s
currentSize : 21 <-- 1.382489 s
currentSize : 22 <-- 2.690065 s

maxsize : 22
nodes : 48467245.000000
filtered : 330055004.000000
time : 222.230545
