Parameters: GAD=1 vflib=1 dir=0 label=0 vlabel=1 lowerbound=1 fileNameGp=../../cp2016-max-common-connected-subgraph-paper/datasets/graphsdb/mcs10/bvg/b06m/mcs10_b06m_s80.A04 fileNameGt=../../cp2016-max-common-connected-subgraph-paper/datasets/graphsdb/mcs10/bvg/b06m/mcs10_b06m_s80.B04
Reading graphs...
80 :  235
80 :  235
Initializing...
maxdom : 11
D->valSize : 393
Solving...
Blb : 2 (clique : 24)
currentSize : 24 <-- 0.003583 s
currentSize : 25 <-- 0.004392 s
currentSize : 26 <-- 0.682624 s
currentSize : 27 <-- 1.603387 s
currentSize : 28 <-- 33.328732 s
currentSize : 29 <-- 105.740143 s
currentSize : 30 <-- 319.810669 s

TIMEOUT
maxsize : 30
nodes : 173533409.000000
filtered : 1608519458.000000
time : 1000.000061
