Parameters: GAD=1 vflib=1 dir=0 label=0 vlabel=1 lowerbound=1 fileNameGp=../../cp2016-max-common-connected-subgraph-paper/datasets/graphsdb/mcs10/bvg/b03m/mcs10_b03m_s50.A02 fileNameGt=../../cp2016-max-common-connected-subgraph-paper/datasets/graphsdb/mcs10/bvg/b03m/mcs10_b03m_s50.B02
Reading graphs...
50 :  75
50 :  73
Initializing...
maxdom : 11
D->valSize : 321
Solving...
Blb : 2 (clique : 22)
currentSize : 22 <-- 0.002308 s
currentSize : 23 <-- 0.002492 s
currentSize : 24 <-- 0.009272 s
currentSize : 25 <-- 0.060344 s
currentSize : 26 <-- 0.062420 s
currentSize : 27 <-- 0.062610 s
currentSize : 28 <-- 0.944754 s
currentSize : 29 <-- 132.429749 s

maxsize : 29
nodes : 43032003.000000
filtered : 482000457.000000
time : 258.577515
