Parameters: GAD=1 vflib=1 dir=0 label=0 vlabel=1 lowerbound=1 fileNameGp=../../cp2016-max-common-connected-subgraph-paper/datasets/graphsdb/mcs10/bvg/b03m/mcs10_b03m_s100.A05 fileNameGt=../../cp2016-max-common-connected-subgraph-paper/datasets/graphsdb/mcs10/bvg/b03m/mcs10_b03m_s100.B05
Reading graphs...
100 :  150
100 :  149
Initializing...
maxdom : 8
D->valSize : 356
Solving...
Blb : 2 (clique : 36)
currentSize : 36 <-- 0.006099 s
currentSize : 37 <-- 0.006787 s
currentSize : 38 <-- 0.007402 s
currentSize : 39 <-- 0.011990 s
currentSize : 40 <-- 2.280829 s
currentSize : 41 <-- 12.083725 s
currentSize : 42 <-- 31.418159 s
currentSize : 43 <-- 63.514160 s
currentSize : 44 <-- 73.137802 s
currentSize : 45 <-- 622.059387 s

TIMEOUT
maxsize : 45
nodes : 174495656.000000
filtered : 989007756.000000
time : 1000.000122
