Parameters: GAD=1 vflib=1 dir=0 label=0 vlabel=1 lowerbound=1 fileNameGp=../../cp2016-max-common-connected-subgraph-paper/datasets/graphsdb/mcs10/m2D/m2D/mcs10_m2D_s70.A02 fileNameGt=../../cp2016-max-common-connected-subgraph-paper/datasets/graphsdb/mcs10/m2D/m2D/mcs10_m2D_s70.B02
Reading graphs...
70 :  122
70 :  123
Initializing...
maxdom : 8
D->valSize : 303
Solving...
Blb : 2 (clique : 28)
currentSize : 28 <-- 0.002454 s
currentSize : 29 <-- 0.005761 s
currentSize : 30 <-- 4.179471 s
currentSize : 31 <-- 5.592741 s
currentSize : 32 <-- 5.600665 s
currentSize : 33 <-- 152.556580 s
currentSize : 34 <-- 172.377502 s

TIMEOUT
maxsize : 34
nodes : 200185503.000000
filtered : 1380296940.000000
time : 1000.000000
