Parameters: GAD=1 vflib=1 dir=0 label=0 vlabel=1 lowerbound=1 fileNameGp=../../cp2016-max-common-connected-subgraph-paper/datasets/graphsdb/mcs10/bvg/b06m/mcs10_b06m_s80.A01 fileNameGt=../../cp2016-max-common-connected-subgraph-paper/datasets/graphsdb/mcs10/bvg/b06m/mcs10_b06m_s80.B01
Reading graphs...
80 :  233
80 :  233
Initializing...
maxdom : 9
D->valSize : 398
Solving...
Blb : 2 (clique : 23)
currentSize : 23 <-- 0.003658 s
currentSize : 24 <-- 0.003872 s
currentSize : 25 <-- 0.003970 s
currentSize : 26 <-- 0.004149 s
currentSize : 27 <-- 0.469597 s
currentSize : 28 <-- 5.148520 s
currentSize : 29 <-- 90.088310 s

TIMEOUT
maxsize : 29
nodes : 188782748.000000
filtered : 1380934906.000000
time : 1000.000000
