Parameters: GAD=1 vflib=1 dir=0 label=0 vlabel=1 lowerbound=1 fileNameGp=../../cp2016-max-common-connected-subgraph-paper/datasets/graphsdb/mcs10/bvg/b06m/mcs10_b06m_s70.A05 fileNameGt=../../cp2016-max-common-connected-subgraph-paper/datasets/graphsdb/mcs10/bvg/b06m/mcs10_b06m_s70.B05
Reading graphs...
70 :  202
70 :  205
Initializing...
maxdom : 8
D->valSize : 306
Solving...
Blb : 5 (clique : 21)
currentSize : 21 <-- 0.002466 s
currentSize : 22 <-- 0.003041 s
currentSize : 23 <-- 0.050429 s
currentSize : 24 <-- 1.481432 s
currentSize : 25 <-- 9.926880 s
currentSize : 26 <-- 40.484783 s
currentSize : 27 <-- 64.876175 s
currentSize : 28 <-- 83.552406 s

TIMEOUT
maxsize : 28
nodes : 200333563.000000
filtered : 1614812706.000000
time : 1000.000000
