Parameters: GAD=1 vflib=1 dir=0 label=0 vlabel=1 lowerbound=1 fileNameGp=../../cp2016-max-common-connected-subgraph-paper/datasets/graphsdb/mcs10/m3D/m3Dr4/mcs10_m3Dr4_s80.A05 fileNameGt=../../cp2016-max-common-connected-subgraph-paper/datasets/graphsdb/mcs10/m3D/m3Dr4/mcs10_m3Dr4_s80.B05
Reading graphs...
80 :  214
80 :  210
Initializing...
maxdom : 11
D->valSize : 421
Solving...
Blb : 2 (clique : 23)
currentSize : 23 <-- 0.006526 s
currentSize : 24 <-- 0.008193 s
currentSize : 25 <-- 0.009021 s
currentSize : 26 <-- 0.014856 s
currentSize : 27 <-- 0.022776 s
currentSize : 28 <-- 0.023392 s
currentSize : 29 <-- 0.176448 s
currentSize : 30 <-- 9.703526 s

TIMEOUT
maxsize : 30
nodes : 186317305.000000
filtered : 1396479928.000000
time : 1000.000061
