Parameters: GAD=1 vflib=1 dir=0 label=0 vlabel=1 lowerbound=1 fileNameGp=../../cp2016-max-common-connected-subgraph-paper/datasets/graphsdb/mcs10/bvg/b03/mcs10_b03_s50.A06 fileNameGt=../../cp2016-max-common-connected-subgraph-paper/datasets/graphsdb/mcs10/bvg/b03/mcs10_b03_s50.B06
Reading graphs...
50 :  74
50 :  75
Initializing...
maxdom : 10
D->valSize : 322
Solving...
Blb : 2 (clique : 20)
currentSize : 20 <-- 0.002356 s
currentSize : 21 <-- 0.003184 s
currentSize : 22 <-- 0.343170 s
currentSize : 23 <-- 0.356715 s
currentSize : 24 <-- 0.660820 s
currentSize : 25 <-- 2.343263 s
currentSize : 26 <-- 3.655982 s
currentSize : 27 <-- 184.582809 s

TIMEOUT
maxsize : 27
nodes : 209045745.000000
filtered : 2120574631.000000
time : 1000.000000
