Parameters: GAD=1 vflib=1 dir=0 label=0 vlabel=1 lowerbound=1 fileNameGp=../../cp2016-max-common-connected-subgraph-paper/datasets/graphsdb/mcs10/bvg/b03/mcs10_b03_s50.A04 fileNameGt=../../cp2016-max-common-connected-subgraph-paper/datasets/graphsdb/mcs10/bvg/b03/mcs10_b03_s50.B04
Reading graphs...
50 :  74
50 :  75
Initializing...
maxdom : 10
D->valSize : 328
Solving...
Blb : 2 (clique : 22)
currentSize : 22 <-- 0.002407 s
currentSize : 23 <-- 0.002551 s
currentSize : 24 <-- 0.002935 s
currentSize : 25 <-- 0.005952 s
currentSize : 26 <-- 0.230775 s
currentSize : 27 <-- 570.312256 s
currentSize : 28 <-- 574.574829 s

maxsize : 28
nodes : 169994271.000000
filtered : 1711967946.000000
time : 917.850098
