Parameters: GAD=1 vflib=1 dir=0 label=0 vlabel=1 lowerbound=1 fileNameGp=../../cp2016-max-common-connected-subgraph-paper/datasets/graphsdb/mcs10/m3D/m3D/mcs10_m3D_s60.A04 fileNameGt=../../cp2016-max-common-connected-subgraph-paper/datasets/graphsdb/mcs10/m3D/m3D/mcs10_m3D_s60.B04
Reading graphs...
60 :  132
60 :  133
Initializing...
maxdom : 10
D->valSize : 226
Solving...
Blb : 2 (clique : 19)
currentSize : 19 <-- 0.002477 s
currentSize : 20 <-- 0.003130 s
currentSize : 21 <-- 0.016186 s
currentSize : 22 <-- 0.020486 s
currentSize : 23 <-- 0.022868 s
currentSize : 24 <-- 0.238900 s
currentSize : 25 <-- 10.029329 s

maxsize : 25
nodes : 4181394.000000
filtered : 34717507.000000
time : 20.298119
