Parameters: GAD=1 vflib=1 dir=0 label=0 vlabel=1 lowerbound=1 fileNameGp=../../cp2016-max-common-connected-subgraph-paper/datasets/graphsdb/mcs10/m3D/m3Dr2/mcs10_m3Dr2_s70.A02 fileNameGt=../../cp2016-max-common-connected-subgraph-paper/datasets/graphsdb/mcs10/m3D/m3Dr2/mcs10_m3Dr2_s70.B02
Reading graphs...
70 :  170
70 :  171
Initializing...
maxdom : 7
D->valSize : 310
Solving...
Blb : 2 (clique : 21)
currentSize : 21 <-- 0.002480 s
currentSize : 22 <-- 0.085457 s
currentSize : 23 <-- 0.223752 s
currentSize : 24 <-- 2.892435 s
currentSize : 25 <-- 14.472902 s
currentSize : 26 <-- 27.006395 s

TIMEOUT
maxsize : 26
nodes : 212160496.000000
filtered : 1313516945.000000
time : 1000.000000
