Parameters: GAD=1 vflib=1 dir=0 label=0 vlabel=1 lowerbound=1 fileNameGp=../../cp2016-max-common-connected-subgraph-paper/datasets/graphsdb/mcs10/rand/r01/mcs10_r01_s90.A00 fileNameGt=../../cp2016-max-common-connected-subgraph-paper/datasets/graphsdb/mcs10/rand/r01/mcs10_r01_s90.B00
Reading graphs...
90 :  763
90 :  776
Initializing...
maxdom : 9
D->valSize : 535
Solving...
Blb : 2 (clique : 13)
currentSize : 13 <-- 0.005874 s
currentSize : 14 <-- 0.006088 s
currentSize : 15 <-- 0.007859 s
currentSize : 16 <-- 0.018723 s
currentSize : 17 <-- 0.037133 s
currentSize : 18 <-- 0.057135 s
currentSize : 19 <-- 11.355709 s
currentSize : 20 <-- 112.308655 s

TIMEOUT
maxsize : 20
nodes : 164172974.000000
filtered : 1326446619.000000
time : 1000.000000
