Parameters: GAD=1 vflib=1 dir=0 label=0 vlabel=1 lowerbound=1 fileNameGp=../../cp2016-max-common-connected-subgraph-paper/datasets/graphsdb/mcs10/m2D/m2Dr6/mcs10_m2Dr6_s100.A05 fileNameGt=../../cp2016-max-common-connected-subgraph-paper/datasets/graphsdb/mcs10/m2D/m2Dr6/mcs10_m2Dr6_s100.B05
Reading graphs...
100 :  238
100 :  236
Initializing...
maxdom : 7
D->valSize : 340
Solving...
Blb : 2 (clique : 34)
currentSize : 34 <-- 0.003499 s
currentSize : 35 <-- 0.009122 s
currentSize : 36 <-- 0.027941 s
currentSize : 37 <-- 0.643221 s
currentSize : 38 <-- 4.617276 s
currentSize : 39 <-- 7.276430 s

TIMEOUT
maxsize : 39
nodes : 184391205.000000
filtered : 842139185.000000
time : 1000.000061
