Parameters: GAD=1 vflib=1 dir=0 label=0 vlabel=1 lowerbound=1 fileNameGp=../../cp2016-max-common-connected-subgraph-paper/datasets/graphsdb/mcs10/m2D/m2Dr6/mcs10_m2Dr6_s100.A09 fileNameGt=../../cp2016-max-common-connected-subgraph-paper/datasets/graphsdb/mcs10/m2D/m2Dr6/mcs10_m2Dr6_s100.B09
Reading graphs...
100 :  238
100 :  236
Initializing...
maxdom : 8
D->valSize : 342
Solving...
Blb : 2 (clique : 27)
currentSize : 27 <-- 0.003322 s
currentSize : 28 <-- 0.003615 s
currentSize : 29 <-- 0.042044 s
currentSize : 30 <-- 0.062224 s
currentSize : 31 <-- 0.062634 s
currentSize : 32 <-- 1.215369 s
currentSize : 33 <-- 15.488240 s
currentSize : 34 <-- 180.837158 s
currentSize : 35 <-- 245.863861 s

TIMEOUT
maxsize : 35
nodes : 183966410.000000
filtered : 832254065.000000
time : 1000.000061
