Parameters: GAD=1 vflib=1 dir=0 label=0 vlabel=1 lowerbound=1 fileNameGp=../../cp2016-max-common-connected-subgraph-paper/datasets/graphsdb/mcs10/bvg/b06/mcs10_b06_s100.A02 fileNameGt=../../cp2016-max-common-connected-subgraph-paper/datasets/graphsdb/mcs10/bvg/b06/mcs10_b06_s100.B02
Reading graphs...
100 :  297
100 :  294
Initializing...
maxdom : 6
D->valSize : 318
Solving...
Blb : 2 (clique : 27)
currentSize : 27 <-- 0.003068 s
currentSize : 28 <-- 0.003339 s
currentSize : 29 <-- 0.003643 s
currentSize : 30 <-- 0.031500 s
currentSize : 31 <-- 1.431577 s
currentSize : 32 <-- 25.556973 s
currentSize : 33 <-- 32.205364 s

TIMEOUT
maxsize : 33
nodes : 187224030.000000
filtered : 777979919.000000
time : 1000.000061
