Parameters: GAD=1 vflib=1 dir=0 label=0 vlabel=1 lowerbound=1 fileNameGp=../../cp2016-max-common-connected-subgraph-paper/datasets/graphsdb/mcs10/m2D/m2Dr2/mcs10_m2Dr2_s80.A08 fileNameGt=../../cp2016-max-common-connected-subgraph-paper/datasets/graphsdb/mcs10/m2D/m2Dr2/mcs10_m2Dr2_s80.B08
Reading graphs...
80 :  156
80 :  157
Initializing...
maxdom : 13
D->valSize : 408
Solving...
Blb : 2 (clique : 27)
currentSize : 27 <-- 0.004029 s
currentSize : 28 <-- 0.004274 s
currentSize : 29 <-- 0.005916 s
currentSize : 30 <-- 1.566960 s
currentSize : 32 <-- 1.854047 s
currentSize : 33 <-- 2.454741 s

TIMEOUT
maxsize : 33
nodes : 184515348.000000
filtered : 1338505230.000000
time : 1000.000061
