Parameters: GAD=1 vflib=1 dir=0 label=0 vlabel=1 lowerbound=1 fileNameGp=../../cp2016-max-common-connected-subgraph-paper/datasets/graphsdb/mcs10/m2D/m2D/mcs10_m2D_s90.A01 fileNameGt=../../cp2016-max-common-connected-subgraph-paper/datasets/graphsdb/mcs10/m2D/m2D/mcs10_m2D_s90.B01
Reading graphs...
90 :  160
90 :  160
Initializing...
maxdom : 9
D->valSize : 516
Solving...
Blb : 2 (clique : 33)
currentSize : 33 <-- 0.005874 s
currentSize : 34 <-- 0.006196 s
currentSize : 35 <-- 0.010328 s
currentSize : 36 <-- 0.035035 s
currentSize : 37 <-- 0.280981 s
currentSize : 38 <-- 0.282703 s
currentSize : 39 <-- 0.294523 s
currentSize : 40 <-- 0.576256 s
currentSize : 41 <-- 7.396736 s

TIMEOUT
maxsize : 41
nodes : 179843565.000000
filtered : 1295930379.000000
time : 1000.000061
