Parameters: GAD=1 vflib=1 dir=0 label=0 vlabel=1 lowerbound=1 fileNameGp=../../cp2016-max-common-connected-subgraph-paper/datasets/graphsdb/mcs10/m3D/m3Dr2/mcs10_m3Dr2_s80.A05 fileNameGt=../../cp2016-max-common-connected-subgraph-paper/datasets/graphsdb/mcs10/m3D/m3Dr2/mcs10_m3Dr2_s80.B05
Reading graphs...
80 :  199
80 :  200
Initializing...
maxdom : 9
D->valSize : 409
Solving...
Blb : 2 (clique : 24)
currentSize : 24 <-- 0.003930 s
currentSize : 25 <-- 0.004816 s
currentSize : 26 <-- 0.010113 s
currentSize : 27 <-- 0.016523 s
currentSize : 28 <-- 0.171378 s
currentSize : 29 <-- 0.255430 s
currentSize : 30 <-- 2.022830 s
currentSize : 31 <-- 8.234672 s
currentSize : 32 <-- 45.790421 s
currentSize : 33 <-- 886.857361 s

TIMEOUT
maxsize : 33
nodes : 189969532.000000
filtered : 1341823922.000000
time : 1000.000000
