Parameters: GAD=1 vflib=1 dir=0 label=0 vlabel=1 lowerbound=1 fileNameGp=../../cp2016-max-common-connected-subgraph-paper/datasets/graphsdb/mcs10/m2D/m2Dr4/mcs10_m2Dr4_s90.A03 fileNameGt=../../cp2016-max-common-connected-subgraph-paper/datasets/graphsdb/mcs10/m2D/m2Dr4/mcs10_m2Dr4_s90.B03
Reading graphs...
90 :  195
90 :  193
Initializing...
maxdom : 9
D->valSize : 487
Solving...
Blb : 2 (clique : 31)
currentSize : 31 <-- 0.005513 s
currentSize : 32 <-- 0.107053 s
currentSize : 33 <-- 1.749175 s
currentSize : 34 <-- 40.555271 s
currentSize : 35 <-- 366.229187 s
currentSize : 36 <-- 366.688019 s
currentSize : 37 <-- 499.919037 s

TIMEOUT
maxsize : 37
nodes : 165535177.000000
filtered : 991400535.000000
time : 1000.000061
