Parameters: GAD=1 vflib=1 dir=0 label=0 vlabel=1 lowerbound=1 fileNameGp=../../cp2016-max-common-connected-subgraph-paper/datasets/graphsdb/mcs10/bvg/b03/mcs10_b03_s80.A04 fileNameGt=../../cp2016-max-common-connected-subgraph-paper/datasets/graphsdb/mcs10/bvg/b03/mcs10_b03_s80.B04
Reading graphs...
80 :  120
80 :  119
Initializing...
maxdom : 10
D->valSize : 406
Solving...
Blb : 2 (clique : 32)
currentSize : 32 <-- 0.004165 s
currentSize : 33 <-- 0.004557 s
currentSize : 34 <-- 0.005989 s
currentSize : 35 <-- 0.009441 s
currentSize : 36 <-- 0.010030 s
currentSize : 37 <-- 0.014558 s
currentSize : 38 <-- 0.025785 s
currentSize : 39 <-- 0.042484 s
currentSize : 40 <-- 0.878747 s

TIMEOUT
maxsize : 40
nodes : 192665718.000000
filtered : 1250806583.000000
time : 1000.000061
