Parameters: GAD=1 vflib=1 dir=0 label=0 vlabel=1 lowerbound=1 fileNameGp=../../cp2016-max-common-connected-subgraph-paper/datasets/graphsdb/mcs10/m2D/m2Dr2/mcs10_m2Dr2_s100.A09 fileNameGt=../../cp2016-max-common-connected-subgraph-paper/datasets/graphsdb/mcs10/m2D/m2Dr2/mcs10_m2Dr2_s100.B09
Reading graphs...
100 :  199
100 :  199
Initializing...
maxdom : 7
D->valSize : 333
Solving...
Blb : 2 (clique : 33)
currentSize : 33 <-- 0.005462 s
currentSize : 34 <-- 0.009371 s
currentSize : 35 <-- 0.207041 s
currentSize : 36 <-- 5.921443 s
currentSize : 37 <-- 50.404377 s
currentSize : 38 <-- 51.062031 s
currentSize : 39 <-- 213.022156 s
currentSize : 40 <-- 341.714752 s

TIMEOUT
maxsize : 40
nodes : 171043155.000000
filtered : 959083686.000000
time : 1000.000061
