Parameters: GAD=1 vflib=1 dir=0 label=0 vlabel=1 lowerbound=1 fileNameGp=../../cp2016-max-common-connected-subgraph-paper/datasets/graphsdb/mcs10/m2D/m2Dr6/mcs10_m2Dr6_s70.A05 fileNameGt=../../cp2016-max-common-connected-subgraph-paper/datasets/graphsdb/mcs10/m2D/m2Dr6/mcs10_m2Dr6_s70.B05
Reading graphs...
70 :  158
70 :  161
Initializing...
maxdom : 9
D->valSize : 317
Solving...
Blb : 2 (clique : 24)
currentSize : 24 <-- 0.002570 s
currentSize : 25 <-- 0.002752 s
currentSize : 26 <-- 0.002784 s
currentSize : 27 <-- 0.003369 s
currentSize : 28 <-- 0.110603 s
currentSize : 29 <-- 0.110668 s
currentSize : 30 <-- 2.025587 s
currentSize : 31 <-- 2.026926 s
currentSize : 32 <-- 490.349213 s

TIMEOUT
maxsize : 32
nodes : 197501370.000000
filtered : 1521370249.000000
time : 1000.000000
