Parameters: GAD=1 vflib=1 dir=0 label=0 vlabel=1 lowerbound=1 fileNameGp=../../cp2016-max-common-connected-subgraph-paper/datasets/graphsdb/mcs10/m3D/m3Dr4/mcs10_m3Dr4_s60.A09 fileNameGt=../../cp2016-max-common-connected-subgraph-paper/datasets/graphsdb/mcs10/m3D/m3Dr4/mcs10_m3Dr4_s60.B09
Reading graphs...
60 :  156
60 :  153
Initializing...
maxdom : 8
D->valSize : 219
Solving...
Blb : 2 (clique : 19)
currentSize : 19 <-- 0.001551 s
currentSize : 20 <-- 0.001748 s
currentSize : 21 <-- 0.002360 s
currentSize : 22 <-- 0.004893 s
currentSize : 23 <-- 0.063661 s
currentSize : 24 <-- 1.094473 s

maxsize : 24
nodes : 25590485.000000
filtered : 188682360.000000
time : 117.332474
