Parameters: GAD=1 vflib=1 dir=0 label=0 vlabel=1 lowerbound=1 fileNameGp=../../cp2016-max-common-connected-subgraph-paper/datasets/graphsdb/mcs10/rand/r005/mcs10_r005_s60.A00 fileNameGt=../../cp2016-max-common-connected-subgraph-paper/datasets/graphsdb/mcs10/rand/r005/mcs10_r005_s60.B00
Reading graphs...
60 :  177
60 :  178
Initializing...
maxdom : 6
D->valSize : 232
Solving...
Blb : 2 (clique : 19)
currentSize : 19 <-- 0.001724 s
currentSize : 20 <-- 0.031036 s
currentSize : 21 <-- 0.339810 s
currentSize : 22 <-- 1.648949 s
currentSize : 23 <-- 2.140518 s

maxsize : 23
nodes : 27365045.000000
filtered : 191491416.000000
time : 127.351051
