Parameters: GAD=1 vflib=1 dir=0 label=0 vlabel=1 lowerbound=1 fileNameGp=../../cp2016-max-common-connected-subgraph-paper/datasets/graphsdb/mcs10/m3D/m3Dr6/mcs10_m3Dr6_s60.A03 fileNameGt=../../cp2016-max-common-connected-subgraph-paper/datasets/graphsdb/mcs10/m3D/m3Dr6/mcs10_m3Dr6_s60.B03
Reading graphs...
60 :  167
60 :  166
Initializing...
maxdom : 5
D->valSize : 236
Solving...
Blb : 2 (clique : 18)
currentSize : 18 <-- 0.001778 s
currentSize : 19 <-- 0.003278 s
currentSize : 20 <-- 0.006439 s
currentSize : 21 <-- 0.007855 s
currentSize : 22 <-- 0.022158 s
currentSize : 23 <-- 2.561069 s
currentSize : 24 <-- 89.118111 s

maxsize : 24
nodes : 56159686.000000
filtered : 383360528.000000
time : 258.122864
