Parameters: GAD=1 vflib=1 dir=0 label=0 vlabel=1 lowerbound=1 fileNameGp=../../cp2016-max-common-connected-subgraph-paper/datasets/graphsdb/mcs10/m3D/m3Dr2/mcs10_m3Dr2_s60.A05 fileNameGt=../../cp2016-max-common-connected-subgraph-paper/datasets/graphsdb/mcs10/m3D/m3Dr2/mcs10_m3Dr2_s60.B05
Reading graphs...
60 :  145
60 :  144
Initializing...
maxdom : 9
D->valSize : 212
Solving...
Blb : 2 (clique : 17)
currentSize : 17 <-- 0.001475 s
currentSize : 18 <-- 0.001621 s
currentSize : 19 <-- 0.002761 s
currentSize : 20 <-- 0.073221 s
currentSize : 21 <-- 0.192549 s
currentSize : 22 <-- 0.407088 s
currentSize : 23 <-- 2.301078 s

maxsize : 23
nodes : 14642679.000000
filtered : 115571579.000000
time : 69.013298
