Parameters: GAD=1 vflib=1 dir=0 label=0 vlabel=1 lowerbound=1 fileNameGp=../../cp2016-max-common-connected-subgraph-paper/datasets/graphsdb/mcs10/m3D/m3Dr6/mcs10_m3Dr6_s90.A04 fileNameGt=../../cp2016-max-common-connected-subgraph-paper/datasets/graphsdb/mcs10/m3D/m3Dr6/mcs10_m3Dr6_s90.B04
Reading graphs...
90 :  258
90 :  260
Initializing...
maxdom : 9
D->valSize : 505
Solving...
Blb : 2 (clique : 23)
currentSize : 23 <-- 0.005704 s
currentSize : 24 <-- 0.005994 s
currentSize : 25 <-- 0.006577 s
currentSize : 26 <-- 0.008495 s
currentSize : 27 <-- 0.027412 s
currentSize : 28 <-- 0.101221 s
currentSize : 29 <-- 0.219779 s
currentSize : 30 <-- 6.962221 s
currentSize : 31 <-- 99.047874 s
currentSize : 32 <-- 99.361221 s
currentSize : 33 <-- 396.558228 s

TIMEOUT
maxsize : 33
nodes : 172900933.000000
filtered : 1388234173.000000
time : 1000.000061
