Parameters: GAD=1 vflib=1 dir=0 label=0 vlabel=1 lowerbound=1 fileNameGp=../../cp2016-max-common-connected-subgraph-paper/datasets/graphsdb/mcs10/m3D/m3D/mcs10_m3D_s80.A00 fileNameGt=../../cp2016-max-common-connected-subgraph-paper/datasets/graphsdb/mcs10/m3D/m3D/mcs10_m3D_s80.B00
Reading graphs...
80 :  182
80 :  182
Initializing...
maxdom : 8
D->valSize : 378
Solving...
Blb : 2 (clique : 25)
currentSize : 25 <-- 0.003600 s
currentSize : 26 <-- 0.004099 s
currentSize : 27 <-- 0.004566 s
currentSize : 28 <-- 0.168307 s
currentSize : 29 <-- 0.576777 s
currentSize : 30 <-- 1.746748 s
currentSize : 31 <-- 2.542770 s
currentSize : 32 <-- 20.949205 s

TIMEOUT
maxsize : 32
nodes : 175356884.000000
filtered : 1560745439.000000
time : 1000.000061
