Parameters: GAD=1 vflib=1 dir=0 label=0 vlabel=1 lowerbound=1 fileNameGp=../../cp2016-max-common-connected-subgraph-paper/datasets/graphsdb/mcs10/m2D/m2Dr4/mcs10_m2Dr4_s50.A02 fileNameGt=../../cp2016-max-common-connected-subgraph-paper/datasets/graphsdb/mcs10/m2D/m2Dr4/mcs10_m2Dr4_s50.B02
Reading graphs...
50 :  103
50 :  104
Initializing...
maxdom : 9
D->valSize : 306
Solving...
Blb : 2 (clique : 19)
currentSize : 19 <-- 0.002172 s
currentSize : 20 <-- 0.207101 s
currentSize : 21 <-- 1.621950 s
currentSize : 22 <-- 5.366665 s
currentSize : 23 <-- 34.971390 s
currentSize : 24 <-- 65.272774 s

maxsize : 24
nodes : 174612680.000000
filtered : 1863822591.000000
time : 833.388184
