Parameters: GAD=1 vflib=1 dir=0 label=0 vlabel=1 lowerbound=1 fileNameGp=../../cp2016-max-common-connected-subgraph-paper/datasets/graphsdb/mcs10/m3D/m3D/mcs10_m3D_s60.A08 fileNameGt=../../cp2016-max-common-connected-subgraph-paper/datasets/graphsdb/mcs10/m3D/m3D/mcs10_m3D_s60.B08
Reading graphs...
60 :  134
60 :  129
Initializing...
maxdom : 8
D->valSize : 216
Solving...
Blb : 2 (clique : 18)
currentSize : 18 <-- 0.001558 s
currentSize : 19 <-- 0.002349 s
currentSize : 20 <-- 0.002831 s
currentSize : 21 <-- 0.003123 s
currentSize : 22 <-- 0.008299 s
currentSize : 23 <-- 0.107691 s
currentSize : 24 <-- 2.271839 s
currentSize : 25 <-- 3.369951 s

maxsize : 25
nodes : 3746674.000000
filtered : 28428175.000000
time : 19.229900
