Parameters: GAD=1 vflib=1 dir=0 label=0 vlabel=1 lowerbound=1 fileNameGp=../../cp2016-max-common-connected-subgraph-paper/datasets/graphsdb/mcs10/bvg/b03/mcs10_b03_s80.A01 fileNameGt=../../cp2016-max-common-connected-subgraph-paper/datasets/graphsdb/mcs10/bvg/b03/mcs10_b03_s80.B01
Reading graphs...
80 :  119
80 :  120
Initializing...
maxdom : 11
D->valSize : 409
Solving...
Blb : 3 (clique : 31)
currentSize : 31 <-- 0.004302 s
currentSize : 32 <-- 0.026318 s
currentSize : 33 <-- 0.147379 s
currentSize : 34 <-- 0.414199 s
currentSize : 35 <-- 0.424198 s
currentSize : 36 <-- 1.655140 s
currentSize : 37 <-- 2.762387 s
currentSize : 38 <-- 21.120956 s
currentSize : 39 <-- 259.822540 s
currentSize : 40 <-- 966.559143 s

TIMEOUT
maxsize : 40
nodes : 174064744.000000
filtered : 1300358211.000000
time : 1000.000061
