Parameters: GAD=1 vflib=1 dir=0 label=0 vlabel=1 lowerbound=1 fileNameGp=../../cp2016-max-common-connected-subgraph-paper/datasets/graphsdb/mcs10/bvg/b03m/mcs10_b03m_s70.A09 fileNameGt=../../cp2016-max-common-connected-subgraph-paper/datasets/graphsdb/mcs10/bvg/b03m/mcs10_b03m_s70.B09
Reading graphs...
70 :  104
70 :  105
Initializing...
maxdom : 7
D->valSize : 333
Solving...
Blb : 2 (clique : 27)
currentSize : 27 <-- 0.002969 s
currentSize : 28 <-- 0.003519 s
currentSize : 29 <-- 9.389980 s
currentSize : 30 <-- 27.037224 s
currentSize : 31 <-- 141.256989 s
currentSize : 32 <-- 256.825043 s
currentSize : 33 <-- 372.989288 s
currentSize : 34 <-- 425.246216 s

TIMEOUT
maxsize : 34
nodes : 204608054.000000
filtered : 1420627215.000000
time : 1000.000000
