Parameters: GAD=1 vflib=1 dir=0 label=0 vlabel=1 lowerbound=1 fileNameGp=../../cp2016-max-common-connected-subgraph-paper/datasets/graphsdb/mcs10/rand/r005/mcs10_r005_s50.A03 fileNameGt=../../cp2016-max-common-connected-subgraph-paper/datasets/graphsdb/mcs10/rand/r005/mcs10_r005_s50.B03
Reading graphs...
50 :  122
50 :  119
Initializing...
maxdom : 9
D->valSize : 294
Solving...
Blb : 2 (clique : 17)
currentSize : 17 <-- 0.003204 s
currentSize : 18 <-- 0.003813 s
currentSize : 19 <-- 0.008056 s
currentSize : 20 <-- 0.231523 s
currentSize : 21 <-- 0.315174 s
currentSize : 22 <-- 1.318265 s

maxsize : 22
nodes : 12542264.000000
filtered : 136646724.000000
time : 65.313370
