Parameters: GAD=1 vflib=1 dir=0 label=0 vlabel=1 lowerbound=1 fileNameGp=../../cp2016-max-common-connected-subgraph-paper/datasets/graphsdb/mcs10/m2D/m2Dr2/mcs10_m2Dr2_s90.A09 fileNameGt=../../cp2016-max-common-connected-subgraph-paper/datasets/graphsdb/mcs10/m2D/m2Dr2/mcs10_m2Dr2_s90.B09
Reading graphs...
90 :  179
90 :  177
Initializing...
maxdom : 10
D->valSize : 542
Solving...
Blb : 2 (clique : 33)
currentSize : 33 <-- 0.006374 s
currentSize : 34 <-- 0.063515 s
currentSize : 35 <-- 0.089998 s
currentSize : 36 <-- 0.198674 s
currentSize : 37 <-- 187.832733 s
currentSize : 38 <-- 403.021759 s

TIMEOUT
maxsize : 38
nodes : 197489859.000000
filtered : 1073778877.000000
time : 1000.000061
