Parameters: GAD=1 vflib=1 dir=0 label=0 vlabel=1 lowerbound=1 fileNameGp=../../cp2016-max-common-connected-subgraph-paper/datasets/graphsdb/mcs10/bvg/b06/mcs10_b06_s100.A09 fileNameGt=../../cp2016-max-common-connected-subgraph-paper/datasets/graphsdb/mcs10/bvg/b06/mcs10_b06_s100.B09
Reading graphs...
100 :  298
100 :  298
Initializing...
maxdom : 7
D->valSize : 309
Solving...
Blb : 2 (clique : 25)
currentSize : 25 <-- 0.002931 s
currentSize : 26 <-- 0.003177 s
currentSize : 27 <-- 0.003423 s
currentSize : 28 <-- 0.089954 s
currentSize : 29 <-- 0.112358 s
currentSize : 30 <-- 5.903452 s
currentSize : 31 <-- 678.527771 s
currentSize : 32 <-- 678.568848 s
currentSize : 33 <-- 723.784485 s

TIMEOUT
maxsize : 33
nodes : 170359650.000000
filtered : 997119303.000000
time : 1000.000061
