Parameters: GAD=1 vflib=1 dir=0 label=0 vlabel=1 lowerbound=1 fileNameGp=../../cp2016-max-common-connected-subgraph-paper/datasets/graphsdb/mcs10/bvg/b03m/mcs10_b03m_s100.A02 fileNameGt=../../cp2016-max-common-connected-subgraph-paper/datasets/graphsdb/mcs10/bvg/b03m/mcs10_b03m_s100.B02
Reading graphs...
100 :  150
100 :  149
Initializing...
maxdom : 7
D->valSize : 309
Solving...
Blb : 2 (clique : 34)
currentSize : 34 <-- 0.003115 s
currentSize : 35 <-- 0.011332 s
currentSize : 36 <-- 2.194886 s
currentSize : 37 <-- 10.687629 s
currentSize : 38 <-- 42.112473 s
currentSize : 39 <-- 65.481949 s
currentSize : 40 <-- 452.496613 s

TIMEOUT
maxsize : 40
nodes : 143588795.000000
filtered : 655279462.000000
time : 1000.000061
