Parameters: GAD=1 vflib=1 dir=0 label=0 vlabel=1 lowerbound=1 fileNameGp=../../cp2016-max-common-connected-subgraph-paper/datasets/graphsdb/mcs10/bvg/b06/mcs10_b06_s70.A04 fileNameGt=../../cp2016-max-common-connected-subgraph-paper/datasets/graphsdb/mcs10/bvg/b06/mcs10_b06_s70.B04
Reading graphs...
70 :  205
70 :  208
Initializing...
maxdom : 8
D->valSize : 301
Solving...
Blb : 2 (clique : 21)
currentSize : 21 <-- 0.002478 s
currentSize : 22 <-- 0.002813 s
currentSize : 23 <-- 0.003697 s
currentSize : 24 <-- 0.046522 s
currentSize : 25 <-- 0.051515 s
currentSize : 26 <-- 0.055035 s
currentSize : 27 <-- 1.806776 s
currentSize : 28 <-- 375.944214 s

TIMEOUT
maxsize : 28
nodes : 199291043.000000
filtered : 1421044844.000000
time : 1000.000000
