Parameters: GAD=1 vflib=1 dir=0 label=0 vlabel=1 lowerbound=1 fileNameGp=../../cp2016-max-common-connected-subgraph-paper/datasets/graphsdb/mcs10/bvg/b06/mcs10_b06_s70.A09 fileNameGt=../../cp2016-max-common-connected-subgraph-paper/datasets/graphsdb/mcs10/bvg/b06/mcs10_b06_s70.B09
Reading graphs...
70 :  208
70 :  208
Initializing...
maxdom : 7
D->valSize : 311
Solving...
Blb : 2 (clique : 21)
currentSize : 21 <-- 0.002490 s
currentSize : 22 <-- 0.002644 s
currentSize : 23 <-- 0.002760 s
currentSize : 24 <-- 0.002887 s
currentSize : 25 <-- 0.149654 s
currentSize : 26 <-- 11.720538 s
currentSize : 27 <-- 62.745979 s

TIMEOUT
maxsize : 27
nodes : 191453855.000000
filtered : 1592974090.000000
time : 1000.000000
