Parameters: GAD=1 vflib=1 dir=0 label=0 vlabel=1 lowerbound=1 fileNameGp=../../cp2016-max-common-connected-subgraph-paper/datasets/graphsdb/mcs10/m3D/m3Dr4/mcs10_m3Dr4_s60.A00 fileNameGt=../../cp2016-max-common-connected-subgraph-paper/datasets/graphsdb/mcs10/m3D/m3Dr4/mcs10_m3Dr4_s60.B00
Reading graphs...
60 :  155
60 :  157
Initializing...
maxdom : 9
D->valSize : 216
Solving...
Blb : 5 (clique : 17)
currentSize : 17 <-- 0.001688 s
currentSize : 18 <-- 0.002074 s
currentSize : 19 <-- 0.002512 s
currentSize : 20 <-- 0.004774 s
currentSize : 21 <-- 0.340504 s
currentSize : 22 <-- 291.741211 s

maxsize : 22
nodes : 71788078.000000
filtered : 440306691.000000
time : 315.694641
