Parameters: GAD=1 vflib=1 dir=0 label=0 vlabel=1 lowerbound=1 fileNameGp=../../cp2016-max-common-connected-subgraph-paper/datasets/graphsdb/mcs10/m3D/m3D/mcs10_m3D_s60.A09 fileNameGt=../../cp2016-max-common-connected-subgraph-paper/datasets/graphsdb/mcs10/m3D/m3D/mcs10_m3D_s60.B09
Reading graphs...
60 :  132
60 :  131
Initializing...
maxdom : 6
D->valSize : 248
Solving...
Blb : 3 (clique : 17)
currentSize : 17 <-- 0.001675 s
currentSize : 18 <-- 0.001889 s
currentSize : 19 <-- 0.002041 s
currentSize : 20 <-- 0.003821 s
currentSize : 21 <-- 0.008773 s
currentSize : 22 <-- 0.008802 s
currentSize : 23 <-- 0.008927 s
currentSize : 24 <-- 0.122469 s
currentSize : 25 <-- 0.269204 s

maxsize : 25
nodes : 37849861.000000
filtered : 331489386.000000
time : 184.336731
