Parameters: GAD=1 vflib=1 dir=0 label=0 vlabel=1 lowerbound=1 fileNameGp=../../cp2016-max-common-connected-subgraph-paper/datasets/graphsdb/mcs10/bvg/b03/mcs10_b03_s60.A08 fileNameGt=../../cp2016-max-common-connected-subgraph-paper/datasets/graphsdb/mcs10/bvg/b03/mcs10_b03_s60.B08
Reading graphs...
60 :  90
60 :  90
Initializing...
maxdom : 8
D->valSize : 230
Solving...
Blb : 2 (clique : 22)
currentSize : 22 <-- 0.001871 s
currentSize : 23 <-- 0.002476 s
currentSize : 24 <-- 0.005542 s
currentSize : 25 <-- 0.013251 s
currentSize : 26 <-- 0.049021 s
currentSize : 27 <-- 0.168929 s
currentSize : 28 <-- 0.474862 s
currentSize : 29 <-- 14.963757 s
currentSize : 30 <-- 134.961716 s

maxsize : 30
nodes : 122648578.000000
filtered : 745549236.000000
time : 515.643555
