Parameters: GAD=1 vflib=1 dir=0 label=0 vlabel=1 lowerbound=1 fileNameGp=../../cp2016-max-common-connected-subgraph-paper/datasets/graphsdb/mcs10/m2D/m2Dr2/mcs10_m2Dr2_s100.A03 fileNameGt=../../cp2016-max-common-connected-subgraph-paper/datasets/graphsdb/mcs10/m2D/m2Dr2/mcs10_m2Dr2_s100.B03
Reading graphs...
100 :  199
100 :  199
Initializing...
maxdom : 7
D->valSize : 334
Solving...
Blb : 2 (clique : 31)
currentSize : 31 <-- 0.005634 s
currentSize : 32 <-- 0.006132 s
currentSize : 33 <-- 0.006601 s
currentSize : 34 <-- 0.198824 s
currentSize : 35 <-- 1.303341 s
currentSize : 36 <-- 5.066307 s
currentSize : 37 <-- 23.808056 s
currentSize : 38 <-- 902.911926 s

TIMEOUT
maxsize : 38
nodes : 184065825.000000
filtered : 844041116.000000
time : 1000.000061
