Parameters: GAD=1 vflib=1 dir=0 label=0 vlabel=1 lowerbound=1 fileNameGp=../../cp2016-max-common-connected-subgraph-paper/datasets/graphsdb/mcs10/m3D/m3D/mcs10_m3D_s70.A00 fileNameGt=../../cp2016-max-common-connected-subgraph-paper/datasets/graphsdb/mcs10/m3D/m3D/mcs10_m3D_s70.B00
Reading graphs...
70 :  159
70 :  158
Initializing...
maxdom : 8
D->valSize : 333
Solving...
Blb : 2 (clique : 22)
currentSize : 22 <-- 0.004615 s
currentSize : 23 <-- 0.005985 s
currentSize : 24 <-- 0.042090 s
currentSize : 25 <-- 0.077320 s
currentSize : 26 <-- 0.132310 s
currentSize : 27 <-- 0.167508 s
currentSize : 28 <-- 5.538185 s
currentSize : 29 <-- 45.398857 s
currentSize : 30 <-- 48.668533 s
currentSize : 31 <-- 990.122437 s

TIMEOUT
maxsize : 31
nodes : 185474965.000000
filtered : 1607208438.000000
time : 1000.000000
