Parameters: GAD=1 vflib=1 dir=0 label=0 vlabel=1 lowerbound=1 fileNameGp=../../cp2016-max-common-connected-subgraph-paper/datasets/graphsdb/mcs10/bvg/b03/mcs10_b03_s70.A09 fileNameGt=../../cp2016-max-common-connected-subgraph-paper/datasets/graphsdb/mcs10/bvg/b03/mcs10_b03_s70.B09
Reading graphs...
70 :  105
70 :  105
Initializing...
maxdom : 7
D->valSize : 298
Solving...
Blb : 2 (clique : 28)
currentSize : 28 <-- 0.002863 s
currentSize : 29 <-- 0.003611 s
currentSize : 30 <-- 0.003886 s
currentSize : 31 <-- 0.675290 s
currentSize : 32 <-- 2.225889 s
currentSize : 33 <-- 79.265526 s

TIMEOUT
maxsize : 33
nodes : 224047694.000000
filtered : 1241914170.000000
time : 1000.000061
