Parameters: GAD=1 vflib=1 dir=0 label=0 vlabel=1 lowerbound=1 fileNameGp=../../cp2016-max-common-connected-subgraph-paper/datasets/graphsdb/mcs10/m2D/m2Dr4/mcs10_m2Dr4_s100.A02 fileNameGt=../../cp2016-max-common-connected-subgraph-paper/datasets/graphsdb/mcs10/m2D/m2Dr4/mcs10_m2Dr4_s100.B02
Reading graphs...
100 :  216
100 :  218
Initializing...
maxdom : 7
D->valSize : 311
Solving...
Blb : 5 (clique : 31)
currentSize : 31 <-- 0.003768 s
currentSize : 32 <-- 0.004078 s
currentSize : 33 <-- 0.004701 s
currentSize : 34 <-- 0.009020 s
currentSize : 35 <-- 0.033346 s
currentSize : 36 <-- 0.229426 s
currentSize : 37 <-- 89.175102 s
currentSize : 38 <-- 646.190735 s

TIMEOUT
maxsize : 38
nodes : 186577515.000000
filtered : 730855330.000000
time : 1000.000061
