Parameters: GAD=1 vflib=1 dir=0 label=0 vlabel=1 lowerbound=1 fileNameGp=../../cp2016-max-common-connected-subgraph-paper/datasets/graphsdb/mcs10/bvg/b09m/mcs10_b09m_s100.A02 fileNameGt=../../cp2016-max-common-connected-subgraph-paper/datasets/graphsdb/mcs10/bvg/b09m/mcs10_b09m_s100.B02
Reading graphs...
100 :  435
100 :  434
Initializing...
maxdom : 7
D->valSize : 319
Solving...
Blb : 2 (clique : 21)
currentSize : 21 <-- 0.003008 s
currentSize : 23 <-- 0.003223 s
currentSize : 24 <-- 0.052315 s
currentSize : 25 <-- 0.462561 s
currentSize : 26 <-- 171.641861 s
currentSize : 27 <-- 618.288879 s

TIMEOUT
maxsize : 27
nodes : 169473662.000000
filtered : 929860841.000000
time : 1000.000061
