Parameters: GAD=1 vflib=1 dir=0 label=0 vlabel=1 lowerbound=1 fileNameGp=../../cp2016-max-common-connected-subgraph-paper/datasets/graphsdb/mcs10/rand/r005/mcs10_r005_s100.A01 fileNameGt=../../cp2016-max-common-connected-subgraph-paper/datasets/graphsdb/mcs10/rand/r005/mcs10_r005_s100.B01
Reading graphs...
100 :  485
100 :  491
Initializing...
maxdom : 8
D->valSize : 321
Solving...
Blb : 2 (clique : 19)
currentSize : 19 <-- 0.003121 s
currentSize : 20 <-- 0.003303 s
currentSize : 21 <-- 0.003367 s
currentSize : 22 <-- 0.003437 s
currentSize : 23 <-- 0.012583 s
currentSize : 24 <-- 0.063688 s
currentSize : 25 <-- 31.786318 s
currentSize : 26 <-- 45.742416 s
currentSize : 27 <-- 527.757019 s

TIMEOUT
maxsize : 27
nodes : 172580271.000000
filtered : 843455539.000000
time : 1000.000000
