Parameters: GAD=1 vflib=1 dir=0 label=0 vlabel=1 lowerbound=1 fileNameGp=../../cp2016-max-common-connected-subgraph-paper/datasets/graphsdb/mcs10/rand/r005/mcs10_r005_s100.A08 fileNameGt=../../cp2016-max-common-connected-subgraph-paper/datasets/graphsdb/mcs10/rand/r005/mcs10_r005_s100.B08
Reading graphs...
100 :  487
100 :  490
Initializing...
maxdom : 8
D->valSize : 367
Solving...
Blb : 2 (clique : 20)
currentSize : 20 <-- 0.003598 s
currentSize : 21 <-- 0.003986 s
currentSize : 22 <-- 0.028874 s
currentSize : 23 <-- 0.507561 s
currentSize : 24 <-- 1.756025 s
currentSize : 25 <-- 11.826711 s
currentSize : 26 <-- 61.233471 s
currentSize : 27 <-- 462.670319 s

TIMEOUT
maxsize : 27
nodes : 168524114.000000
filtered : 959530301.000000
time : 1000.000000
