Parameters: GAD=1 vflib=1 dir=0 label=0 vlabel=1 lowerbound=1 fileNameGp=../../cp2016-max-common-connected-subgraph-paper/datasets/graphsdb/mcs10/m3D/m3Dr4/mcs10_m3Dr4_s60.A07 fileNameGt=../../cp2016-max-common-connected-subgraph-paper/datasets/graphsdb/mcs10/m3D/m3Dr4/mcs10_m3Dr4_s60.B07
Reading graphs...
60 :  155
60 :  156
Initializing...
maxdom : 7
D->valSize : 231
Solving...
Blb : 2 (clique : 18)
currentSize : 18 <-- 0.001722 s
currentSize : 19 <-- 0.002564 s
currentSize : 20 <-- 0.002853 s
currentSize : 21 <-- 0.020396 s
currentSize : 22 <-- 0.026508 s
currentSize : 23 <-- 6.229344 s
currentSize : 24 <-- 12.048948 s

maxsize : 24
nodes : 50429049.000000
filtered : 328322607.000000
time : 228.895142
