Parameters: GAD=1 vflib=1 dir=0 label=0 vlabel=1 lowerbound=1 fileNameGp=../../cp2016-max-common-connected-subgraph-paper/datasets/graphsdb/mcs10/m3D/m3Dr4/mcs10_m3Dr4_s90.A06 fileNameGt=../../cp2016-max-common-connected-subgraph-paper/datasets/graphsdb/mcs10/m3D/m3Dr4/mcs10_m3Dr4_s90.B06
Reading graphs...
90 :  240
90 :  240
Initializing...
maxdom : 10
D->valSize : 525
Solving...
Blb : 2 (clique : 26)
currentSize : 26 <-- 0.006291 s
currentSize : 28 <-- 0.006505 s
currentSize : 29 <-- 0.006658 s
currentSize : 30 <-- 0.006884 s
currentSize : 31 <-- 0.011344 s
currentSize : 32 <-- 0.122542 s
currentSize : 33 <-- 3.728346 s
currentSize : 34 <-- 21.238136 s
currentSize : 35 <-- 30.254116 s

TIMEOUT
maxsize : 35
nodes : 172156450.000000
filtered : 1325452388.000000
time : 1000.000061
