Parameters: GAD=1 vflib=1 dir=0 label=0 vlabel=1 lowerbound=1 fileNameGp=../../cp2016-max-common-connected-subgraph-paper/datasets/graphsdb/mcs10/m2D/m2Dr4/mcs10_m2Dr4_s80.A07 fileNameGt=../../cp2016-max-common-connected-subgraph-paper/datasets/graphsdb/mcs10/m2D/m2Dr4/mcs10_m2Dr4_s80.B07
Reading graphs...
80 :  171
80 :  173
Initializing...
maxdom : 11
D->valSize : 447
Solving...
Blb : 2 (clique : 26)
currentSize : 26 <-- 0.004795 s
currentSize : 27 <-- 0.155147 s
currentSize : 28 <-- 1.029024 s
currentSize : 29 <-- 14.983736 s
currentSize : 30 <-- 14.987216 s
currentSize : 31 <-- 15.440229 s

TIMEOUT
maxsize : 31
nodes : 197994013.000000
filtered : 1377897539.000000
time : 1000.000000
