Parameters: GAD=1 vflib=1 dir=0 label=0 vlabel=1 lowerbound=1 fileNameGp=../../cp2016-max-common-connected-subgraph-paper/datasets/graphsdb/mcs10/rand/r01/mcs10_r01_s100.A02 fileNameGt=../../cp2016-max-common-connected-subgraph-paper/datasets/graphsdb/mcs10/rand/r01/mcs10_r01_s100.B02
Reading graphs...
100 :  945
100 :  934
Initializing...
maxdom : 7
D->valSize : 297
Solving...
Blb : 2 (clique : 13)
currentSize : 13 <-- 0.004438 s
currentSize : 14 <-- 0.005598 s
currentSize : 15 <-- 0.029991 s
currentSize : 16 <-- 0.164513 s
currentSize : 17 <-- 0.704448 s
currentSize : 18 <-- 36.701408 s
currentSize : 19 <-- 115.875404 s

maxsize : 19
nodes : 113986767.000000
filtered : 636326521.000000
time : 694.080322
