Parameters: GAD=1 vflib=1 dir=0 label=0 vlabel=1 lowerbound=1 fileNameGp=../../cp2016-max-common-connected-subgraph-paper/datasets/graphsdb/mcs10/m2D/m2Dr2/mcs10_m2Dr2_s90.A04 fileNameGt=../../cp2016-max-common-connected-subgraph-paper/datasets/graphsdb/mcs10/m2D/m2Dr2/mcs10_m2Dr2_s90.B04
Reading graphs...
90 :  178
90 :  178
Initializing...
maxdom : 9
D->valSize : 560
Solving...
Blb : 2 (clique : 32)
currentSize : 32 <-- 0.006784 s
currentSize : 34 <-- 0.007029 s
currentSize : 35 <-- 0.007228 s
currentSize : 36 <-- 0.008067 s
currentSize : 37 <-- 0.009360 s
currentSize : 38 <-- 8.436931 s
currentSize : 39 <-- 45.000954 s

TIMEOUT
maxsize : 39
nodes : 172150865.000000
filtered : 1421904373.000000
time : 1000.000061
