Parameters: GAD=1 vflib=1 dir=0 label=0 vlabel=1 lowerbound=1 fileNameGp=../../cp2016-max-common-connected-subgraph-paper/datasets/graphsdb/mcs10/rand/r01/mcs10_r01_s100.A08 fileNameGt=../../cp2016-max-common-connected-subgraph-paper/datasets/graphsdb/mcs10/rand/r01/mcs10_r01_s100.B08
Reading graphs...
100 :  941
100 :  949
Initializing...
maxdom : 6
D->valSize : 321
Solving...
Blb : 2 (clique : 12)
currentSize : 12 <-- 0.003128 s
currentSize : 13 <-- 0.003255 s
currentSize : 14 <-- 0.003351 s
currentSize : 15 <-- 0.005546 s
currentSize : 16 <-- 0.391486 s
currentSize : 17 <-- 0.448490 s
currentSize : 18 <-- 12.817468 s

TIMEOUT
maxsize : 18
nodes : 165720567.000000
filtered : 867174891.000000
time : 1000.000000
