Parameters: GAD=1 vflib=1 dir=0 label=0 vlabel=1 lowerbound=1 fileNameGp=../../cp2016-max-common-connected-subgraph-paper/datasets/graphsdb/mcs10/bvg/b03m/mcs10_b03m_s70.A06 fileNameGt=../../cp2016-max-common-connected-subgraph-paper/datasets/graphsdb/mcs10/bvg/b03m/mcs10_b03m_s70.B06
Reading graphs...
70 :  105
70 :  105
Initializing...
maxdom : 11
D->valSize : 317
Solving...
Blb : 2 (clique : 26)
currentSize : 26 <-- 0.002720 s
currentSize : 27 <-- 0.007725 s
currentSize : 28 <-- 0.013277 s
currentSize : 29 <-- 10.080138 s
currentSize : 30 <-- 68.928825 s
currentSize : 31 <-- 341.156036 s

TIMEOUT
maxsize : 31
nodes : 215332890.000000
filtered : 1546610262.000000
time : 1000.000000
