Parameters: GAD=1 vflib=1 dir=0 label=0 vlabel=1 lowerbound=1 fileNameGp=../../cp2016-max-common-connected-subgraph-paper/datasets/graphsdb/mcs10/m2D/m2Dr4/mcs10_m2Dr4_s80.A09 fileNameGt=../../cp2016-max-common-connected-subgraph-paper/datasets/graphsdb/mcs10/m2D/m2Dr4/mcs10_m2Dr4_s80.B09
Reading graphs...
80 :  171
80 :  172
Initializing...
maxdom : 10
D->valSize : 417
Solving...
Blb : 2 (clique : 30)
currentSize : 30 <-- 0.006671 s
currentSize : 31 <-- 1.059355 s
currentSize : 32 <-- 32.661594 s
currentSize : 33 <-- 35.754559 s
currentSize : 34 <-- 227.819977 s
currentSize : 35 <-- 437.862396 s

TIMEOUT
maxsize : 35
nodes : 186775806.000000
filtered : 1284193648.000000
time : 1000.000000
