Parameters: GAD=1 vflib=1 dir=0 label=0 vlabel=1 lowerbound=1 fileNameGp=../../cp2016-max-common-connected-subgraph-paper/datasets/graphsdb/mcs10/m2D/m2Dr6/mcs10_m2Dr6_s80.A04 fileNameGt=../../cp2016-max-common-connected-subgraph-paper/datasets/graphsdb/mcs10/m2D/m2Dr6/mcs10_m2Dr6_s80.B04
Reading graphs...
80 :  188
80 :  189
Initializing...
maxdom : 10
D->valSize : 427
Solving...
Blb : 2 (clique : 25)
currentSize : 25 <-- 0.006956 s
currentSize : 26 <-- 0.007334 s
currentSize : 27 <-- 0.061683 s
currentSize : 28 <-- 0.061822 s
currentSize : 29 <-- 0.099054 s
currentSize : 30 <-- 0.216000 s
currentSize : 31 <-- 0.530562 s
currentSize : 32 <-- 1.080295 s
currentSize : 33 <-- 15.143911 s
currentSize : 34 <-- 341.908234 s

TIMEOUT
maxsize : 34
nodes : 173754292.000000
filtered : 1326644109.000000
time : 1000.000061
