Parameters: GAD=1 vflib=1 dir=0 label=0 vlabel=1 lowerbound=1 fileNameGp=../../cp2016-max-common-connected-subgraph-paper/datasets/graphsdb/mcs10/m3D/m3D/mcs10_m3D_s100.A01 fileNameGt=../../cp2016-max-common-connected-subgraph-paper/datasets/graphsdb/mcs10/m3D/m3D/mcs10_m3D_s100.B01
Reading graphs...
100 :  231
100 :  234
Initializing...
maxdom : 7
D->valSize : 317
Solving...
Blb : 2 (clique : 31)
currentSize : 31 <-- 0.005235 s
currentSize : 32 <-- 0.006598 s
currentSize : 33 <-- 0.034742 s
currentSize : 34 <-- 0.381671 s
currentSize : 35 <-- 1.242878 s
currentSize : 36 <-- 1.245396 s
currentSize : 37 <-- 1.525383 s
currentSize : 38 <-- 782.954773 s

TIMEOUT
maxsize : 38
nodes : 175517704.000000
filtered : 998240288.000000
time : 1000.000061
