Parameters: GAD=1 vflib=1 dir=0 label=0 vlabel=1 lowerbound=1 fileNameGp=../../cp2016-max-common-connected-subgraph-paper/datasets/graphsdb/mcs10/bvg/b03m/mcs10_b03m_s50.A05 fileNameGt=../../cp2016-max-common-connected-subgraph-paper/datasets/graphsdb/mcs10/bvg/b03m/mcs10_b03m_s50.B05
Reading graphs...
50 :  73
50 :  74
Initializing...
maxdom : 9
D->valSize : 334
Solving...
Blb : 2 (clique : 22)
currentSize : 22 <-- 0.004177 s
currentSize : 23 <-- 0.004388 s
currentSize : 24 <-- 0.004753 s
currentSize : 25 <-- 0.010263 s
currentSize : 26 <-- 0.010679 s
currentSize : 27 <-- 0.351911 s
currentSize : 28 <-- 18.136703 s
currentSize : 29 <-- 88.636131 s

maxsize : 29
nodes : 34557581.000000
filtered : 478751480.000000
time : 213.089447
