Parameters: GAD=1 vflib=1 dir=0 label=0 vlabel=1 lowerbound=1 fileNameGp=../../cp2016-max-common-connected-subgraph-paper/datasets/graphsdb/mcs10/bvg/b03m/mcs10_b03m_s70.A08 fileNameGt=../../cp2016-max-common-connected-subgraph-paper/datasets/graphsdb/mcs10/bvg/b03m/mcs10_b03m_s70.B08
Reading graphs...
70 :  104
70 :  105
Initializing...
maxdom : 9
D->valSize : 294
Solving...
Blb : 2 (clique : 26)
currentSize : 26 <-- 0.002456 s
currentSize : 27 <-- 0.002631 s
currentSize : 28 <-- 0.002708 s
currentSize : 29 <-- 5.689697 s
currentSize : 30 <-- 5.694001 s
currentSize : 31 <-- 7.967820 s
currentSize : 32 <-- 14.240730 s

TIMEOUT
maxsize : 32
nodes : 202371241.000000
filtered : 1369935981.000000
time : 1000.000000
