Parameters: GAD=1 vflib=1 dir=0 label=0 vlabel=1 lowerbound=1 fileNameGp=../../cp2016-max-common-connected-subgraph-paper/datasets/graphsdb/mcs10/bvg/b03/mcs10_b03_s80.A02 fileNameGt=../../cp2016-max-common-connected-subgraph-paper/datasets/graphsdb/mcs10/bvg/b03/mcs10_b03_s80.B02
Reading graphs...
80 :  120
80 :  119
Initializing...
maxdom : 7
D->valSize : 388
Solving...
Blb : 2 (clique : 30)
currentSize : 30 <-- 0.003670 s
currentSize : 32 <-- 0.003880 s
currentSize : 33 <-- 0.003951 s
currentSize : 34 <-- 0.007091 s
currentSize : 35 <-- 0.009411 s
currentSize : 36 <-- 1.252587 s
currentSize : 37 <-- 1.524888 s
currentSize : 38 <-- 635.434631 s

TIMEOUT
maxsize : 38
nodes : 199415433.000000
filtered : 1298681404.000000
time : 1000.000061
