Parameters: GAD=1 vflib=1 dir=0 label=0 vlabel=1 lowerbound=1 fileNameGp=../../cp2016-max-common-connected-subgraph-paper/datasets/graphsdb/mcs10/m3D/m3Dr4/mcs10_m3Dr4_s70.A02 fileNameGt=../../cp2016-max-common-connected-subgraph-paper/datasets/graphsdb/mcs10/m3D/m3Dr4/mcs10_m3Dr4_s70.B02
Reading graphs...
70 :  184
70 :  183
Initializing...
maxdom : 7
D->valSize : 311
Solving...
Blb : 2 (clique : 21)
currentSize : 21 <-- 0.004065 s
currentSize : 22 <-- 0.004396 s
currentSize : 23 <-- 0.004945 s
currentSize : 24 <-- 0.005724 s
currentSize : 25 <-- 0.016630 s
currentSize : 26 <-- 8.061983 s
currentSize : 27 <-- 596.861206 s

TIMEOUT
maxsize : 27
nodes : 192610033.000000
filtered : 1642128503.000000
time : 1000.000061
