Parameters: GAD=1 vflib=1 dir=0 label=0 vlabel=1 lowerbound=1 fileNameGp=../../cp2016-max-common-connected-subgraph-paper/datasets/graphsdb/mcs10/m4D/m4Dr2/mcs10_m4Dr2_s100.A00 fileNameGt=../../cp2016-max-common-connected-subgraph-paper/datasets/graphsdb/mcs10/m4D/m4Dr2/mcs10_m4Dr2_s100.B00
Reading graphs...
100 :  177
100 :  178
Initializing...
maxdom : 6
D->valSize : 362
Solving...
Blb : 3 (clique : 36)
currentSize : 36 <-- 0.003992 s
currentSize : 37 <-- 0.004388 s
currentSize : 38 <-- 1.371932 s
currentSize : 39 <-- 13.503210 s
currentSize : 40 <-- 13.568706 s
currentSize : 41 <-- 48.306343 s
currentSize : 42 <-- 125.763458 s
currentSize : 43 <-- 447.070129 s
currentSize : 44 <-- 940.110107 s

TIMEOUT
maxsize : 44
nodes : 156780788.000000
filtered : 735952761.000000
time : 1000.000061
