Parameters: GAD=1 vflib=1 dir=0 label=0 vlabel=1 lowerbound=1 fileNameGp=../../cp2016-max-common-connected-subgraph-paper/datasets/graphsdb/mcs10/m3D/m3Dr4/mcs10_m3Dr4_s60.A04 fileNameGt=../../cp2016-max-common-connected-subgraph-paper/datasets/graphsdb/mcs10/m3D/m3Dr4/mcs10_m3Dr4_s60.B04
Reading graphs...
60 :  156
60 :  157
Initializing...
maxdom : 7
D->valSize : 199
Solving...
Blb : 2 (clique : 15)
currentSize : 15 <-- 0.001815 s
currentSize : 16 <-- 0.002411 s
currentSize : 17 <-- 0.002517 s
currentSize : 18 <-- 0.003420 s
currentSize : 19 <-- 0.736102 s
currentSize : 20 <-- 0.753743 s
currentSize : 21 <-- 9.328782 s
currentSize : 22 <-- 13.625013 s
currentSize : 23 <-- 18.163860 s

maxsize : 23
nodes : 5262862.000000
filtered : 31188651.000000
time : 22.034824
