Parameters: GAD=1 vflib=1 dir=0 label=0 vlabel=1 lowerbound=1 fileNameGp=../../cp2016-max-common-connected-subgraph-paper/datasets/graphsdb/mcs10/m3D/m3Dr6/mcs10_m3Dr6_s60.A01 fileNameGt=../../cp2016-max-common-connected-subgraph-paper/datasets/graphsdb/mcs10/m3D/m3Dr6/mcs10_m3Dr6_s60.B01
Reading graphs...
60 :  166
60 :  160
Initializing...
maxdom : 6
D->valSize : 224
Solving...
Blb : 2 (clique : 17)
currentSize : 17 <-- 0.002636 s
currentSize : 19 <-- 0.002990 s
currentSize : 20 <-- 0.009338 s
currentSize : 21 <-- 0.009407 s
currentSize : 22 <-- 0.009981 s
currentSize : 23 <-- 0.437405 s
currentSize : 24 <-- 3.277672 s

maxsize : 24
nodes : 9737870.000000
filtered : 73737466.000000
time : 45.549644
