Parameters: GAD=1 vflib=1 dir=0 label=0 vlabel=1 lowerbound=1 fileNameGp=../../cp2016-max-common-connected-subgraph-paper/datasets/graphsdb/mcs10/m2D/m2D/mcs10_m2D_s90.A00 fileNameGt=../../cp2016-max-common-connected-subgraph-paper/datasets/graphsdb/mcs10/m2D/m2D/mcs10_m2D_s90.B00
Reading graphs...
90 :  160
90 :  159
Initializing...
maxdom : 9
D->valSize : 529
Solving...
Blb : 2 (clique : 35)
currentSize : 35 <-- 0.010398 s
currentSize : 36 <-- 0.010923 s
currentSize : 37 <-- 1.265406 s
currentSize : 38 <-- 3.971949 s
currentSize : 39 <-- 15.088671 s
currentSize : 40 <-- 456.025574 s

TIMEOUT
maxsize : 40
nodes : 164895320.000000
filtered : 1084927927.000000
time : 1000.000061
