Parameters: GAD=1 vflib=1 dir=0 label=0 vlabel=1 lowerbound=1 fileNameGp=../../cp2016-max-common-connected-subgraph-paper/datasets/graphsdb/mcs10/m2D/m2D/mcs10_m2D_s100.A06 fileNameGt=../../cp2016-max-common-connected-subgraph-paper/datasets/graphsdb/mcs10/m2D/m2D/mcs10_m2D_s100.B06
Reading graphs...
100 :  180
100 :  179
Initializing...
maxdom : 6
D->valSize : 324
Solving...
Blb : 2 (clique : 32)
currentSize : 32 <-- 0.003225 s
currentSize : 33 <-- 0.050587 s
currentSize : 34 <-- 2.463797 s
currentSize : 35 <-- 16.577724 s
currentSize : 36 <-- 32.133011 s
currentSize : 37 <-- 62.717537 s
currentSize : 38 <-- 115.520363 s
currentSize : 39 <-- 372.211243 s

TIMEOUT
maxsize : 39
nodes : 182845824.000000
filtered : 635412951.000000
time : 1000.000061
