Parameters: GAD=1 vflib=1 dir=0 label=0 vlabel=1 lowerbound=1 fileNameGp=../../cp2016-max-common-connected-subgraph-paper/datasets/graphsdb/mcs10/m2D/m2Dr2/mcs10_m2Dr2_s70.A03 fileNameGt=../../cp2016-max-common-connected-subgraph-paper/datasets/graphsdb/mcs10/m2D/m2Dr2/mcs10_m2Dr2_s70.B03
Reading graphs...
70 :  136
70 :  136
Initializing...
maxdom : 8
D->valSize : 329
Solving...
Blb : 2 (clique : 22)
currentSize : 22 <-- 0.002690 s
currentSize : 23 <-- 0.003304 s
currentSize : 24 <-- 0.007181 s
currentSize : 25 <-- 0.019269 s
currentSize : 26 <-- 0.086959 s
currentSize : 27 <-- 1.088848 s
currentSize : 28 <-- 13.846625 s
currentSize : 29 <-- 51.817402 s
currentSize : 30 <-- 361.135834 s

TIMEOUT
maxsize : 30
nodes : 195496098.000000
filtered : 1470263865.000000
time : 1000.000000
