Parameters: GAD=1 vflib=1 dir=0 label=0 vlabel=1 lowerbound=1 fileNameGp=../../cp2016-max-common-connected-subgraph-paper/datasets/graphsdb/mcs10/m2D/m2Dr2/mcs10_m2Dr2_s100.A05 fileNameGt=../../cp2016-max-common-connected-subgraph-paper/datasets/graphsdb/mcs10/m2D/m2Dr2/mcs10_m2Dr2_s100.B05
Reading graphs...
100 :  196
100 :  198
Initializing...
maxdom : 8
D->valSize : 353
Solving...
Blb : 2 (clique : 31)
currentSize : 31 <-- 0.003816 s
currentSize : 32 <-- 0.005288 s
currentSize : 33 <-- 0.025682 s
currentSize : 34 <-- 0.082572 s
currentSize : 35 <-- 1.645203 s
currentSize : 36 <-- 2.460920 s
currentSize : 37 <-- 24.041431 s
currentSize : 38 <-- 89.760338 s
currentSize : 39 <-- 222.302826 s

TIMEOUT
maxsize : 39
nodes : 182263970.000000
filtered : 849206558.000000
time : 1000.000061
