Parameters: GAD=1 vflib=1 dir=0 label=0 vlabel=1 lowerbound=1 fileNameGp=../../cp2016-max-common-connected-subgraph-paper/datasets/graphsdb/mcs10/bvg/b03m/mcs10_b03m_s60.A08 fileNameGt=../../cp2016-max-common-connected-subgraph-paper/datasets/graphsdb/mcs10/bvg/b03m/mcs10_b03m_s60.B08
Reading graphs...
60 :  88
60 :  90
Initializing...
maxdom : 7
D->valSize : 240
Solving...
Blb : 2 (clique : 22)
currentSize : 22 <-- 0.001856 s
currentSize : 23 <-- 0.002331 s
currentSize : 24 <-- 0.040548 s
currentSize : 25 <-- 0.305188 s
currentSize : 26 <-- 0.494881 s
currentSize : 27 <-- 642.188293 s

TIMEOUT
maxsize : 27
nodes : 240421094.000000
filtered : 1502056692.000000
time : 1000.000000
