Parameters: GAD=1 vflib=1 dir=0 label=0 vlabel=1 lowerbound=1 fileNameGp=../../cp2016-max-common-connected-subgraph-paper/datasets/graphsdb/mcs10/m2D/m2Dr6/mcs10_m2Dr6_s50.A01 fileNameGt=../../cp2016-max-common-connected-subgraph-paper/datasets/graphsdb/mcs10/m2D/m2Dr6/mcs10_m2Dr6_s50.B01
Reading graphs...
50 :  111
50 :  109
Initializing...
maxdom : 14
D->valSize : 358
Solving...
Blb : 5 (clique : 19)
currentSize : 19 <-- 0.002871 s
currentSize : 20 <-- 0.007384 s
currentSize : 21 <-- 0.007476 s
currentSize : 22 <-- 0.107912 s
currentSize : 23 <-- 0.355775 s
currentSize : 24 <-- 10.716199 s

maxsize : 24
nodes : 47080163.000000
filtered : 634723465.000000
time : 269.317505
