Parameters: GAD=1 vflib=1 dir=0 label=0 vlabel=1 lowerbound=1 fileNameGp=../../cp2016-max-common-connected-subgraph-paper/datasets/graphsdb/mcs10/m2D/m2Dr4/mcs10_m2Dr4_s100.A01 fileNameGt=../../cp2016-max-common-connected-subgraph-paper/datasets/graphsdb/mcs10/m2D/m2Dr4/mcs10_m2Dr4_s100.B01
Reading graphs...
100 :  217
100 :  217
Initializing...
maxdom : 6
D->valSize : 294
Solving...
Blb : 2 (clique : 28)
currentSize : 28 <-- 0.003456 s
currentSize : 29 <-- 0.003735 s
currentSize : 30 <-- 0.011144 s
currentSize : 31 <-- 0.025378 s
currentSize : 32 <-- 0.159161 s
currentSize : 33 <-- 0.167851 s
currentSize : 34 <-- 0.880801 s
currentSize : 35 <-- 596.168213 s

TIMEOUT
maxsize : 35
nodes : 177912365.000000
filtered : 795984501.000000
time : 1000.000061
