Parameters: GAD=1 vflib=1 dir=0 label=0 vlabel=1 lowerbound=1 fileNameGp=../../cp2016-max-common-connected-subgraph-paper/datasets/graphsdb/mcs10/rand/r005/mcs10_r005_s80.A03 fileNameGt=../../cp2016-max-common-connected-subgraph-paper/datasets/graphsdb/mcs10/rand/r005/mcs10_r005_s80.B03
Reading graphs...
80 :  311
80 :  310
Initializing...
maxdom : 11
D->valSize : 413
Solving...
Blb : 2 (clique : 21)
currentSize : 21 <-- 0.003828 s
currentSize : 22 <-- 0.005169 s
currentSize : 23 <-- 0.005252 s
currentSize : 24 <-- 0.005553 s
currentSize : 25 <-- 2.209766 s
currentSize : 26 <-- 4.503751 s

TIMEOUT
maxsize : 26
nodes : 177128470.000000
filtered : 1575556224.000000
time : 1000.000000
