Parameters: GAD=1 vflib=1 dir=0 label=0 vlabel=1 lowerbound=1 fileNameGp=../../cp2016-max-common-connected-subgraph-paper/datasets/graphsdb/mcs10/bvg/b06m/mcs10_b06m_s100.A00 fileNameGt=../../cp2016-max-common-connected-subgraph-paper/datasets/graphsdb/mcs10/bvg/b06m/mcs10_b06m_s100.B00
Reading graphs...
100 :  293
100 :  294
Initializing...
maxdom : 7
D->valSize : 292
Solving...
Blb : 3 (clique : 25)
currentSize : 25 <-- 0.002814 s
currentSize : 26 <-- 0.024830 s
currentSize : 27 <-- 0.225824 s
currentSize : 28 <-- 0.230287 s
currentSize : 29 <-- 0.483607 s
currentSize : 30 <-- 0.632693 s
currentSize : 31 <-- 3.971857 s
currentSize : 32 <-- 74.411880 s

TIMEOUT
maxsize : 32
nodes : 180982779.000000
filtered : 778650317.000000
time : 1000.000000
