Parameters: GAD=1 vflib=1 dir=0 label=0 vlabel=1 lowerbound=1 fileNameGp=../../cp2016-max-common-connected-subgraph-paper/datasets/graphsdb/mcs10/m2D/m2Dr6/mcs10_m2Dr6_s70.A09 fileNameGt=../../cp2016-max-common-connected-subgraph-paper/datasets/graphsdb/mcs10/m2D/m2Dr6/mcs10_m2Dr6_s70.B09
Reading graphs...
70 :  163
70 :  163
Initializing...
maxdom : 7
D->valSize : 286
Solving...
Blb : 5 (clique : 22)
currentSize : 22 <-- 0.002280 s
currentSize : 23 <-- 0.002552 s
currentSize : 24 <-- 0.003033 s
currentSize : 25 <-- 0.004459 s
currentSize : 26 <-- 0.145852 s
currentSize : 27 <-- 0.504326 s
currentSize : 28 <-- 47.704376 s
currentSize : 29 <-- 90.636032 s

TIMEOUT
maxsize : 29
nodes : 197831165.000000
filtered : 1504912175.000000
time : 1000.000000
