Parameters: GAD=1 vflib=1 dir=0 label=0 vlabel=1 lowerbound=1 fileNameGp=../../cp2016-max-common-connected-subgraph-paper/datasets/graphsdb/mcs10/m3D/m3Dr6/mcs10_m3Dr6_s80.A09 fileNameGt=../../cp2016-max-common-connected-subgraph-paper/datasets/graphsdb/mcs10/m3D/m3Dr6/mcs10_m3Dr6_s80.B09
Reading graphs...
80 :  228
80 :  224
Initializing...
maxdom : 9
D->valSize : 417
Solving...
Blb : 2 (clique : 24)
currentSize : 24 <-- 0.004095 s
currentSize : 26 <-- 0.059788 s
currentSize : 27 <-- 0.389816 s
currentSize : 28 <-- 2.303761 s
currentSize : 29 <-- 22.454975 s
currentSize : 30 <-- 85.620499 s
currentSize : 31 <-- 441.210388 s

TIMEOUT
maxsize : 31
nodes : 176067811.000000
filtered : 1380466819.000000
time : 1000.000061
