Parameters: GAD=1 vflib=1 dir=0 label=0 vlabel=1 lowerbound=1 fileNameGp=../../cp2016-max-common-connected-subgraph-paper/datasets/graphsdb/mcs10/rand/r005/mcs10_r005_s70.A07 fileNameGt=../../cp2016-max-common-connected-subgraph-paper/datasets/graphsdb/mcs10/rand/r005/mcs10_r005_s70.B07
Reading graphs...
70 :  240
70 :  238
Initializing...
maxdom : 7
D->valSize : 300
Solving...
Blb : 2 (clique : 18)
currentSize : 18 <-- 0.003834 s
currentSize : 19 <-- 0.004429 s
currentSize : 20 <-- 0.009681 s
currentSize : 21 <-- 0.056030 s
currentSize : 22 <-- 1.438059 s
currentSize : 23 <-- 6.357827 s
currentSize : 24 <-- 183.715149 s
currentSize : 25 <-- 533.492249 s

TIMEOUT
maxsize : 25
nodes : 188732368.000000
filtered : 1526428155.000000
time : 1000.000000
