Parameters: GAD=1 vflib=1 dir=0 label=0 vlabel=1 lowerbound=1 fileNameGp=../../cp2016-max-common-connected-subgraph-paper/datasets/graphsdb/mcs10/bvg/b06m/mcs10_b06m_s80.A07 fileNameGt=../../cp2016-max-common-connected-subgraph-paper/datasets/graphsdb/mcs10/bvg/b06m/mcs10_b06m_s80.B07
Reading graphs...
80 :  238
80 :  234
Initializing...
maxdom : 9
D->valSize : 425
Solving...
Blb : 2 (clique : 24)
currentSize : 24 <-- 0.004082 s
currentSize : 25 <-- 0.004313 s
currentSize : 26 <-- 0.006107 s
currentSize : 27 <-- 0.014776 s
currentSize : 28 <-- 0.028289 s
currentSize : 29 <-- 0.251300 s

TIMEOUT
maxsize : 29
nodes : 184893790.000000
filtered : 1419457858.000000
time : 1000.000122
