Parameters: GAD=1 vflib=1 dir=0 label=0 vlabel=1 lowerbound=1 fileNameGp=../../cp2016-max-common-connected-subgraph-paper/datasets/graphsdb/mcs10/rand/r005/mcs10_r005_s100.A03 fileNameGt=../../cp2016-max-common-connected-subgraph-paper/datasets/graphsdb/mcs10/rand/r005/mcs10_r005_s100.B03
Reading graphs...
100 :  486
100 :  483
Initializing...
maxdom : 7
D->valSize : 321
Solving...
Blb : 2 (clique : 21)
currentSize : 21 <-- 0.004038 s
currentSize : 22 <-- 0.007146 s
currentSize : 23 <-- 0.010921 s
currentSize : 24 <-- 0.138411 s
currentSize : 25 <-- 0.149488 s
currentSize : 26 <-- 7.717351 s
currentSize : 27 <-- 888.509521 s

TIMEOUT
maxsize : 27
nodes : 163311817.000000
filtered : 954036630.000000
time : 1000.000061
