Parameters: GAD=1 vflib=1 dir=0 label=0 vlabel=1 lowerbound=1 fileNameGp=../../cp2016-max-common-connected-subgraph-paper/datasets/graphsdb/mcs10/bvg/b03m/mcs10_b03m_s70.A03 fileNameGt=../../cp2016-max-common-connected-subgraph-paper/datasets/graphsdb/mcs10/bvg/b03m/mcs10_b03m_s70.B03
Reading graphs...
70 :  105
70 :  104
Initializing...
maxdom : 7
D->valSize : 315
Solving...
Blb : 2 (clique : 28)
currentSize : 28 <-- 0.002556 s
currentSize : 29 <-- 0.002758 s
currentSize : 30 <-- 0.002903 s
currentSize : 31 <-- 0.003007 s
currentSize : 32 <-- 0.003231 s
currentSize : 33 <-- 0.003476 s
currentSize : 34 <-- 0.652178 s
currentSize : 35 <-- 7.128079 s
currentSize : 36 <-- 586.739929 s

TIMEOUT
maxsize : 36
nodes : 201184775.000000
filtered : 1513626082.000000
time : 1000.000061
