Parameters: GAD=1 vflib=1 dir=0 label=0 vlabel=1 lowerbound=1 fileNameGp=../../cp2016-max-common-connected-subgraph-paper/datasets/graphsdb/mcs10/m2D/m2D/mcs10_m2D_s100.A07 fileNameGt=../../cp2016-max-common-connected-subgraph-paper/datasets/graphsdb/mcs10/m2D/m2D/mcs10_m2D_s100.B07
Reading graphs...
100 :  179
100 :  177
Initializing...
maxdom : 8
D->valSize : 358
Solving...
Blb : 2 (clique : 32)
currentSize : 32 <-- 0.003749 s
currentSize : 33 <-- 0.004040 s
currentSize : 34 <-- 0.004849 s
currentSize : 35 <-- 0.029232 s
currentSize : 36 <-- 0.029444 s
currentSize : 37 <-- 16.031372 s
currentSize : 38 <-- 29.268780 s
currentSize : 39 <-- 156.209534 s
currentSize : 40 <-- 172.954880 s

TIMEOUT
maxsize : 40
nodes : 178782620.000000
filtered : 882251340.000000
time : 1000.000061
