Parameters: GAD=1 vflib=1 dir=0 label=0 vlabel=1 lowerbound=1 fileNameGp=../../cp2016-max-common-connected-subgraph-paper/datasets/graphsdb/mcs10/m3D/m3Dr6/mcs10_m3Dr6_s60.A00 fileNameGt=../../cp2016-max-common-connected-subgraph-paper/datasets/graphsdb/mcs10/m3D/m3Dr6/mcs10_m3Dr6_s60.B00
Reading graphs...
60 :  168
60 :  165
Initializing...
maxdom : 10
D->valSize : 261
Solving...
Blb : 2 (clique : 17)
currentSize : 17 <-- 0.001930 s
currentSize : 18 <-- 0.002054 s
currentSize : 19 <-- 0.002168 s
currentSize : 20 <-- 0.011680 s
currentSize : 21 <-- 0.022021 s
currentSize : 22 <-- 0.218168 s
currentSize : 23 <-- 0.899631 s
currentSize : 24 <-- 79.424461 s

maxsize : 24
nodes : 26932219.000000
filtered : 216489368.000000
time : 132.223633
