Parameters: GAD=1 vflib=1 dir=0 label=0 vlabel=1 lowerbound=1 fileNameGp=../../cp2016-max-common-connected-subgraph-paper/datasets/graphsdb/mcs10/bvg/b03/mcs10_b03_s80.A00 fileNameGt=../../cp2016-max-common-connected-subgraph-paper/datasets/graphsdb/mcs10/bvg/b03/mcs10_b03_s80.B00
Reading graphs...
80 :  120
80 :  120
Initializing...
maxdom : 10
D->valSize : 394
Solving...
Blb : 2 (clique : 31)
currentSize : 31 <-- 0.003843 s
currentSize : 32 <-- 0.004087 s
currentSize : 34 <-- 0.005026 s
currentSize : 35 <-- 0.857569 s
currentSize : 36 <-- 98.491737 s
currentSize : 37 <-- 628.569336 s

TIMEOUT
maxsize : 37
nodes : 185805094.000000
filtered : 1320556446.000000
time : 1000.000061
