Parameters: GAD=1 vflib=1 dir=0 label=0 vlabel=1 lowerbound=1 fileNameGp=../../cp2016-max-common-connected-subgraph-paper/datasets/graphsdb/mcs10/rand/r005/mcs10_r005_s70.A00 fileNameGt=../../cp2016-max-common-connected-subgraph-paper/datasets/graphsdb/mcs10/rand/r005/mcs10_r005_s70.B00
Reading graphs...
70 :  240
70 :  241
Initializing...
maxdom : 7
D->valSize : 312
Solving...
Blb : 2 (clique : 18)
currentSize : 18 <-- 0.002537 s
currentSize : 19 <-- 0.003603 s
currentSize : 20 <-- 0.005601 s
currentSize : 21 <-- 0.009919 s
currentSize : 22 <-- 0.362070 s
currentSize : 23 <-- 0.843188 s
currentSize : 24 <-- 3.055111 s
currentSize : 25 <-- 17.108557 s
currentSize : 26 <-- 441.958252 s

TIMEOUT
maxsize : 26
nodes : 190971258.000000
filtered : 1529318759.000000
time : 1000.000000
