Parameters: GAD=1 vflib=1 dir=0 label=0 vlabel=1 lowerbound=1 fileNameGp=../../cp2016-max-common-connected-subgraph-paper/datasets/graphsdb/mcs10/m2D/m2Dr4/mcs10_m2Dr4_s80.A03 fileNameGt=../../cp2016-max-common-connected-subgraph-paper/datasets/graphsdb/mcs10/m2D/m2Dr4/mcs10_m2Dr4_s80.B03
Reading graphs...
80 :  171
80 :  172
Initializing...
maxdom : 10
D->valSize : 430
Solving...
Blb : 2 (clique : 25)
currentSize : 25 <-- 0.004339 s
currentSize : 26 <-- 0.004546 s
currentSize : 27 <-- 0.056252 s
currentSize : 28 <-- 0.102694 s
currentSize : 29 <-- 0.329022 s
currentSize : 30 <-- 0.539364 s
currentSize : 31 <-- 1.239955 s
currentSize : 32 <-- 3.569381 s
currentSize : 33 <-- 14.871195 s

TIMEOUT
maxsize : 33
nodes : 181382937.000000
filtered : 1373249109.000000
time : 1000.000061
