Parameters: GAD=1 vflib=1 dir=0 label=0 vlabel=1 lowerbound=1 fileNameGp=../../cp2016-max-common-connected-subgraph-paper/datasets/graphsdb/mcs10/m3D/m3Dr6/mcs10_m3Dr6_s90.A00 fileNameGt=../../cp2016-max-common-connected-subgraph-paper/datasets/graphsdb/mcs10/m3D/m3Dr6/mcs10_m3Dr6_s90.B00
Reading graphs...
90 :  258
90 :  259
Initializing...
maxdom : 9
D->valSize : 508
Solving...
Blb : 2 (clique : 27)
currentSize : 27 <-- 0.008818 s
currentSize : 28 <-- 0.011141 s
currentSize : 29 <-- 0.311559 s
currentSize : 30 <-- 0.944667 s
currentSize : 31 <-- 69.829742 s
currentSize : 32 <-- 127.085983 s
currentSize : 33 <-- 129.140427 s

TIMEOUT
maxsize : 33
nodes : 174883321.000000
filtered : 1287563397.000000
time : 1000.000061
