Parameters: GAD=1 vflib=1 dir=0 label=0 vlabel=1 lowerbound=1 fileNameGp=../../cp2016-max-common-connected-subgraph-paper/datasets/graphsdb/mcs10/bvg/b06/mcs10_b06_s80.A02 fileNameGt=../../cp2016-max-common-connected-subgraph-paper/datasets/graphsdb/mcs10/bvg/b06/mcs10_b06_s80.B02
Reading graphs...
80 :  235
80 :  234
Initializing...
maxdom : 9
D->valSize : 372
Solving...
Blb : 2 (clique : 21)
currentSize : 21 <-- 0.003290 s
currentSize : 22 <-- 0.003507 s
currentSize : 23 <-- 0.003699 s
currentSize : 24 <-- 0.004302 s
currentSize : 25 <-- 0.005394 s
currentSize : 26 <-- 0.007861 s
currentSize : 27 <-- 0.343098 s
currentSize : 28 <-- 22.965626 s

TIMEOUT
maxsize : 28
nodes : 180844507.000000
filtered : 1594680678.000000
time : 1000.000000
