Parameters: GAD=1 vflib=1 dir=0 label=0 vlabel=1 lowerbound=1 fileNameGp=../../cp2016-max-common-connected-subgraph-paper/datasets/graphsdb/mcs10/bvg/b03m/mcs10_b03m_s80.A04 fileNameGt=../../cp2016-max-common-connected-subgraph-paper/datasets/graphsdb/mcs10/bvg/b03m/mcs10_b03m_s80.B04
Reading graphs...
80 :  120
80 :  120
Initializing...
maxdom : 10
D->valSize : 439
Solving...
Blb : 2 (clique : 30)
currentSize : 30 <-- 0.004381 s
currentSize : 31 <-- 0.004619 s
currentSize : 32 <-- 0.004802 s
currentSize : 33 <-- 0.199813 s
currentSize : 34 <-- 0.201548 s
currentSize : 35 <-- 0.203842 s
currentSize : 36 <-- 0.295695 s
currentSize : 37 <-- 0.647778 s
currentSize : 38 <-- 210.778473 s

TIMEOUT
maxsize : 38
nodes : 182926280.000000
filtered : 1318330051.000000
time : 1000.000061
