Parameters: GAD=1 vflib=1 dir=0 label=0 vlabel=1 lowerbound=1 fileNameGp=../../cp2016-max-common-connected-subgraph-paper/datasets/graphsdb/mcs10/bvg/b03/mcs10_b03_s100.A04 fileNameGt=../../cp2016-max-common-connected-subgraph-paper/datasets/graphsdb/mcs10/bvg/b03/mcs10_b03_s100.B04
Reading graphs...
100 :  150
100 :  150
Initializing...
maxdom : 7
D->valSize : 351
Solving...
Blb : 2 (clique : 38)
currentSize : 38 <-- 0.003732 s
currentSize : 39 <-- 0.004237 s
currentSize : 40 <-- 0.011980 s
currentSize : 41 <-- 0.115263 s
currentSize : 42 <-- 2.406461 s
currentSize : 43 <-- 7.102153 s

TIMEOUT
maxsize : 43
nodes : 194755383.000000
filtered : 737103072.000000
time : 1000.000061
