Parameters: GAD=1 vflib=1 dir=0 label=0 vlabel=1 lowerbound=1 fileNameGp=../../cp2016-max-common-connected-subgraph-paper/datasets/graphsdb/mcs10/m3D/m3Dr6/mcs10_m3Dr6_s80.A00 fileNameGt=../../cp2016-max-common-connected-subgraph-paper/datasets/graphsdb/mcs10/m3D/m3Dr6/mcs10_m3Dr6_s80.B00
Reading graphs...
80 :  227
80 :  226
Initializing...
maxdom : 8
D->valSize : 402
Solving...
Blb : 2 (clique : 23)
currentSize : 23 <-- 0.003694 s
currentSize : 24 <-- 0.003888 s
currentSize : 25 <-- 0.005878 s
currentSize : 26 <-- 1.047904 s
currentSize : 27 <-- 27.526104 s
currentSize : 28 <-- 490.347961 s

TIMEOUT
maxsize : 28
nodes : 192674519.000000
filtered : 1392014347.000000
time : 1000.000000
