Parameters: GAD=1 vflib=1 dir=0 label=0 vlabel=1 lowerbound=1 fileNameGp=../../cp2016-max-common-connected-subgraph-paper/datasets/graphsdb/mcs10/bvg/b03/mcs10_b03_s100.A06 fileNameGt=../../cp2016-max-common-connected-subgraph-paper/datasets/graphsdb/mcs10/bvg/b03/mcs10_b03_s100.B06
Reading graphs...
100 :  149
100 :  150
Initializing...
maxdom : 8
D->valSize : 313
Solving...
Blb : 2 (clique : 32)
currentSize : 32 <-- 0.003079 s
currentSize : 33 <-- 0.281056 s
currentSize : 34 <-- 0.453547 s
currentSize : 35 <-- 0.679936 s
currentSize : 36 <-- 0.829338 s
currentSize : 37 <-- 2.042176 s
currentSize : 38 <-- 56.912983 s
currentSize : 39 <-- 71.293221 s
currentSize : 40 <-- 112.272568 s
currentSize : 41 <-- 114.915955 s
currentSize : 42 <-- 168.243103 s

TIMEOUT
maxsize : 42
nodes : 155649463.000000
filtered : 1125578560.000000
time : 1000.000122
