Parameters: GAD=1 vflib=1 dir=0 label=0 vlabel=1 lowerbound=1 fileNameGp=../../cp2016-max-common-connected-subgraph-paper/datasets/graphsdb/mcs10/bvg/b03/mcs10_b03_s50.A09 fileNameGt=../../cp2016-max-common-connected-subgraph-paper/datasets/graphsdb/mcs10/bvg/b03/mcs10_b03_s50.B09
Reading graphs...
50 :  75
50 :  74
Initializing...
maxdom : 9
D->valSize : 330
Solving...
Blb : 2 (clique : 23)
currentSize : 23 <-- 0.004125 s
currentSize : 24 <-- 0.004982 s
currentSize : 25 <-- 0.007141 s
currentSize : 26 <-- 0.008712 s
currentSize : 27 <-- 0.567428 s
currentSize : 28 <-- 21.644669 s

maxsize : 28
nodes : 99048680.000000
filtered : 1186159066.000000
time : 527.515564
