Parameters: GAD=1 vflib=1 dir=0 label=0 vlabel=1 lowerbound=1 fileNameGp=../../cp2016-max-common-connected-subgraph-paper/datasets/graphsdb/mcs10/m3D/m3Dr2/mcs10_m3Dr2_s70.A03 fileNameGt=../../cp2016-max-common-connected-subgraph-paper/datasets/graphsdb/mcs10/m3D/m3Dr2/mcs10_m3Dr2_s70.B03
Reading graphs...
70 :  170
70 :  169
Initializing...
maxdom : 7
D->valSize : 311
Solving...
Blb : 2 (clique : 21)
currentSize : 21 <-- 0.004149 s
currentSize : 22 <-- 0.004446 s
currentSize : 23 <-- 0.017996 s
currentSize : 24 <-- 0.030380 s
currentSize : 25 <-- 0.149901 s
currentSize : 26 <-- 24.768896 s
currentSize : 27 <-- 73.972946 s

TIMEOUT
maxsize : 27
nodes : 201642292.000000
filtered : 1448367552.000000
time : 1000.000061
