Parameters: GAD=1 vflib=1 dir=0 label=0 vlabel=1 lowerbound=1 fileNameGp=../../cp2016-max-common-connected-subgraph-paper/datasets/graphsdb/mcs10/bvg/b03m/mcs10_b03m_s60.A02 fileNameGt=../../cp2016-max-common-connected-subgraph-paper/datasets/graphsdb/mcs10/bvg/b03m/mcs10_b03m_s60.B02
Reading graphs...
60 :  89
60 :  88
Initializing...
maxdom : 7
D->valSize : 222
Solving...
Blb : 3 (clique : 22)
currentSize : 22 <-- 0.001703 s
currentSize : 23 <-- 0.002511 s
currentSize : 24 <-- 0.029553 s
currentSize : 25 <-- 0.519208 s
currentSize : 26 <-- 22.747984 s
currentSize : 27 <-- 44.330059 s
currentSize : 28 <-- 46.381287 s

maxsize : 28
nodes : 22101616.000000
filtered : 119910249.000000
time : 93.593445
