Parameters: GAD=1 vflib=1 dir=0 label=0 vlabel=1 lowerbound=1 fileNameGp=../../cp2016-max-common-connected-subgraph-paper/datasets/graphsdb/mcs10/rand/r02/mcs10_r02_s90.A08 fileNameGt=../../cp2016-max-common-connected-subgraph-paper/datasets/graphsdb/mcs10/rand/r02/mcs10_r02_s90.B08
Reading graphs...
90 :  1438
90 :  1448
Initializing...
maxdom : 10
D->valSize : 465
Solving...
Blb : 2 (clique : 10)
currentSize : 10 <-- 0.007332 s
currentSize : 11 <-- 0.008723 s
currentSize : 12 <-- 0.036541 s
currentSize : 13 <-- 0.055258 s
currentSize : 14 <-- 10.263372 s

maxsize : 14
nodes : 57895535.000000
filtered : 347346618.000000
time : 337.714325
