Parameters: GAD=1 vflib=1 dir=0 label=0 vlabel=1 lowerbound=1 fileNameGp=../../cp2016-max-common-connected-subgraph-paper/datasets/graphsdb/mcs10/m2D/m2Dr6/mcs10_m2Dr6_s70.A00 fileNameGt=../../cp2016-max-common-connected-subgraph-paper/datasets/graphsdb/mcs10/m2D/m2Dr6/mcs10_m2Dr6_s70.B00
Reading graphs...
70 :  162
70 :  164
Initializing...
maxdom : 10
D->valSize : 303
Solving...
Blb : 2 (clique : 22)
currentSize : 22 <-- 0.002488 s
currentSize : 23 <-- 0.017169 s
currentSize : 24 <-- 0.083944 s
currentSize : 25 <-- 0.747336 s
currentSize : 26 <-- 1.112548 s
currentSize : 27 <-- 15.792048 s

TIMEOUT
maxsize : 27
nodes : 202040929.000000
filtered : 1296561480.000000
time : 1000.000061
