Parameters: GAD=1 vflib=1 dir=0 label=0 vlabel=1 lowerbound=1 fileNameGp=../../cp2016-max-common-connected-subgraph-paper/datasets/graphsdb/mcs10/m2D/m2Dr6/mcs10_m2Dr6_s60.A08 fileNameGt=../../cp2016-max-common-connected-subgraph-paper/datasets/graphsdb/mcs10/m2D/m2Dr6/mcs10_m2Dr6_s60.B08
Reading graphs...
60 :  138
60 :  135
Initializing...
maxdom : 6
D->valSize : 224
Solving...
Blb : 5 (clique : 19)
currentSize : 19 <-- 0.001557 s
currentSize : 20 <-- 0.001797 s
currentSize : 21 <-- 0.002309 s
currentSize : 22 <-- 0.007259 s
currentSize : 23 <-- 0.049160 s
currentSize : 24 <-- 0.314173 s
currentSize : 25 <-- 3.371993 s
currentSize : 26 <-- 3.577747 s

maxsize : 26
nodes : 17368074.000000
filtered : 138162407.000000
time : 81.693481
