Parameters: GAD=1 vflib=1 dir=0 label=0 vlabel=1 lowerbound=1 fileNameGp=../../cp2016-max-common-connected-subgraph-paper/datasets/graphsdb/mcs10/rand/r005/mcs10_r005_s60.A02 fileNameGt=../../cp2016-max-common-connected-subgraph-paper/datasets/graphsdb/mcs10/rand/r005/mcs10_r005_s60.B02
Reading graphs...
60 :  177
60 :  179
Initializing...
maxdom : 7
D->valSize : 246
Solving...
Blb : 2 (clique : 19)
currentSize : 19 <-- 0.002851 s
currentSize : 20 <-- 0.006103 s
currentSize : 21 <-- 0.028479 s
currentSize : 22 <-- 0.145102 s
currentSize : 23 <-- 23.931545 s

maxsize : 23
nodes : 26773721.000000
filtered : 224050544.000000
time : 134.446625
