Parameters: GAD=1 vflib=1 dir=0 label=0 vlabel=1 lowerbound=1 fileNameGp=../../cp2016-max-common-connected-subgraph-paper/datasets/graphsdb/mcs10/rand/r01/mcs10_r01_s100.A07 fileNameGt=../../cp2016-max-common-connected-subgraph-paper/datasets/graphsdb/mcs10/rand/r01/mcs10_r01_s100.B07
Reading graphs...
100 :  952
100 :  929
Initializing...
maxdom : 8
D->valSize : 319
Solving...
Blb : 2 (clique : 13)
currentSize : 13 <-- 0.004918 s
currentSize : 14 <-- 0.005218 s
currentSize : 15 <-- 0.006722 s
currentSize : 16 <-- 0.010801 s
currentSize : 17 <-- 0.011442 s
currentSize : 18 <-- 2.866332 s
currentSize : 19 <-- 95.513771 s
currentSize : 20 <-- 479.161591 s

TIMEOUT
maxsize : 20
nodes : 160941469.000000
filtered : 950201066.000000
time : 1000.000061
