Parameters: GAD=1 vflib=1 dir=0 label=0 vlabel=1 lowerbound=1 fileNameGp=../../cp2016-max-common-connected-subgraph-paper/datasets/graphsdb/mcs10/rand/r01/mcs10_r01_s100.A03 fileNameGt=../../cp2016-max-common-connected-subgraph-paper/datasets/graphsdb/mcs10/rand/r01/mcs10_r01_s100.B03
Reading graphs...
100 :  949
100 :  942
Initializing...
maxdom : 8
D->valSize : 303
Solving...
Blb : 2 (clique : 13)
currentSize : 13 <-- 0.002817 s
currentSize : 14 <-- 0.003154 s
currentSize : 15 <-- 0.004317 s
currentSize : 16 <-- 0.261276 s
currentSize : 17 <-- 0.276175 s
currentSize : 18 <-- 3.729715 s
currentSize : 19 <-- 58.656013 s

maxsize : 19
nodes : 78305471.000000
filtered : 458308087.000000
time : 479.626831
