Parameters: GAD=1 vflib=1 dir=0 label=0 vlabel=1 lowerbound=1 fileNameGp=../../cp2016-max-common-connected-subgraph-paper/datasets/graphsdb/mcs10/m3D/m3D/mcs10_m3D_s100.A08 fileNameGt=../../cp2016-max-common-connected-subgraph-paper/datasets/graphsdb/mcs10/m3D/m3D/mcs10_m3D_s100.B08
Reading graphs...
100 :  234
100 :  234
Initializing...
maxdom : 7
D->valSize : 307
Solving...
Blb : 2 (clique : 29)
currentSize : 29 <-- 0.003198 s
currentSize : 30 <-- 0.003503 s
currentSize : 31 <-- 0.003973 s
currentSize : 32 <-- 0.012929 s
currentSize : 33 <-- 0.026182 s
currentSize : 34 <-- 0.308240 s
currentSize : 35 <-- 50.745064 s

TIMEOUT
maxsize : 35
nodes : 182067841.000000
filtered : 908474348.000000
time : 1000.000061
