Parameters: GAD=1 vflib=1 dir=0 label=0 vlabel=1 lowerbound=1 fileNameGp=../../cp2016-max-common-connected-subgraph-paper/datasets/graphsdb/mcs10/rand/r005/mcs10_r005_s60.A06 fileNameGt=../../cp2016-max-common-connected-subgraph-paper/datasets/graphsdb/mcs10/rand/r005/mcs10_r005_s60.B06
Reading graphs...
60 :  175
60 :  177
Initializing...
maxdom : 6
D->valSize : 236
Solving...
Blb : 2 (clique : 17)
currentSize : 17 <-- 0.001640 s
currentSize : 18 <-- 0.010104 s
currentSize : 19 <-- 0.016577 s
currentSize : 20 <-- 0.155528 s
currentSize : 21 <-- 0.155584 s
currentSize : 22 <-- 0.336896 s
currentSize : 23 <-- 4.253411 s

maxsize : 23
nodes : 13521729.000000
filtered : 96155785.000000
time : 63.679897
