Parameters: GAD=1 vflib=1 dir=0 label=0 vlabel=1 lowerbound=1 fileNameGp=../../cp2016-max-common-connected-subgraph-paper/datasets/graphsdb/mcs10/m4D/m4Dr6/mcs10_m4Dr6_s100.A04 fileNameGt=../../cp2016-max-common-connected-subgraph-paper/datasets/graphsdb/mcs10/m4D/m4Dr6/mcs10_m4Dr6_s100.B04
Reading graphs...
100 :  218
100 :  217
Initializing...
maxdom : 7
D->valSize : 308
Solving...
Blb : 2 (clique : 30)
currentSize : 30 <-- 0.003203 s
currentSize : 31 <-- 0.007451 s
currentSize : 32 <-- 0.404143 s
currentSize : 33 <-- 0.616370 s
currentSize : 34 <-- 1.829426 s
currentSize : 35 <-- 2.121233 s
currentSize : 36 <-- 7.459823 s
currentSize : 37 <-- 105.910118 s
currentSize : 38 <-- 105.977371 s

TIMEOUT
maxsize : 38
nodes : 179230315.000000
filtered : 933416018.000000
time : 1000.000061
