Parameters: GAD=1 vflib=1 dir=0 label=0 vlabel=1 lowerbound=1 fileNameGp=../../cp2016-max-common-connected-subgraph-paper/datasets/graphsdb/mcs10/bvg/b06m/mcs10_b06m_s80.A06 fileNameGt=../../cp2016-max-common-connected-subgraph-paper/datasets/graphsdb/mcs10/bvg/b06m/mcs10_b06m_s80.B06
Reading graphs...
80 :  232
80 :  234
Initializing...
maxdom : 8
D->valSize : 413
Solving...
Blb : 2 (clique : 25)
currentSize : 25 <-- 0.003917 s
currentSize : 26 <-- 0.004142 s
currentSize : 27 <-- 0.004810 s
currentSize : 28 <-- 0.029712 s
currentSize : 29 <-- 0.031193 s
currentSize : 30 <-- 32.283981 s

TIMEOUT
maxsize : 30
nodes : 174286660.000000
filtered : 1511329901.000000
time : 1000.000000
