Parameters: GAD=1 vflib=1 dir=0 label=0 vlabel=1 lowerbound=1 fileNameGp=../../cp2016-max-common-connected-subgraph-paper/datasets/graphsdb/mcs10/m4D/m4Dr4/mcs10_m4Dr4_s100.A04 fileNameGt=../../cp2016-max-common-connected-subgraph-paper/datasets/graphsdb/mcs10/m4D/m4Dr4/mcs10_m4Dr4_s100.B04
Reading graphs...
100 :  197
100 :  195
Initializing...
maxdom : 7
D->valSize : 294
Solving...
Blb : 2 (clique : 32)
currentSize : 32 <-- 0.002918 s
currentSize : 33 <-- 0.003192 s
currentSize : 34 <-- 0.003691 s
currentSize : 35 <-- 0.065028 s
currentSize : 36 <-- 3.060010 s
currentSize : 37 <-- 340.556152 s

TIMEOUT
maxsize : 37
nodes : 201124434.000000
filtered : 714099330.000000
time : 1000.000061
