Parameters: GAD=1 vflib=1 dir=0 label=0 vlabel=1 lowerbound=1 fileNameGp=../../cp2016-max-common-connected-subgraph-paper/datasets/graphsdb/mcs10/m4D/m4Dr6/mcs10_m4Dr6_s100.A06 fileNameGt=../../cp2016-max-common-connected-subgraph-paper/datasets/graphsdb/mcs10/m4D/m4Dr6/mcs10_m4Dr6_s100.B06
Reading graphs...
100 :  214
100 :  216
Initializing...
maxdom : 7
D->valSize : 318
Solving...
Blb : 2 (clique : 30)
currentSize : 30 <-- 0.003564 s
currentSize : 31 <-- 0.010706 s
currentSize : 32 <-- 0.012561 s
currentSize : 33 <-- 0.013755 s
currentSize : 34 <-- 0.496907 s
currentSize : 35 <-- 1.332189 s
currentSize : 36 <-- 34.163174 s
currentSize : 37 <-- 492.630157 s
currentSize : 38 <-- 677.434631 s

TIMEOUT
maxsize : 38
nodes : 170446278.000000
filtered : 773533355.000000
time : 1000.000061
