Parameters: GAD=1 vflib=1 dir=0 label=0 vlabel=1 lowerbound=1 fileNameGp=../../cp2016-max-common-connected-subgraph-paper/datasets/graphsdb/mcs10/bvg/b06/mcs10_b06_s70.A07 fileNameGt=../../cp2016-max-common-connected-subgraph-paper/datasets/graphsdb/mcs10/bvg/b06/mcs10_b06_s70.B07
Reading graphs...
70 :  207
70 :  206
Initializing...
maxdom : 8
D->valSize : 298
Solving...
Blb : 2 (clique : 20)
currentSize : 20 <-- 0.002425 s
currentSize : 21 <-- 0.002750 s
currentSize : 22 <-- 0.003196 s
currentSize : 23 <-- 0.041609 s
currentSize : 24 <-- 0.086266 s
currentSize : 25 <-- 0.154125 s
currentSize : 26 <-- 16.601503 s
currentSize : 27 <-- 667.191895 s

TIMEOUT
maxsize : 27
nodes : 197424150.000000
filtered : 1455082721.000000
time : 1000.000061
