Parameters: GAD=1 vflib=1 dir=0 label=0 vlabel=1 lowerbound=1 fileNameGp=../../cp2016-max-common-connected-subgraph-paper/datasets/graphsdb/mcs10/rand/r01/mcs10_r01_s90.A06 fileNameGt=../../cp2016-max-common-connected-subgraph-paper/datasets/graphsdb/mcs10/rand/r01/mcs10_r01_s90.B06
Reading graphs...
90 :  760
90 :  748
Initializing...
maxdom : 12
D->valSize : 532
Solving...
Blb : 2 (clique : 14)
currentSize : 14 <-- 0.009184 s
currentSize : 15 <-- 0.010902 s
currentSize : 16 <-- 0.026599 s
currentSize : 17 <-- 0.559774 s
currentSize : 18 <-- 6.965907 s
currentSize : 19 <-- 44.520584 s

TIMEOUT
maxsize : 19
nodes : 167863964.000000
filtered : 1244942817.000000
time : 1000.000061
