Parameters: GAD=1 vflib=1 dir=0 label=0 vlabel=1 lowerbound=1 fileNameGp=../../cp2016-max-common-connected-subgraph-paper/datasets/graphsdb/mcs10/bvg/b06m/mcs10_b06m_s80.A05 fileNameGt=../../cp2016-max-common-connected-subgraph-paper/datasets/graphsdb/mcs10/bvg/b06m/mcs10_b06m_s80.B05
Reading graphs...
80 :  235
80 :  235
Initializing...
maxdom : 8
D->valSize : 413
Solving...
Blb : 2 (clique : 26)
currentSize : 26 <-- 0.003974 s
currentSize : 27 <-- 0.057845 s
currentSize : 28 <-- 0.178886 s
currentSize : 29 <-- 7.490250 s
currentSize : 30 <-- 42.696709 s
currentSize : 31 <-- 56.196743 s

TIMEOUT
maxsize : 31
nodes : 180225216.000000
filtered : 1485139278.000000
time : 1000.000122
