Parameters: GAD=1 vflib=1 dir=0 label=0 vlabel=1 lowerbound=1 fileNameGp=../../cp2016-max-common-connected-subgraph-paper/datasets/graphsdb/mcs10/bvg/b03m/mcs10_b03m_s70.A01 fileNameGt=../../cp2016-max-common-connected-subgraph-paper/datasets/graphsdb/mcs10/bvg/b03m/mcs10_b03m_s70.B01
Reading graphs...
70 :  104
70 :  105
Initializing...
maxdom : 8
D->valSize : 307
Solving...
Blb : 2 (clique : 27)
currentSize : 27 <-- 0.002512 s
currentSize : 28 <-- 0.004828 s
currentSize : 29 <-- 0.031370 s
currentSize : 30 <-- 0.031617 s
currentSize : 31 <-- 0.920949 s
currentSize : 32 <-- 50.675533 s

TIMEOUT
maxsize : 32
nodes : 203174704.000000
filtered : 1350045236.000000
time : 1000.000000
