Parameters: GAD=1 vflib=1 dir=0 label=0 vlabel=1 lowerbound=1 fileNameGp=../../cp2016-max-common-connected-subgraph-paper/datasets/graphsdb/mcs10/rand/r01/mcs10_r01_s100.A01 fileNameGt=../../cp2016-max-common-connected-subgraph-paper/datasets/graphsdb/mcs10/rand/r01/mcs10_r01_s100.B01
Reading graphs...
100 :  952
100 :  934
Initializing...
maxdom : 7
D->valSize : 304
Solving...
Blb : 2 (clique : 13)
currentSize : 13 <-- 0.004539 s
currentSize : 14 <-- 0.004752 s
currentSize : 15 <-- 0.027500 s
currentSize : 16 <-- 0.092384 s
currentSize : 17 <-- 0.990898 s
currentSize : 18 <-- 11.095952 s
currentSize : 19 <-- 232.484482 s

maxsize : 19
nodes : 90086867.000000
filtered : 492406218.000000
time : 555.392517
