Parameters: GAD=1 vflib=1 dir=0 label=0 vlabel=1 lowerbound=1 fileNameGp=../../cp2016-max-common-connected-subgraph-paper/datasets/graphsdb/mcs10/m3D/m3Dr4/mcs10_m3Dr4_s100.A09 fileNameGt=../../cp2016-max-common-connected-subgraph-paper/datasets/graphsdb/mcs10/m3D/m3Dr4/mcs10_m3Dr4_s100.B09
Reading graphs...
100 :  274
100 :  269
Initializing...
maxdom : 6
D->valSize : 324
Solving...
Blb : 2 (clique : 25)
currentSize : 25 <-- 0.005128 s
currentSize : 28 <-- 0.005990 s
currentSize : 29 <-- 0.006937 s
currentSize : 30 <-- 0.007750 s
currentSize : 31 <-- 0.390035 s
currentSize : 32 <-- 11.867547 s

TIMEOUT
maxsize : 32
nodes : 182696254.000000
filtered : 892755751.000000
time : 1000.000061
