Parameters: GAD=1 vflib=1 dir=0 label=0 vlabel=1 lowerbound=1 fileNameGp=../../cp2016-max-common-connected-subgraph-paper/datasets/graphsdb/mcs10/bvg/b03m/mcs10_b03m_s70.A02 fileNameGt=../../cp2016-max-common-connected-subgraph-paper/datasets/graphsdb/mcs10/bvg/b03m/mcs10_b03m_s70.B02
Reading graphs...
70 :  101
70 :  104
Initializing...
maxdom : 8
D->valSize : 326
Solving...
Blb : 2 (clique : 29)
currentSize : 29 <-- 0.002843 s
currentSize : 30 <-- 0.047612 s
currentSize : 31 <-- 0.300825 s
currentSize : 32 <-- 3.268737 s
currentSize : 33 <-- 336.537781 s
currentSize : 34 <-- 336.774445 s
currentSize : 35 <-- 478.782837 s

TIMEOUT
maxsize : 35
nodes : 202197926.000000
filtered : 1304659497.000000
time : 1000.000000
