Parameters: GAD=1 vflib=1 dir=0 label=0 vlabel=1 lowerbound=1 fileNameGp=../../cp2016-max-common-connected-subgraph-paper/datasets/graphsdb/mcs10/m3D/m3D/mcs10_m3D_s90.A05 fileNameGt=../../cp2016-max-common-connected-subgraph-paper/datasets/graphsdb/mcs10/m3D/m3D/mcs10_m3D_s90.B05
Reading graphs...
90 :  206
90 :  208
Initializing...
maxdom : 10
D->valSize : 487
Solving...
Blb : 2 (clique : 31)
currentSize : 31 <-- 0.008693 s
currentSize : 32 <-- 0.095098 s
currentSize : 33 <-- 1.101719 s
currentSize : 34 <-- 14.001512 s
currentSize : 35 <-- 15.114651 s
currentSize : 36 <-- 15.283069 s
currentSize : 37 <-- 199.050430 s

TIMEOUT
maxsize : 37
nodes : 131919472.000000
filtered : 1308327811.000000
time : 1000.000061
