Parameters: GAD=1 vflib=1 dir=0 label=0 vlabel=1 lowerbound=1 fileNameGp=../../cp2016-max-common-connected-subgraph-paper/datasets/graphsdb/mcs10/rand/r01/mcs10_r01_s80.A06 fileNameGt=../../cp2016-max-common-connected-subgraph-paper/datasets/graphsdb/mcs10/rand/r01/mcs10_r01_s80.B06
Reading graphs...
80 :  595
80 :  601
Initializing...
maxdom : 9
D->valSize : 421
Solving...
Blb : 2 (clique : 12)
currentSize : 12 <-- 0.006445 s
currentSize : 13 <-- 0.006618 s
currentSize : 14 <-- 0.006764 s
currentSize : 15 <-- 0.080499 s
currentSize : 16 <-- 0.307985 s
currentSize : 17 <-- 0.799514 s
currentSize : 18 <-- 12.134329 s
currentSize : 19 <-- 286.514862 s

TIMEOUT
maxsize : 19
nodes : 179231127.000000
filtered : 1368168902.000000
time : 1000.000000
