Parameters: GAD=1 vflib=1 dir=0 label=0 vlabel=1 lowerbound=1 fileNameGp=../../cp2016-max-common-connected-subgraph-paper/datasets/graphsdb/mcs10/m3D/m3D/mcs10_m3D_s90.A02 fileNameGt=../../cp2016-max-common-connected-subgraph-paper/datasets/graphsdb/mcs10/m3D/m3D/mcs10_m3D_s90.B02
Reading graphs...
90 :  209
90 :  205
Initializing...
maxdom : 9
D->valSize : 504
Solving...
Blb : 2 (clique : 29)
currentSize : 29 <-- 0.005626 s
currentSize : 30 <-- 0.013641 s
currentSize : 31 <-- 0.038518 s
currentSize : 32 <-- 0.039042 s
currentSize : 33 <-- 1.007536 s
currentSize : 34 <-- 2.699314 s
currentSize : 35 <-- 3.587993 s
currentSize : 36 <-- 5.618102 s
currentSize : 37 <-- 810.282166 s

TIMEOUT
maxsize : 37
nodes : 159960752.000000
filtered : 1539046064.000000
time : 1000.000061
