Parameters: GAD=1 vflib=1 dir=0 label=0 vlabel=1 lowerbound=1 fileNameGp=../../cp2016-max-common-connected-subgraph-paper/datasets/graphsdb/mcs10/m2D/m2Dr2/mcs10_m2Dr2_s80.A04 fileNameGt=../../cp2016-max-common-connected-subgraph-paper/datasets/graphsdb/mcs10/m2D/m2Dr2/mcs10_m2Dr2_s80.B04
Reading graphs...
80 :  156
80 :  157
Initializing...
maxdom : 8
D->valSize : 403
Solving...
Blb : 5 (clique : 28)
currentSize : 28 <-- 0.003953 s
currentSize : 29 <-- 0.005710 s
currentSize : 30 <-- 0.051349 s
currentSize : 31 <-- 0.317974 s
currentSize : 32 <-- 0.719464 s
currentSize : 33 <-- 25.613035 s
currentSize : 34 <-- 391.641022 s

TIMEOUT
maxsize : 34
nodes : 186547248.000000
filtered : 1337194559.000000
time : 1000.000061
