Parameters: GAD=1 vflib=1 dir=0 label=0 vlabel=1 lowerbound=1 fileNameGp=../../cp2016-max-common-connected-subgraph-paper/datasets/graphsdb/mcs10/m2D/m2Dr4/mcs10_m2Dr4_s80.A00 fileNameGt=../../cp2016-max-common-connected-subgraph-paper/datasets/graphsdb/mcs10/m2D/m2Dr4/mcs10_m2Dr4_s80.B00
Reading graphs...
80 :  174
80 :  172
Initializing...
maxdom : 10
D->valSize : 413
Solving...
Blb : 2 (clique : 29)
currentSize : 29 <-- 0.003947 s
currentSize : 30 <-- 0.202141 s
currentSize : 31 <-- 1.599236 s
currentSize : 32 <-- 1.624080 s
currentSize : 33 <-- 1.796972 s
currentSize : 34 <-- 31.083096 s
currentSize : 35 <-- 307.489929 s
currentSize : 36 <-- 529.580078 s

TIMEOUT
maxsize : 36
nodes : 193860109.000000
filtered : 1295010929.000000
time : 1000.000000
