Parameters: GAD=1 vflib=1 dir=0 label=0 vlabel=1 lowerbound=1 fileNameGp=../../cp2016-max-common-connected-subgraph-paper/datasets/graphsdb/mcs10/bvg/b03/mcs10_b03_s90.A00 fileNameGt=../../cp2016-max-common-connected-subgraph-paper/datasets/graphsdb/mcs10/bvg/b03/mcs10_b03_s90.B00
Reading graphs...
90 :  133
90 :  133
Initializing...
maxdom : 10
D->valSize : 544
Solving...
Blb : 2 (clique : 35)
currentSize : 35 <-- 0.006394 s
currentSize : 36 <-- 0.048388 s
currentSize : 37 <-- 0.301467 s
currentSize : 38 <-- 0.792578 s
currentSize : 39 <-- 3.587953 s
currentSize : 40 <-- 66.259361 s
currentSize : 41 <-- 276.980316 s

TIMEOUT
maxsize : 41
nodes : 175916437.000000
filtered : 1277931786.000000
time : 1000.000061
