Parameters: GAD=1 vflib=1 dir=0 label=0 vlabel=1 lowerbound=1 fileNameGp=../../cp2016-max-common-connected-subgraph-paper/datasets/graphsdb/mcs10/m4D/m4D/mcs10_m4D_s100.A06 fileNameGt=../../cp2016-max-common-connected-subgraph-paper/datasets/graphsdb/mcs10/m4D/m4D/mcs10_m4D_s100.B06
Reading graphs...
100 :  159
100 :  158
Initializing...
maxdom : 8
D->valSize : 328
Solving...
Blb : 2 (clique : 34)
currentSize : 34 <-- 0.005545 s
currentSize : 35 <-- 0.014477 s
currentSize : 36 <-- 0.036670 s
currentSize : 37 <-- 0.201607 s
currentSize : 38 <-- 0.599665 s
currentSize : 39 <-- 3.628473 s
currentSize : 40 <-- 88.953560 s

TIMEOUT
maxsize : 40
nodes : 188365804.000000
filtered : 872704421.000000
time : 1000.000061
