Parameters: GAD=1 vflib=1 dir=0 label=0 vlabel=1 lowerbound=1 fileNameGp=../../cp2016-max-common-connected-subgraph-paper/datasets/graphsdb/mcs10/rand/r005/mcs10_r005_s60.A09 fileNameGt=../../cp2016-max-common-connected-subgraph-paper/datasets/graphsdb/mcs10/rand/r005/mcs10_r005_s60.B09
Reading graphs...
60 :  176
60 :  174
Initializing...
maxdom : 7
D->valSize : 195
Solving...
Blb : 3 (clique : 16)
currentSize : 16 <-- 0.002093 s
currentSize : 17 <-- 0.003635 s
currentSize : 18 <-- 0.009952 s
currentSize : 19 <-- 0.023998 s
currentSize : 20 <-- 0.281192 s
currentSize : 21 <-- 0.608682 s

maxsize : 21
nodes : 7523912.000000
filtered : 43956813.000000
time : 34.384438
