Parameters: GAD=1 vflib=1 dir=0 label=0 vlabel=1 lowerbound=1 fileNameGp=../../cp2016-max-common-connected-subgraph-paper/datasets/graphsdb/mcs10/m2D/m2Dr4/mcs10_m2Dr4_s70.A07 fileNameGt=../../cp2016-max-common-connected-subgraph-paper/datasets/graphsdb/mcs10/m2D/m2Dr4/mcs10_m2Dr4_s70.B07
Reading graphs...
70 :  151
70 :  148
Initializing...
maxdom : 9
D->valSize : 317
Solving...
Blb : 2 (clique : 24)
currentSize : 24 <-- 0.004390 s
currentSize : 25 <-- 0.044864 s
currentSize : 26 <-- 0.525197 s
currentSize : 27 <-- 1.105722 s
currentSize : 28 <-- 20.798613 s
currentSize : 29 <-- 127.176720 s

TIMEOUT
maxsize : 29
nodes : 204333846.000000
filtered : 1383948451.000000
time : 1000.000000
