Parameters: GAD=1 vflib=1 dir=0 label=0 vlabel=1 lowerbound=1 fileNameGp=../../cp2016-max-common-connected-subgraph-paper/datasets/graphsdb/mcs10/rand/r01/mcs10_r01_s70.A07 fileNameGt=../../cp2016-max-common-connected-subgraph-paper/datasets/graphsdb/mcs10/rand/r01/mcs10_r01_s70.B07
Reading graphs...
70 :  454
70 :  460
Initializing...
maxdom : 8
D->valSize : 312
Solving...
Blb : 5 (clique : 13)
currentSize : 13 <-- 0.002428 s
currentSize : 14 <-- 0.002846 s
currentSize : 15 <-- 0.003651 s
currentSize : 16 <-- 0.711067 s
currentSize : 17 <-- 0.891637 s
currentSize : 18 <-- 45.114922 s

maxsize : 18
nodes : 39508172.000000
filtered : 283185163.000000
time : 196.919922
