Parameters: GAD=1 vflib=1 dir=0 label=0 vlabel=1 lowerbound=1 fileNameGp=../../cp2016-max-common-connected-subgraph-paper/datasets/graphsdb/mcs10/m2D/m2Dr2/mcs10_m2Dr2_s70.A08 fileNameGt=../../cp2016-max-common-connected-subgraph-paper/datasets/graphsdb/mcs10/m2D/m2Dr2/mcs10_m2Dr2_s70.B08
Reading graphs...
70 :  135
70 :  136
Initializing...
maxdom : 6
D->valSize : 309
Solving...
Blb : 2 (clique : 25)
currentSize : 25 <-- 0.002628 s
currentSize : 27 <-- 0.002782 s
currentSize : 28 <-- 0.002812 s
currentSize : 29 <-- 0.009846 s
currentSize : 30 <-- 0.101194 s
currentSize : 31 <-- 24.950914 s
currentSize : 32 <-- 462.059906 s

TIMEOUT
maxsize : 32
nodes : 208657725.000000
filtered : 1349882542.000000
time : 1000.000000
