Parameters: GAD=1 vflib=1 dir=0 label=0 vlabel=1 lowerbound=1 fileNameGp=../../cp2016-max-common-connected-subgraph-paper/datasets/graphsdb/mcs10/bvg/b03m/mcs10_b03m_s100.A01 fileNameGt=../../cp2016-max-common-connected-subgraph-paper/datasets/graphsdb/mcs10/bvg/b03m/mcs10_b03m_s100.B01
Reading graphs...
100 :  150
100 :  148
Initializing...
maxdom : 9
D->valSize : 309
Solving...
Blb : 2 (clique : 33)
currentSize : 33 <-- 0.003179 s
currentSize : 34 <-- 0.154619 s
currentSize : 35 <-- 0.637589 s
currentSize : 36 <-- 0.871841 s
currentSize : 37 <-- 0.912113 s
currentSize : 38 <-- 5.101311 s
currentSize : 39 <-- 28.389908 s
currentSize : 40 <-- 556.112427 s

TIMEOUT
maxsize : 40
nodes : 191263228.000000
filtered : 744226309.000000
time : 1000.000061
