Parameters: GAD=1 vflib=1 dir=0 label=0 vlabel=1 lowerbound=1 fileNameGp=../../cp2016-max-common-connected-subgraph-paper/datasets/graphsdb/mcs10/m2D/m2Dr6/mcs10_m2Dr6_s100.A08 fileNameGt=../../cp2016-max-common-connected-subgraph-paper/datasets/graphsdb/mcs10/m2D/m2Dr6/mcs10_m2Dr6_s100.B08
Reading graphs...
100 :  236
100 :  233
Initializing...
maxdom : 8
D->valSize : 318
Solving...
Blb : 2 (clique : 30)
currentSize : 30 <-- 0.005160 s
currentSize : 31 <-- 0.040038 s
currentSize : 32 <-- 0.091145 s
currentSize : 33 <-- 0.256925 s
currentSize : 34 <-- 6.992707 s
currentSize : 35 <-- 9.530883 s
currentSize : 36 <-- 18.253759 s
currentSize : 37 <-- 232.592285 s

TIMEOUT
maxsize : 37
nodes : 176134913.000000
filtered : 1007847705.000000
time : 1000.000061
