Parameters: GAD=1 vflib=1 dir=0 label=0 vlabel=1 lowerbound=1 fileNameGp=../../cp2016-max-common-connected-subgraph-paper/datasets/graphsdb/mcs10/m3D/m3Dr2/mcs10_m3Dr2_s80.A09 fileNameGt=../../cp2016-max-common-connected-subgraph-paper/datasets/graphsdb/mcs10/m3D/m3Dr2/mcs10_m3Dr2_s80.B09
Reading graphs...
80 :  199
80 :  198
Initializing...
maxdom : 8
D->valSize : 408
Solving...
Blb : 5 (clique : 25)
currentSize : 25 <-- 0.003885 s
currentSize : 26 <-- 0.005232 s
currentSize : 27 <-- 0.005321 s
currentSize : 28 <-- 0.006806 s
currentSize : 29 <-- 2.477726 s
currentSize : 30 <-- 6.408094 s
currentSize : 31 <-- 192.939117 s

TIMEOUT
maxsize : 31
nodes : 174150467.000000
filtered : 1626229082.000000
time : 1000.000000
