Parameters: GAD=1 vflib=1 dir=0 label=0 vlabel=1 lowerbound=1 fileNameGp=../../cp2016-max-common-connected-subgraph-paper/datasets/graphsdb/mcs10/m3D/m3Dr4/mcs10_m3Dr4_s70.A08 fileNameGt=../../cp2016-max-common-connected-subgraph-paper/datasets/graphsdb/mcs10/m3D/m3Dr4/mcs10_m3Dr4_s70.B08
Reading graphs...
70 :  183
70 :  183
Initializing...
maxdom : 8
D->valSize : 319
Solving...
Blb : 2 (clique : 21)
currentSize : 21 <-- 0.002772 s
currentSize : 22 <-- 0.002916 s
currentSize : 23 <-- 0.002958 s
currentSize : 24 <-- 0.003040 s
currentSize : 25 <-- 0.046532 s
currentSize : 26 <-- 2.148435 s
currentSize : 27 <-- 442.536224 s

TIMEOUT
maxsize : 27
nodes : 188518976.000000
filtered : 1667908019.000000
time : 1000.000000
