Parameters: GAD=1 vflib=1 dir=0 label=0 vlabel=1 lowerbound=1 fileNameGp=../../cp2016-max-common-connected-subgraph-paper/datasets/graphsdb/mcs10/m2D/m2D/mcs10_m2D_s50.A00 fileNameGt=../../cp2016-max-common-connected-subgraph-paper/datasets/graphsdb/mcs10/m2D/m2D/mcs10_m2D_s50.B00
Reading graphs...
50 :  85
50 :  84
Initializing...
maxdom : 11
D->valSize : 324
Solving...
Blb : 2 (clique : 20)
currentSize : 20 <-- 0.002426 s
currentSize : 21 <-- 0.002660 s
currentSize : 22 <-- 0.002845 s
currentSize : 23 <-- 0.554777 s
currentSize : 24 <-- 36.611137 s
currentSize : 25 <-- 41.693935 s
currentSize : 26 <-- 112.624748 s

maxsize : 26
nodes : 121869600.000000
filtered : 1486300540.000000
time : 563.780090
