Parameters: GAD=1 vflib=1 dir=0 label=0 vlabel=1 lowerbound=1 fileNameGp=../../cp2016-max-common-connected-subgraph-paper/datasets/graphsdb/mcs10/m4D/m4D/mcs10_m4D_s100.A05 fileNameGt=../../cp2016-max-common-connected-subgraph-paper/datasets/graphsdb/mcs10/m4D/m4D/mcs10_m4D_s100.B05
Reading graphs...
100 :  159
100 :  158
Initializing...
maxdom : 9
D->valSize : 350
Solving...
Blb : 2 (clique : 35)
currentSize : 35 <-- 0.003617 s
currentSize : 36 <-- 0.009694 s
currentSize : 37 <-- 3.020097 s
currentSize : 38 <-- 18.704344 s
currentSize : 39 <-- 22.596333 s
currentSize : 40 <-- 27.903976 s
currentSize : 41 <-- 523.136536 s

TIMEOUT
maxsize : 41
nodes : 165792785.000000
filtered : 1221064636.000000
time : 1000.000122
