Parameters: GAD=1 vflib=1 dir=0 label=0 vlabel=1 lowerbound=1 fileNameGp=../../cp2016-max-common-connected-subgraph-paper/datasets/graphsdb/mcs10/bvg/b06/mcs10_b06_s70.A00 fileNameGt=../../cp2016-max-common-connected-subgraph-paper/datasets/graphsdb/mcs10/bvg/b06/mcs10_b06_s70.B00
Reading graphs...
70 :  208
70 :  206
Initializing...
maxdom : 8
D->valSize : 336
Solving...
Blb : 2 (clique : 19)
currentSize : 19 <-- 0.002821 s
currentSize : 20 <-- 0.003086 s
currentSize : 21 <-- 0.003214 s
currentSize : 22 <-- 0.004209 s
currentSize : 23 <-- 0.005486 s
currentSize : 24 <-- 0.023852 s
currentSize : 25 <-- 0.455814 s
currentSize : 26 <-- 1.388149 s
currentSize : 27 <-- 1.388983 s

TIMEOUT
maxsize : 27
nodes : 190945546.000000
filtered : 1501794490.000000
time : 1000.000000
