Parameters: GAD=1 vflib=1 dir=0 label=0 vlabel=1 lowerbound=1 fileNameGp=../../cp2016-max-common-connected-subgraph-paper/datasets/graphsdb/mcs10/m2D/m2D/mcs10_m2D_s60.A00 fileNameGt=../../cp2016-max-common-connected-subgraph-paper/datasets/graphsdb/mcs10/m2D/m2D/mcs10_m2D_s60.B00
Reading graphs...
60 :  103
60 :  104
Initializing...
maxdom : 7
D->valSize : 200
Solving...
Blb : 5 (clique : 18)
currentSize : 18 <-- 0.001411 s
currentSize : 19 <-- 0.003084 s
currentSize : 20 <-- 0.005777 s
currentSize : 21 <-- 0.014738 s
currentSize : 22 <-- 0.553068 s
currentSize : 23 <-- 3.002640 s
currentSize : 24 <-- 20.934725 s

maxsize : 24
nodes : 10295995.000000
filtered : 60897667.000000
time : 44.910381
