Parameters: GAD=1 vflib=1 dir=0 label=0 vlabel=1 lowerbound=1 fileNameGp=../../cp2016-max-common-connected-subgraph-paper/datasets/graphsdb/mcs10/m3D/m3D/mcs10_m3D_s100.A02 fileNameGt=../../cp2016-max-common-connected-subgraph-paper/datasets/graphsdb/mcs10/m3D/m3D/mcs10_m3D_s100.B02
Reading graphs...
100 :  235
100 :  233
Initializing...
maxdom : 7
D->valSize : 307
Solving...
Blb : 2 (clique : 28)
currentSize : 28 <-- 0.003036 s
currentSize : 29 <-- 0.373546 s
currentSize : 30 <-- 39.166634 s
currentSize : 31 <-- 172.970123 s
currentSize : 32 <-- 272.982758 s
currentSize : 33 <-- 909.081970 s

TIMEOUT
maxsize : 33
nodes : 188101416.000000
filtered : 647324622.000000
time : 1000.000061
