Parameters: GAD=1 vflib=1 dir=0 label=0 vlabel=1 lowerbound=1 fileNameGp=../../cp2016-max-common-connected-subgraph-paper/datasets/graphsdb/mcs10/bvg/b03/mcs10_b03_s100.A09 fileNameGt=../../cp2016-max-common-connected-subgraph-paper/datasets/graphsdb/mcs10/bvg/b03/mcs10_b03_s100.B09
Reading graphs...
100 :  149
100 :  148
Initializing...
maxdom : 9
D->valSize : 323
Solving...
Blb : 2 (clique : 40)
currentSize : 40 <-- 0.003893 s
currentSize : 41 <-- 0.217262 s
currentSize : 42 <-- 0.586571 s
currentSize : 43 <-- 7.979956 s
currentSize : 44 <-- 8.023669 s
currentSize : 45 <-- 9.225871 s

TIMEOUT
maxsize : 45
nodes : 186128098.000000
filtered : 918059265.000000
time : 1000.000061
