Parameters: GAD=1 vflib=1 dir=0 label=0 vlabel=1 lowerbound=1 fileNameGp=../../cp2016-max-common-connected-subgraph-paper/datasets/graphsdb/mcs10/m2D/m2D/mcs10_m2D_s100.A09 fileNameGt=../../cp2016-max-common-connected-subgraph-paper/datasets/graphsdb/mcs10/m2D/m2D/mcs10_m2D_s100.B09
Reading graphs...
100 :  180
100 :  178
Initializing...
maxdom : 8
D->valSize : 321
Solving...
Blb : 2 (clique : 31)
currentSize : 31 <-- 0.003297 s
currentSize : 32 <-- 0.004428 s
currentSize : 33 <-- 0.013831 s
currentSize : 34 <-- 0.206848 s
currentSize : 35 <-- 0.446196 s
currentSize : 36 <-- 3.475340 s
currentSize : 37 <-- 197.854553 s
currentSize : 38 <-- 447.542725 s

TIMEOUT
maxsize : 38
nodes : 165817784.000000
filtered : 830323188.000000
time : 1000.000061
