Parameters: GAD=1 vflib=1 dir=0 label=0 vlabel=1 lowerbound=1 fileNameGp=../../cp2016-max-common-connected-subgraph-paper/datasets/graphsdb/mcs10/m2D/m2Dr2/mcs10_m2Dr2_s70.A09 fileNameGt=../../cp2016-max-common-connected-subgraph-paper/datasets/graphsdb/mcs10/m2D/m2Dr2/mcs10_m2Dr2_s70.B09
Reading graphs...
70 :  137
70 :  136
Initializing...
maxdom : 9
D->valSize : 313
Solving...
Blb : 2 (clique : 23)
currentSize : 23 <-- 0.002740 s
currentSize : 24 <-- 0.003572 s
currentSize : 25 <-- 0.005802 s
currentSize : 26 <-- 0.006793 s
currentSize : 27 <-- 0.007562 s
currentSize : 28 <-- 0.069815 s
currentSize : 29 <-- 1.490276 s
currentSize : 30 <-- 5.248614 s
currentSize : 31 <-- 562.085205 s

TIMEOUT
maxsize : 31
nodes : 199264371.000000
filtered : 1453783747.000000
time : 1000.000000
