Parameters: GAD=1 vflib=1 dir=0 label=0 vlabel=1 lowerbound=1 fileNameGp=../../cp2016-max-common-connected-subgraph-paper/datasets/graphsdb/mcs10/m3D/m3Dr2/mcs10_m3Dr2_s100.A05 fileNameGt=../../cp2016-max-common-connected-subgraph-paper/datasets/graphsdb/mcs10/m3D/m3Dr2/mcs10_m3Dr2_s100.B05
Reading graphs...
100 :  251
100 :  253
Initializing...
maxdom : 7
D->valSize : 297
Solving...
Blb : 2 (clique : 27)
currentSize : 27 <-- 0.004727 s
currentSize : 28 <-- 0.020670 s
currentSize : 29 <-- 0.041610 s
currentSize : 31 <-- 0.042106 s
currentSize : 32 <-- 0.860949 s
currentSize : 33 <-- 5.769666 s

TIMEOUT
maxsize : 33
nodes : 174047063.000000
filtered : 702706710.000000
time : 1000.000061
