Parameters: GAD=1 vflib=1 dir=0 label=0 vlabel=1 lowerbound=1 fileNameGp=../../cp2016-max-common-connected-subgraph-paper/datasets/graphsdb/mcs10/m2D/m2Dr4/mcs10_m2Dr4_s60.A04 fileNameGt=../../cp2016-max-common-connected-subgraph-paper/datasets/graphsdb/mcs10/m2D/m2Dr4/mcs10_m2Dr4_s60.B04
Reading graphs...
60 :  126
60 :  126
Initializing...
maxdom : 9
D->valSize : 220
Solving...
Blb : 2 (clique : 17)
currentSize : 17 <-- 0.002418 s
currentSize : 18 <-- 0.002591 s
currentSize : 19 <-- 0.002717 s
currentSize : 20 <-- 0.002791 s
currentSize : 21 <-- 0.008680 s
currentSize : 22 <-- 0.077823 s
currentSize : 23 <-- 2.977782 s

maxsize : 23
nodes : 5545384.000000
filtered : 49779966.000000
time : 28.313637
