Parameters: GAD=1 vflib=1 dir=0 label=0 vlabel=1 lowerbound=1 fileNameGp=../../cp2016-max-common-connected-subgraph-paper/datasets/graphsdb/mcs10/m2D/m2D/mcs10_m2D_s70.A07 fileNameGt=../../cp2016-max-common-connected-subgraph-paper/datasets/graphsdb/mcs10/m2D/m2D/mcs10_m2D_s70.B07
Reading graphs...
70 :  123
70 :  123
Initializing...
maxdom : 10
D->valSize : 360
Solving...
Blb : 2 (clique : 26)
currentSize : 26 <-- 0.005126 s
currentSize : 28 <-- 0.005388 s
currentSize : 29 <-- 0.017203 s
currentSize : 30 <-- 0.032941 s
currentSize : 31 <-- 10.201895 s
currentSize : 32 <-- 71.150360 s
currentSize : 33 <-- 446.436920 s
currentSize : 34 <-- 851.501404 s

TIMEOUT
maxsize : 34
nodes : 174723766.000000
filtered : 1542146305.000000
time : 1000.000000
