Parameters: GAD=1 vflib=1 dir=0 label=0 vlabel=1 lowerbound=1 fileNameGp=../../cp2016-max-common-connected-subgraph-paper/datasets/graphsdb/mcs10/rand/r01/mcs10_r01_s70.A00 fileNameGt=../../cp2016-max-common-connected-subgraph-paper/datasets/graphsdb/mcs10/rand/r01/mcs10_r01_s70.B00
Reading graphs...
70 :  462
70 :  452
Initializing...
maxdom : 7
D->valSize : 305
Solving...
Blb : 2 (clique : 13)
currentSize : 13 <-- 0.003720 s
currentSize : 14 <-- 0.003967 s
currentSize : 15 <-- 0.005140 s
currentSize : 16 <-- 0.047543 s
currentSize : 17 <-- 0.502698 s
currentSize : 18 <-- 7.703980 s

maxsize : 18
nodes : 41666805.000000
filtered : 289467647.000000
time : 210.743973
