Parameters: GAD=1 vflib=1 dir=0 label=0 vlabel=1 lowerbound=1 fileNameGp=../../cp2016-max-common-connected-subgraph-paper/datasets/graphsdb/mcs10/m3D/m3Dr6/mcs10_m3Dr6_s100.A00 fileNameGt=../../cp2016-max-common-connected-subgraph-paper/datasets/graphsdb/mcs10/m3D/m3Dr6/mcs10_m3Dr6_s100.B00
Reading graphs...
100 :  292
100 :  290
Initializing...
maxdom : 6
D->valSize : 319
Solving...
Blb : 5 (clique : 26)
currentSize : 26 <-- 0.005284 s
currentSize : 27 <-- 0.005841 s
currentSize : 28 <-- 0.008061 s
currentSize : 29 <-- 0.016387 s
currentSize : 30 <-- 0.253783 s
currentSize : 31 <-- 0.258879 s
currentSize : 32 <-- 35.102535 s
currentSize : 33 <-- 754.544922 s

TIMEOUT
maxsize : 33
nodes : 184970280.000000
filtered : 846046570.000000
time : 1000.000061
