Parameters: GAD=1 vflib=1 dir=0 label=0 vlabel=1 lowerbound=1 fileNameGp=../../cp2016-max-common-connected-subgraph-paper/datasets/graphsdb/mcs10/m3D/m3Dr2/mcs10_m3Dr2_s70.A00 fileNameGt=../../cp2016-max-common-connected-subgraph-paper/datasets/graphsdb/mcs10/m3D/m3Dr2/mcs10_m3Dr2_s70.B00
Reading graphs...
70 :  167
70 :  171
Initializing...
maxdom : 7
D->valSize : 295
Solving...
Blb : 2 (clique : 21)
currentSize : 21 <-- 0.002474 s
currentSize : 23 <-- 0.002629 s
currentSize : 24 <-- 0.006896 s
currentSize : 25 <-- 0.020861 s
currentSize : 26 <-- 0.125004 s
currentSize : 27 <-- 8.242927 s

TIMEOUT
maxsize : 27
nodes : 191492079.000000
filtered : 1514027843.000000
time : 1000.000000
