Parameters: GAD=1 vflib=1 dir=0 label=0 vlabel=1 lowerbound=1 fileNameGp=../../cp2016-max-common-connected-subgraph-paper/datasets/graphsdb/mcs10/m3D/m3Dr2/mcs10_m3Dr2_s60.A06 fileNameGt=../../cp2016-max-common-connected-subgraph-paper/datasets/graphsdb/mcs10/m3D/m3Dr2/mcs10_m3Dr2_s60.B06
Reading graphs...
60 :  145
60 :  144
Initializing...
maxdom : 7
D->valSize : 230
Solving...
Blb : 2 (clique : 18)
currentSize : 18 <-- 0.001613 s
currentSize : 19 <-- 0.001821 s
currentSize : 20 <-- 0.072224 s
currentSize : 21 <-- 0.404839 s
currentSize : 22 <-- 0.417432 s
currentSize : 23 <-- 16.465836 s
currentSize : 24 <-- 70.920654 s

maxsize : 24
nodes : 83958397.000000
filtered : 596478806.000000
time : 387.348541
