Parameters: GAD=1 vflib=1 dir=0 label=0 vlabel=1 lowerbound=1 fileNameGp=../../cp2016-max-common-connected-subgraph-paper/datasets/graphsdb/mcs10/m2D/m2D/mcs10_m2D_s50.A02 fileNameGt=../../cp2016-max-common-connected-subgraph-paper/datasets/graphsdb/mcs10/m2D/m2D/mcs10_m2D_s50.B02
Reading graphs...
50 :  84
50 :  85
Initializing...
maxdom : 9
D->valSize : 300
Solving...
Blb : 2 (clique : 20)
currentSize : 20 <-- 0.003545 s
currentSize : 21 <-- 0.003801 s
currentSize : 22 <-- 0.004040 s
currentSize : 23 <-- 0.012198 s
currentSize : 24 <-- 0.019519 s
currentSize : 25 <-- 0.020075 s
currentSize : 26 <-- 49.472309 s

maxsize : 26
nodes : 46757430.000000
filtered : 538386091.000000
time : 257.057251
