Parameters: GAD=1 vflib=1 dir=0 label=0 vlabel=1 lowerbound=1 fileNameGp=../../cp2016-max-common-connected-subgraph-paper/datasets/graphsdb/mcs10/rand/r005/mcs10_r005_s80.A00 fileNameGt=../../cp2016-max-common-connected-subgraph-paper/datasets/graphsdb/mcs10/rand/r005/mcs10_r005_s80.B00
Reading graphs...
80 :  319
80 :  312
Initializing...
maxdom : 8
D->valSize : 420
Solving...
Blb : 2 (clique : 22)
currentSize : 22 <-- 0.006502 s
currentSize : 23 <-- 0.013768 s
currentSize : 24 <-- 0.162850 s
currentSize : 25 <-- 0.782908 s
currentSize : 26 <-- 14.445970 s
currentSize : 27 <-- 389.602570 s

TIMEOUT
maxsize : 27
nodes : 174147895.000000
filtered : 1499431653.000000
time : 1000.000000
