Parameters: GAD=1 vflib=1 dir=0 label=0 vlabel=1 lowerbound=1 fileNameGp=../../cp2016-max-common-connected-subgraph-paper/datasets/graphsdb/mcs10/m3D/m3Dr6/mcs10_m3Dr6_s90.A01 fileNameGt=../../cp2016-max-common-connected-subgraph-paper/datasets/graphsdb/mcs10/m3D/m3Dr6/mcs10_m3Dr6_s90.B01
Reading graphs...
90 :  257
90 :  255
Initializing...
maxdom : 12
D->valSize : 476
Solving...
Blb : 2 (clique : 25)
currentSize : 25 <-- 0.008407 s
currentSize : 26 <-- 0.008736 s
currentSize : 27 <-- 0.011146 s
currentSize : 28 <-- 0.014280 s
currentSize : 29 <-- 0.705567 s
currentSize : 30 <-- 2.681861 s
currentSize : 31 <-- 123.366295 s
currentSize : 32 <-- 699.377747 s

TIMEOUT
maxsize : 32
nodes : 163945994.000000
filtered : 1246319065.000000
time : 1000.000000
