Parameters: GAD=1 vflib=1 dir=0 label=0 vlabel=1 lowerbound=1 fileNameGp=../../cp2016-max-common-connected-subgraph-paper/datasets/graphsdb/mcs10/m3D/m3Dr6/mcs10_m3Dr6_s90.A05 fileNameGt=../../cp2016-max-common-connected-subgraph-paper/datasets/graphsdb/mcs10/m3D/m3Dr6/mcs10_m3Dr6_s90.B05
Reading graphs...
90 :  260
90 :  254
Initializing...
maxdom : 11
D->valSize : 495
Solving...
Blb : 5 (clique : 25)
currentSize : 25 <-- 0.005699 s
currentSize : 26 <-- 0.005926 s
currentSize : 27 <-- 1.352730 s
currentSize : 28 <-- 1.749770 s
currentSize : 29 <-- 13.729649 s
currentSize : 30 <-- 83.622047 s
currentSize : 31 <-- 814.514893 s
currentSize : 32 <-- 867.348389 s

TIMEOUT
maxsize : 32
nodes : 188061789.000000
filtered : 1375219911.000000
time : 1000.000000
