Parameters: GAD=1 vflib=1 dir=0 label=0 vlabel=1 lowerbound=1 fileNameGp=../../cp2016-max-common-connected-subgraph-paper/datasets/graphsdb/mcs10/m3D/m3Dr6/mcs10_m3Dr6_s60.A09 fileNameGt=../../cp2016-max-common-connected-subgraph-paper/datasets/graphsdb/mcs10/m3D/m3Dr6/mcs10_m3Dr6_s60.B09
Reading graphs...
60 :  166
60 :  163
Initializing...
maxdom : 7
D->valSize : 219
Solving...
Blb : 2 (clique : 16)
currentSize : 16 <-- 0.001690 s
currentSize : 17 <-- 0.001782 s
currentSize : 18 <-- 0.001903 s
currentSize : 19 <-- 0.011252 s
currentSize : 20 <-- 0.039782 s
currentSize : 21 <-- 0.207691 s
currentSize : 22 <-- 2.811525 s
currentSize : 23 <-- 74.445709 s

maxsize : 23
nodes : 34822239.000000
filtered : 218458903.000000
time : 155.372208
