Parameters: GAD=1 vflib=1 dir=0 label=0 vlabel=1 lowerbound=1 fileNameGp=../../cp2016-max-common-connected-subgraph-paper/datasets/graphsdb/mcs10/m2D/m2D/mcs10_m2D_s60.A09 fileNameGt=../../cp2016-max-common-connected-subgraph-paper/datasets/graphsdb/mcs10/m2D/m2D/mcs10_m2D_s60.B09
Reading graphs...
60 :  104
60 :  104
Initializing...
maxdom : 7
D->valSize : 227
Solving...
Blb : 2 (clique : 21)
currentSize : 21 <-- 0.001610 s
currentSize : 22 <-- 0.004236 s
currentSize : 23 <-- 0.028944 s
currentSize : 24 <-- 0.274105 s
currentSize : 25 <-- 0.715083 s
currentSize : 26 <-- 2.859748 s
currentSize : 27 <-- 2.974789 s

maxsize : 27
nodes : 23876245.000000
filtered : 157819975.000000
time : 109.980743
