Parameters: GAD=1 vflib=1 dir=0 label=0 vlabel=1 lowerbound=1 fileNameGp=../../cp2016-max-common-connected-subgraph-paper/datasets/graphsdb/mcs10/m2D/m2Dr4/mcs10_m2Dr4_s100.A05 fileNameGt=../../cp2016-max-common-connected-subgraph-paper/datasets/graphsdb/mcs10/m2D/m2Dr4/mcs10_m2Dr4_s100.B05
Reading graphs...
100 :  218
100 :  217
Initializing...
maxdom : 6
D->valSize : 302
Solving...
Blb : 2 (clique : 29)
currentSize : 29 <-- 0.005006 s
currentSize : 30 <-- 0.006437 s
currentSize : 31 <-- 0.374800 s
currentSize : 32 <-- 0.670219 s
currentSize : 33 <-- 1.896505 s
currentSize : 34 <-- 7.123570 s
currentSize : 35 <-- 127.897804 s
currentSize : 36 <-- 462.835480 s

TIMEOUT
maxsize : 36
nodes : 188963620.000000
filtered : 794390840.000000
time : 1000.000061
