Parameters: GAD=1 vflib=1 dir=0 label=0 vlabel=1 lowerbound=1 fileNameGp=../../cp2016-max-common-connected-subgraph-paper/datasets/graphsdb/mcs10/m2D/m2Dr2/mcs10_m2Dr2_s100.A06 fileNameGt=../../cp2016-max-common-connected-subgraph-paper/datasets/graphsdb/mcs10/m2D/m2Dr2/mcs10_m2Dr2_s100.B06
Reading graphs...
100 :  198
100 :  197
Initializing...
maxdom : 8
D->valSize : 331
Solving...
Blb : 2 (clique : 33)
currentSize : 33 <-- 0.003384 s
currentSize : 34 <-- 0.005534 s
currentSize : 35 <-- 4.396618 s
currentSize : 36 <-- 6.358791 s
currentSize : 37 <-- 11.416532 s
currentSize : 38 <-- 18.378136 s
currentSize : 39 <-- 138.098938 s
currentSize : 40 <-- 391.090271 s

TIMEOUT
maxsize : 40
nodes : 186206339.000000
filtered : 959440887.000000
time : 1000.000061
