Parameters: GAD=1 vflib=1 dir=0 label=0 vlabel=1 lowerbound=1 fileNameGp=../../cp2016-max-common-connected-subgraph-paper/datasets/graphsdb/mcs10/bvg/b06/mcs10_b06_s90.A07 fileNameGt=../../cp2016-max-common-connected-subgraph-paper/datasets/graphsdb/mcs10/bvg/b06/mcs10_b06_s90.B07
Reading graphs...
90 :  263
90 :  267
Initializing...
maxdom : 10
D->valSize : 509
Solving...
Blb : 2 (clique : 28)
currentSize : 28 <-- 0.005575 s
currentSize : 29 <-- 0.005943 s
currentSize : 30 <-- 0.006354 s
currentSize : 31 <-- 0.052318 s
currentSize : 32 <-- 32.290386 s
currentSize : 33 <-- 132.679398 s
currentSize : 34 <-- 137.429504 s
currentSize : 35 <-- 574.744263 s

TIMEOUT
maxsize : 35
nodes : 184743402.000000
filtered : 1060338763.000000
time : 1000.000061
