Parameters: GAD=1 vflib=1 dir=0 label=0 vlabel=1 lowerbound=1 fileNameGp=../../cp2016-max-common-connected-subgraph-paper/datasets/graphsdb/mcs10/rand/r005/mcs10_r005_s80.A01 fileNameGt=../../cp2016-max-common-connected-subgraph-paper/datasets/graphsdb/mcs10/rand/r005/mcs10_r005_s80.B01
Reading graphs...
80 :  317
80 :  308
Initializing...
maxdom : 14
D->valSize : 377
Solving...
Blb : 2 (clique : 18)
currentSize : 18 <-- 0.005404 s
currentSize : 19 <-- 0.005906 s
currentSize : 20 <-- 0.008243 s
currentSize : 21 <-- 0.009479 s
currentSize : 22 <-- 0.074712 s
currentSize : 23 <-- 1.568755 s
currentSize : 24 <-- 50.321625 s
currentSize : 25 <-- 259.029236 s

TIMEOUT
maxsize : 25
nodes : 183293574.000000
filtered : 1191955570.000000
time : 1000.000000
