Parameters: GAD=1 vflib=1 dir=0 label=0 vlabel=1 lowerbound=1 fileNameGp=../../cp2016-max-common-connected-subgraph-paper/datasets/graphsdb/mcs10/m2D/m2Dr6/mcs10_m2Dr6_s50.A03 fileNameGt=../../cp2016-max-common-connected-subgraph-paper/datasets/graphsdb/mcs10/m2D/m2Dr6/mcs10_m2Dr6_s50.B03
Reading graphs...
50 :  111
50 :  109
Initializing...
maxdom : 9
D->valSize : 333
Solving...
Blb : 2 (clique : 18)
currentSize : 18 <-- 0.002416 s
currentSize : 19 <-- 0.007515 s
currentSize : 20 <-- 0.007583 s
currentSize : 21 <-- 0.009002 s
currentSize : 22 <-- 0.016861 s
currentSize : 23 <-- 15.947724 s
currentSize : 24 <-- 23.047964 s

maxsize : 24
nodes : 9219385.000000
filtered : 124541752.000000
time : 48.940216
