Parameters: GAD=1 vflib=1 dir=0 label=0 vlabel=1 lowerbound=1 fileNameGp=../../cp2016-max-common-connected-subgraph-paper/datasets/graphsdb/mcs10/m2D/m2Dr4/mcs10_m2Dr4_s50.A00 fileNameGt=../../cp2016-max-common-connected-subgraph-paper/datasets/graphsdb/mcs10/m2D/m2Dr4/mcs10_m2Dr4_s50.B00
Reading graphs...
50 :  104
50 :  103
Initializing...
maxdom : 11
D->valSize : 316
Solving...
Blb : 2 (clique : 20)
currentSize : 20 <-- 0.002705 s
currentSize : 21 <-- 0.002873 s
currentSize : 22 <-- 0.066137 s
currentSize : 23 <-- 18.230160 s
currentSize : 24 <-- 174.174164 s

maxsize : 24
nodes : 53369961.000000
filtered : 519671189.000000
time : 230.590378
