Parameters: GAD=1 vflib=1 dir=0 label=0 vlabel=1 lowerbound=1 fileNameGp=../../cp2016-max-common-connected-subgraph-paper/datasets/graphsdb/mcs10/bvg/b03/mcs10_b03_s90.A04 fileNameGt=../../cp2016-max-common-connected-subgraph-paper/datasets/graphsdb/mcs10/bvg/b03/mcs10_b03_s90.B04
Reading graphs...
90 :  135
90 :  134
Initializing...
maxdom : 14
D->valSize : 508
Solving...
Blb : 2 (clique : 35)
currentSize : 35 <-- 0.005701 s
currentSize : 36 <-- 0.006089 s
currentSize : 37 <-- 0.007516 s
currentSize : 38 <-- 0.014279 s
currentSize : 39 <-- 0.020997 s
currentSize : 40 <-- 0.024413 s
currentSize : 41 <-- 3.358248 s
currentSize : 42 <-- 9.645711 s

TIMEOUT
maxsize : 42
nodes : 187955226.000000
filtered : 1086876649.000000
time : 1000.000061
