Parameters: GAD=1 vflib=1 dir=0 label=0 vlabel=1 lowerbound=1 fileNameGp=../../cp2016-max-common-connected-subgraph-paper/datasets/graphsdb/mcs10/m3D/m3Dr6/mcs10_m3Dr6_s70.A03 fileNameGt=../../cp2016-max-common-connected-subgraph-paper/datasets/graphsdb/mcs10/m3D/m3Dr6/mcs10_m3Dr6_s70.B03
Reading graphs...
70 :  195
70 :  197
Initializing...
maxdom : 13
D->valSize : 307
Solving...
Blb : 2 (clique : 21)
currentSize : 21 <-- 0.003632 s
currentSize : 22 <-- 0.004095 s
currentSize : 23 <-- 0.030943 s
currentSize : 24 <-- 0.050104 s
currentSize : 25 <-- 2.126752 s
currentSize : 26 <-- 7.757572 s
currentSize : 27 <-- 25.221180 s
currentSize : 28 <-- 169.891403 s

maxsize : 28
nodes : 65879726.000000
filtered : 591928770.000000
time : 359.230286
