Parameters: GAD=1 vflib=1 dir=0 label=0 vlabel=1 lowerbound=1 fileNameGp=../../cp2016-max-common-connected-subgraph-paper/datasets/graphsdb/mcs10/bvg/b09m/mcs10_b09m_s100.A03 fileNameGt=../../cp2016-max-common-connected-subgraph-paper/datasets/graphsdb/mcs10/bvg/b09m/mcs10_b09m_s100.B03
Reading graphs...
100 :  433
100 :  437
Initializing...
maxdom : 6
D->valSize : 316
Solving...
Blb : 2 (clique : 22)
currentSize : 22 <-- 0.003362 s
currentSize : 23 <-- 0.003617 s
currentSize : 24 <-- 0.003909 s
currentSize : 25 <-- 0.147186 s
currentSize : 26 <-- 0.653614 s
currentSize : 27 <-- 6.415386 s
currentSize : 28 <-- 397.665558 s
currentSize : 29 <-- 719.928650 s

TIMEOUT
maxsize : 29
nodes : 173736251.000000
filtered : 882291556.000000
time : 1000.000061
