Parameters: GAD=1 vflib=1 dir=0 label=0 vlabel=1 lowerbound=1 fileNameGp=../../cp2016-max-common-connected-subgraph-paper/datasets/graphsdb/mcs10/m2D/m2Dr4/mcs10_m2Dr4_s70.A00 fileNameGt=../../cp2016-max-common-connected-subgraph-paper/datasets/graphsdb/mcs10/m2D/m2Dr4/mcs10_m2Dr4_s70.B00
Reading graphs...
70 :  148
70 :  149
Initializing...
maxdom : 11
D->valSize : 317
Solving...
Blb : 2 (clique : 21)
currentSize : 21 <-- 0.004276 s
currentSize : 22 <-- 0.004508 s
currentSize : 23 <-- 0.008126 s
currentSize : 24 <-- 0.023507 s
currentSize : 25 <-- 0.567229 s
currentSize : 26 <-- 5.308938 s
currentSize : 27 <-- 5.547260 s
currentSize : 28 <-- 6.009768 s

TIMEOUT
maxsize : 28
nodes : 194575909.000000
filtered : 1502023826.000000
time : 1000.000000
