Parameters: GAD=1 vflib=1 dir=0 label=0 vlabel=1 lowerbound=1 fileNameGp=../../cp2016-max-common-connected-subgraph-paper/datasets/graphsdb/mcs10/m3D/m3Dr6/mcs10_m3Dr6_s90.A03 fileNameGt=../../cp2016-max-common-connected-subgraph-paper/datasets/graphsdb/mcs10/m3D/m3Dr6/mcs10_m3Dr6_s90.B03
Reading graphs...
90 :  258
90 :  259
Initializing...
maxdom : 9
D->valSize : 513
Solving...
Blb : 2 (clique : 26)
currentSize : 26 <-- 0.006615 s
currentSize : 27 <-- 0.006880 s
currentSize : 28 <-- 0.007120 s
currentSize : 29 <-- 0.041335 s
currentSize : 30 <-- 2.241605 s
currentSize : 31 <-- 16.831800 s
currentSize : 32 <-- 20.142853 s
currentSize : 33 <-- 866.245422 s

TIMEOUT
maxsize : 33
nodes : 177557654.000000
filtered : 1353887986.000000
time : 1000.000061
