Parameters: GAD=1 vflib=1 dir=0 label=0 vlabel=1 lowerbound=1 fileNameGp=../../cp2016-max-common-connected-subgraph-paper/datasets/graphsdb/mcs10/rand/r02/mcs10_r02_s90.A09 fileNameGt=../../cp2016-max-common-connected-subgraph-paper/datasets/graphsdb/mcs10/rand/r02/mcs10_r02_s90.B09
Reading graphs...
90 :  1429
90 :  1444
Initializing...
maxdom : 9
D->valSize : 498
Solving...
Blb : 5 (clique : 10)
currentSize : 10 <-- 0.008119 s
currentSize : 11 <-- 0.012550 s
currentSize : 12 <-- 0.063180 s
currentSize : 13 <-- 3.280882 s
currentSize : 14 <-- 7.878856 s
currentSize : 15 <-- 191.726257 s

maxsize : 15
nodes : 79915745.000000
filtered : 495021010.000000
time : 467.325653
