Parameters: GAD=1 vflib=1 dir=0 label=0 vlabel=1 lowerbound=1 fileNameGp=../../cp2016-max-common-connected-subgraph-paper/datasets/graphsdb/mcs10/rand/r01/mcs10_r01_s60.A03 fileNameGt=../../cp2016-max-common-connected-subgraph-paper/datasets/graphsdb/mcs10/rand/r01/mcs10_r01_s60.B03
Reading graphs...
60 :  338
60 :  341
Initializing...
maxdom : 9
D->valSize : 247
Solving...
Blb : 5 (clique : 11)
currentSize : 11 <-- 0.001762 s
currentSize : 12 <-- 0.002280 s
currentSize : 13 <-- 0.003346 s
currentSize : 14 <-- 0.003494 s
currentSize : 15 <-- 0.020693 s
currentSize : 16 <-- 0.021119 s
currentSize : 17 <-- 0.184604 s

maxsize : 17
nodes : 2994746.000000
filtered : 22453682.000000
time : 14.184439
