Parameters: GAD=1 vflib=1 dir=0 label=0 vlabel=1 lowerbound=1 fileNameGp=../../cp2016-max-common-connected-subgraph-paper/datasets/graphsdb/mcs10/bvg/b06m/mcs10_b06m_s90.A08 fileNameGt=../../cp2016-max-common-connected-subgraph-paper/datasets/graphsdb/mcs10/bvg/b06m/mcs10_b06m_s90.B08
Reading graphs...
90 :  258
90 :  267
Initializing...
maxdom : 10
D->valSize : 539
Solving...
Blb : 2 (clique : 28)
currentSize : 28 <-- 0.006247 s
currentSize : 29 <-- 0.006617 s
currentSize : 30 <-- 0.007351 s
currentSize : 31 <-- 0.007681 s
currentSize : 32 <-- 0.730363 s
currentSize : 33 <-- 2.069522 s
currentSize : 34 <-- 417.596649 s

TIMEOUT
maxsize : 34
nodes : 168472995.000000
filtered : 1217700217.000000
time : 1000.000061
