Parameters: GAD=1 vflib=1 dir=0 label=0 vlabel=1 lowerbound=1 fileNameGp=../../cp2016-max-common-connected-subgraph-paper/datasets/graphsdb/mcs10/m3D/m3Dr4/mcs10_m3Dr4_s80.A02 fileNameGt=../../cp2016-max-common-connected-subgraph-paper/datasets/graphsdb/mcs10/m3D/m3Dr4/mcs10_m3Dr4_s80.B02
Reading graphs...
80 :  216
80 :  214
Initializing...
maxdom : 10
D->valSize : 413
Solving...
Blb : 2 (clique : 26)
currentSize : 26 <-- 0.005075 s
currentSize : 27 <-- 0.006144 s
currentSize : 28 <-- 0.008067 s
currentSize : 29 <-- 0.169986 s
currentSize : 30 <-- 0.192042 s
currentSize : 31 <-- 0.274869 s

TIMEOUT
maxsize : 31
nodes : 176174499.000000
filtered : 1385215766.000000
time : 1000.000061
