Parameters: GAD=1 vflib=1 dir=0 label=0 vlabel=1 lowerbound=1 fileNameGp=../../cp2016-max-common-connected-subgraph-paper/datasets/graphsdb/mcs10/bvg/b03/mcs10_b03_s100.A03 fileNameGt=../../cp2016-max-common-connected-subgraph-paper/datasets/graphsdb/mcs10/bvg/b03/mcs10_b03_s100.B03
Reading graphs...
100 :  149
100 :  149
Initializing...
maxdom : 5
D->valSize : 302
Solving...
Blb : 2 (clique : 34)
currentSize : 34 <-- 0.003144 s
currentSize : 35 <-- 0.003487 s
currentSize : 36 <-- 0.573441 s
currentSize : 37 <-- 0.656247 s
currentSize : 38 <-- 3.523211 s
currentSize : 39 <-- 561.201660 s
currentSize : 40 <-- 668.795166 s

TIMEOUT
maxsize : 40
nodes : 191186058.000000
filtered : 544944158.000000
time : 1000.000061
