Parameters: GAD=1 vflib=1 dir=0 label=0 vlabel=1 lowerbound=1 fileNameGp=../../cp2016-max-common-connected-subgraph-paper/datasets/graphsdb/mcs10/rand/r02/mcs10_r02_s90.A01 fileNameGt=../../cp2016-max-common-connected-subgraph-paper/datasets/graphsdb/mcs10/rand/r02/mcs10_r02_s90.B01
Reading graphs...
90 :  1433
90 :  1419
Initializing...
maxdom : 10
D->valSize : 477
Solving...
Blb : 3 (clique : 10)
currentSize : 10 <-- 0.004873 s
currentSize : 11 <-- 0.005677 s
currentSize : 12 <-- 0.046269 s
currentSize : 13 <-- 0.077704 s
currentSize : 14 <-- 7.158798 s
currentSize : 15 <-- 44.434856 s

maxsize : 15
nodes : 45116350.000000
filtered : 308233919.000000
time : 274.125946
