Parameters: GAD=1 vflib=1 dir=0 label=0 vlabel=1 lowerbound=1 fileNameGp=../../cp2016-max-common-connected-subgraph-paper/datasets/graphsdb/mcs10/m2D/m2Dr4/mcs10_m2Dr4_s60.A02 fileNameGt=../../cp2016-max-common-connected-subgraph-paper/datasets/graphsdb/mcs10/m2D/m2Dr4/mcs10_m2Dr4_s60.B02
Reading graphs...
60 :  127
60 :  127
Initializing...
maxdom : 7
D->valSize : 272
Solving...
Blb : 2 (clique : 19)
currentSize : 19 <-- 0.003196 s
currentSize : 20 <-- 0.005430 s
currentSize : 21 <-- 0.008212 s
currentSize : 22 <-- 0.009402 s
currentSize : 23 <-- 0.042014 s
currentSize : 24 <-- 0.090669 s
currentSize : 25 <-- 2.814900 s
currentSize : 26 <-- 23.963837 s

maxsize : 26
nodes : 32820175.000000
filtered : 269196606.000000
time : 165.705856
