Parameters: GAD=1 vflib=1 dir=0 label=0 vlabel=1 lowerbound=1 fileNameGp=../../cp2016-max-common-connected-subgraph-paper/datasets/graphsdb/mcs10/rand/r005/mcs10_r005_s70.A06 fileNameGt=../../cp2016-max-common-connected-subgraph-paper/datasets/graphsdb/mcs10/rand/r005/mcs10_r005_s70.B06
Reading graphs...
70 :  243
70 :  237
Initializing...
maxdom : 7
D->valSize : 301
Solving...
Blb : 5 (clique : 17)
currentSize : 17 <-- 0.002376 s
currentSize : 18 <-- 0.012586 s
currentSize : 19 <-- 0.027131 s
currentSize : 20 <-- 0.356456 s
currentSize : 21 <-- 0.382086 s
currentSize : 22 <-- 1.292617 s
currentSize : 23 <-- 7.475174 s
currentSize : 24 <-- 108.010475 s
currentSize : 25 <-- 312.852905 s

maxsize : 25
nodes : 169716725.000000
filtered : 1221964326.000000
time : 857.414062
