Parameters: GAD=1 vflib=1 dir=0 label=0 vlabel=1 lowerbound=1 fileNameGp=../../cp2016-max-common-connected-subgraph-paper/datasets/graphsdb/mcs10/m2D/m2Dr6/mcs10_m2Dr6_s50.A08 fileNameGt=../../cp2016-max-common-connected-subgraph-paper/datasets/graphsdb/mcs10/m2D/m2Dr6/mcs10_m2Dr6_s50.B08
Reading graphs...
50 :  114
50 :  110
Initializing...
maxdom : 11
D->valSize : 299
Solving...
Blb : 5 (clique : 19)
currentSize : 19 <-- 0.002149 s
currentSize : 20 <-- 0.007916 s
currentSize : 21 <-- 0.195696 s
currentSize : 22 <-- 0.802239 s
currentSize : 23 <-- 1.590408 s
currentSize : 24 <-- 4.009395 s

maxsize : 24
nodes : 6822726.000000
filtered : 105749025.000000
time : 37.283173
