Parameters: GAD=1 vflib=1 dir=0 label=0 vlabel=1 lowerbound=1 fileNameGp=../../cp2016-max-common-connected-subgraph-paper/datasets/graphsdb/mcs10/m2D/m2D/mcs10_m2D_s90.A07 fileNameGt=../../cp2016-max-common-connected-subgraph-paper/datasets/graphsdb/mcs10/m2D/m2D/mcs10_m2D_s90.B07
Reading graphs...
90 :  160
90 :  160
Initializing...
maxdom : 9
D->valSize : 501
Solving...
Blb : 2 (clique : 35)
currentSize : 35 <-- 0.006814 s
currentSize : 36 <-- 0.043685 s
currentSize : 37 <-- 0.235458 s
currentSize : 38 <-- 0.299607 s
currentSize : 39 <-- 42.530746 s
currentSize : 40 <-- 56.802513 s
currentSize : 41 <-- 269.218262 s

TIMEOUT
maxsize : 41
nodes : 160384625.000000
filtered : 1132546183.000000
time : 1000.000122
