Parameters: GAD=1 vflib=1 dir=0 label=0 vlabel=1 lowerbound=1 fileNameGp=../../cp2016-max-common-connected-subgraph-paper/datasets/graphsdb/mcs10/rand/r01/mcs10_r01_s100.A00 fileNameGt=../../cp2016-max-common-connected-subgraph-paper/datasets/graphsdb/mcs10/rand/r01/mcs10_r01_s100.B00
Reading graphs...
100 :  935
100 :  943
Initializing...
maxdom : 6
D->valSize : 341
Solving...
Blb : 2 (clique : 13)
currentSize : 13 <-- 0.003323 s
currentSize : 14 <-- 0.003664 s
currentSize : 15 <-- 0.003813 s
currentSize : 16 <-- 0.007460 s
currentSize : 17 <-- 0.116691 s
currentSize : 18 <-- 2.289782 s
currentSize : 19 <-- 78.546661 s
currentSize : 20 <-- 134.846924 s

maxsize : 20
nodes : 160612928.000000
filtered : 1033325950.000000
time : 988.070618
