Parameters: GAD=1 vflib=1 dir=0 label=0 vlabel=1 lowerbound=1 fileNameGp=../../cp2016-max-common-connected-subgraph-paper/datasets/graphsdb/mcs10/rand/r005/mcs10_r005_s50.A08 fileNameGt=../../cp2016-max-common-connected-subgraph-paper/datasets/graphsdb/mcs10/rand/r005/mcs10_r005_s50.B08
Reading graphs...
50 :  124
50 :  119
Initializing...
maxdom : 8
D->valSize : 286
Solving...
Blb : 2 (clique : 17)
currentSize : 17 <-- 0.002910 s
currentSize : 18 <-- 0.003152 s
currentSize : 19 <-- 0.003712 s
currentSize : 20 <-- 0.322516 s
currentSize : 21 <-- 1.806914 s
currentSize : 22 <-- 5.445728 s
currentSize : 23 <-- 58.386589 s

maxsize : 23
nodes : 18332928.000000
filtered : 210477481.000000
time : 93.050194
