Parameters: GAD=1 vflib=1 dir=0 label=0 vlabel=1 lowerbound=1 fileNameGp=../../cp2016-max-common-connected-subgraph-paper/datasets/graphsdb/mcs10/rand/r01/mcs10_r01_s80.A03 fileNameGt=../../cp2016-max-common-connected-subgraph-paper/datasets/graphsdb/mcs10/rand/r01/mcs10_r01_s80.B03
Reading graphs...
80 :  605
80 :  609
Initializing...
maxdom : 10
D->valSize : 389
Solving...
Blb : 2 (clique : 13)
currentSize : 13 <-- 0.005584 s
currentSize : 14 <-- 0.006184 s
currentSize : 15 <-- 0.006855 s
currentSize : 16 <-- 0.011801 s
currentSize : 17 <-- 0.013015 s
currentSize : 18 <-- 0.399025 s
currentSize : 19 <-- 41.601604 s

TIMEOUT
maxsize : 19
nodes : 181395624.000000
filtered : 1316523974.000000
time : 1000.000061
