Parameters: GAD=1 vflib=1 dir=0 label=0 vlabel=1 lowerbound=1 fileNameGp=../../cp2016-max-common-connected-subgraph-paper/datasets/graphsdb/mcs10/m3D/m3D/mcs10_m3D_s70.A09 fileNameGt=../../cp2016-max-common-connected-subgraph-paper/datasets/graphsdb/mcs10/m3D/m3D/mcs10_m3D_s70.B09
Reading graphs...
70 :  156
70 :  157
Initializing...
maxdom : 7
D->valSize : 321
Solving...
Blb : 2 (clique : 22)
currentSize : 22 <-- 0.002620 s
currentSize : 23 <-- 0.002811 s
currentSize : 24 <-- 0.002969 s
currentSize : 25 <-- 1.376081 s
currentSize : 26 <-- 3.267104 s
currentSize : 27 <-- 5.174794 s
currentSize : 28 <-- 34.083817 s
currentSize : 29 <-- 129.878418 s

TIMEOUT
maxsize : 29
nodes : 216346600.000000
filtered : 1338133061.000000
time : 1000.000000
