Parameters: GAD=1 vflib=1 dir=0 label=0 vlabel=1 lowerbound=1 fileNameGp=../../cp2016-max-common-connected-subgraph-paper/datasets/graphsdb/mcs10/m2D/m2D/mcs10_m2D_s80.A07 fileNameGt=../../cp2016-max-common-connected-subgraph-paper/datasets/graphsdb/mcs10/m2D/m2D/mcs10_m2D_s80.B07
Reading graphs...
80 :  141
80 :  142
Initializing...
maxdom : 10
D->valSize : 428
Solving...
Blb : 5 (clique : 26)
currentSize : 26 <-- 0.004149 s
currentSize : 29 <-- 0.004346 s
currentSize : 30 <-- 0.004398 s
currentSize : 31 <-- 0.005111 s
currentSize : 32 <-- 0.006388 s
currentSize : 33 <-- 0.166840 s
currentSize : 34 <-- 574.418274 s
currentSize : 35 <-- 589.315491 s

TIMEOUT
maxsize : 35
nodes : 181659424.000000
filtered : 1516338922.000000
time : 1000.000061
