Parameters: GAD=1 vflib=1 dir=0 label=0 vlabel=1 lowerbound=1 fileNameGp=../../cp2016-max-common-connected-subgraph-paper/datasets/graphsdb/mcs10/bvg/b09/mcs10_b09_s100.A07 fileNameGt=../../cp2016-max-common-connected-subgraph-paper/datasets/graphsdb/mcs10/bvg/b09/mcs10_b09_s100.B07
Reading graphs...
100 :  446
100 :  441
Initializing...
maxdom : 9
D->valSize : 317
Solving...
Blb : 2 (clique : 21)
currentSize : 21 <-- 0.003072 s
currentSize : 22 <-- 0.003327 s
currentSize : 23 <-- 0.130370 s
currentSize : 24 <-- 0.153753 s
currentSize : 25 <-- 0.724241 s
currentSize : 26 <-- 2.212872 s
currentSize : 27 <-- 2.736455 s
currentSize : 28 <-- 28.291452 s
currentSize : 29 <-- 31.072489 s
currentSize : 30 <-- 727.657959 s

TIMEOUT
maxsize : 30
nodes : 165915430.000000
filtered : 1130116689.000000
time : 1000.000061
