Parameters: GAD=1 vflib=1 dir=0 label=0 vlabel=1 lowerbound=1 fileNameGp=../../cp2016-max-common-connected-subgraph-paper/datasets/graphsdb/mcs10/bvg/b03/mcs10_b03_s50.A05 fileNameGt=../../cp2016-max-common-connected-subgraph-paper/datasets/graphsdb/mcs10/bvg/b03/mcs10_b03_s50.B05
Reading graphs...
50 :  74
50 :  73
Initializing...
maxdom : 11
D->valSize : 309
Solving...
Blb : 2 (clique : 20)
currentSize : 20 <-- 0.002242 s
currentSize : 21 <-- 0.002990 s
currentSize : 22 <-- 0.007245 s
currentSize : 23 <-- 0.444283 s
currentSize : 24 <-- 5.180355 s
currentSize : 25 <-- 43.558071 s
currentSize : 26 <-- 613.097046 s

TIMEOUT
maxsize : 26
nodes : 225978348.000000
filtered : 2174996609.000000
time : 1000.000000
