Parameters: GAD=1 vflib=1 dir=0 label=0 vlabel=1 lowerbound=1 fileNameGp=../../cp2016-max-common-connected-subgraph-paper/datasets/graphsdb/mcs10/m2D/m2D/mcs10_m2D_s100.A04 fileNameGt=../../cp2016-max-common-connected-subgraph-paper/datasets/graphsdb/mcs10/m2D/m2D/mcs10_m2D_s100.B04
Reading graphs...
100 :  178
100 :  179
Initializing...
maxdom : 8
D->valSize : 335
Solving...
Blb : 2 (clique : 33)
currentSize : 33 <-- 0.003652 s
currentSize : 34 <-- 0.004028 s
currentSize : 35 <-- 0.083627 s
currentSize : 36 <-- 0.131370 s
currentSize : 37 <-- 1.595893 s
currentSize : 38 <-- 5.922007 s
currentSize : 39 <-- 5.996564 s
currentSize : 40 <-- 30.943537 s
currentSize : 41 <-- 69.515633 s

TIMEOUT
maxsize : 41
nodes : 183045194.000000
filtered : 829624099.000000
time : 1000.000122
