Parameters: GAD=1 vflib=1 dir=0 label=0 vlabel=1 lowerbound=1 fileNameGp=../../cp2016-max-common-connected-subgraph-paper/datasets/graphsdb/mcs10/m3D/m3Dr2/mcs10_m3Dr2_s90.A02 fileNameGt=../../cp2016-max-common-connected-subgraph-paper/datasets/graphsdb/mcs10/m3D/m3Dr2/mcs10_m3Dr2_s90.B02
Reading graphs...
90 :  221
90 :  225
Initializing...
maxdom : 9
D->valSize : 533
Solving...
Blb : 2 (clique : 28)
currentSize : 28 <-- 0.006163 s
currentSize : 29 <-- 0.006473 s
currentSize : 30 <-- 0.044413 s
currentSize : 31 <-- 0.552515 s
currentSize : 32 <-- 1.170422 s
currentSize : 33 <-- 1.445438 s
currentSize : 34 <-- 3.708938 s
currentSize : 35 <-- 61.002907 s

TIMEOUT
maxsize : 35
nodes : 152722087.000000
filtered : 1260600887.000000
time : 1000.000061
