Parameters: GAD=1 vflib=1 dir=0 label=0 vlabel=1 lowerbound=1 fileNameGp=../../cp2016-max-common-connected-subgraph-paper/datasets/graphsdb/mcs10/rand/r005/mcs10_r005_s60.A04 fileNameGt=../../cp2016-max-common-connected-subgraph-paper/datasets/graphsdb/mcs10/rand/r005/mcs10_r005_s60.B04
Reading graphs...
60 :  179
60 :  177
Initializing...
maxdom : 7
D->valSize : 229
Solving...
Blb : 2 (clique : 18)
currentSize : 18 <-- 0.001547 s
currentSize : 19 <-- 0.001920 s
currentSize : 20 <-- 0.008303 s
currentSize : 21 <-- 0.046823 s
currentSize : 22 <-- 7.763067 s

maxsize : 22
nodes : 16736465.000000
filtered : 119962825.000000
time : 76.470062
