Parameters: GAD=1 vflib=1 dir=0 label=0 vlabel=1 lowerbound=1 fileNameGp=../../cp2016-max-common-connected-subgraph-paper/datasets/graphsdb/mcs10/bvg/b09m/mcs10_b09m_s100.A09 fileNameGt=../../cp2016-max-common-connected-subgraph-paper/datasets/graphsdb/mcs10/bvg/b09m/mcs10_b09m_s100.B09
Reading graphs...
100 :  437
100 :  438
Initializing...
maxdom : 8
D->valSize : 330
Solving...
Blb : 2 (clique : 20)
currentSize : 20 <-- 0.003260 s
currentSize : 21 <-- 0.003518 s
currentSize : 22 <-- 0.003773 s
currentSize : 23 <-- 0.003996 s
currentSize : 24 <-- 0.008536 s
currentSize : 25 <-- 0.012532 s
currentSize : 26 <-- 0.036465 s
currentSize : 27 <-- 1.004312 s
currentSize : 28 <-- 3.726679 s

TIMEOUT
maxsize : 28
nodes : 167858042.000000
filtered : 975147527.000000
time : 1000.000000
