Parameters: GAD=1 vflib=1 dir=0 label=0 vlabel=1 lowerbound=1 fileNameGp=../../cp2016-max-common-connected-subgraph-paper/datasets/graphsdb/mcs10/m2D/m2D/mcs10_m2D_s100.A02 fileNameGt=../../cp2016-max-common-connected-subgraph-paper/datasets/graphsdb/mcs10/m2D/m2D/mcs10_m2D_s100.B02
Reading graphs...
100 :  180
100 :  178
Initializing...
maxdom : 7
D->valSize : 310
Solving...
Blb : 2 (clique : 35)
currentSize : 35 <-- 0.003138 s
currentSize : 36 <-- 0.003500 s
currentSize : 37 <-- 6.621942 s
currentSize : 38 <-- 6.694897 s
currentSize : 39 <-- 19.789268 s
currentSize : 40 <-- 585.275879 s

TIMEOUT
maxsize : 40
nodes : 179361292.000000
filtered : 700336804.000000
time : 1000.000122
