Parameters: GAD=1 vflib=1 dir=0 label=0 vlabel=1 lowerbound=1 fileNameGp=../../cp2016-max-common-connected-subgraph-paper/datasets/graphsdb/mcs10/rand/r02/mcs10_r02_s80.A05 fileNameGt=../../cp2016-max-common-connected-subgraph-paper/datasets/graphsdb/mcs10/rand/r02/mcs10_r02_s80.B05
Reading graphs...
80 :  1139
80 :  1137
Initializing...
maxdom : 10
D->valSize : 400
Solving...
Blb : 5 (clique : 9)
currentSize : 9 <-- 0.003785 s
currentSize : 10 <-- 0.003912 s
currentSize : 11 <-- 0.005325 s
currentSize : 12 <-- 0.011223 s
currentSize : 13 <-- 0.366586 s
currentSize : 14 <-- 18.930861 s

maxsize : 14
nodes : 16908610.000000
filtered : 106473202.000000
time : 93.243431
