Parameters: GAD=1 vflib=1 dir=0 label=0 vlabel=1 lowerbound=1 fileNameGp=../../cp2016-max-common-connected-subgraph-paper/datasets/graphsdb/mcs10/m2D/m2Dr2/mcs10_m2Dr2_s70.A07 fileNameGt=../../cp2016-max-common-connected-subgraph-paper/datasets/graphsdb/mcs10/m2D/m2Dr2/mcs10_m2Dr2_s70.B07
Reading graphs...
70 :  135
70 :  133
Initializing...
maxdom : 9
D->valSize : 323
Solving...
Blb : 2 (clique : 25)
currentSize : 25 <-- 0.002707 s
currentSize : 26 <-- 0.003110 s
currentSize : 27 <-- 0.055255 s
currentSize : 28 <-- 0.122041 s
currentSize : 29 <-- 1.405207 s
currentSize : 30 <-- 16.616114 s

TIMEOUT
maxsize : 30
nodes : 207080218.000000
filtered : 1447217913.000000
time : 1000.000000
