Parameters: GAD=1 vflib=1 dir=0 label=0 vlabel=1 lowerbound=1 fileNameGp=../../cp2016-max-common-connected-subgraph-paper/datasets/graphsdb/mcs10/m3D/m3Dr6/mcs10_m3Dr6_s70.A09 fileNameGt=../../cp2016-max-common-connected-subgraph-paper/datasets/graphsdb/mcs10/m3D/m3Dr6/mcs10_m3Dr6_s70.B09
Reading graphs...
70 :  192
70 :  196
Initializing...
maxdom : 8
D->valSize : 291
Solving...
Blb : 2 (clique : 19)
currentSize : 19 <-- 0.002393 s
currentSize : 20 <-- 0.002797 s
currentSize : 21 <-- 0.009110 s
currentSize : 22 <-- 0.090104 s
currentSize : 23 <-- 0.284302 s
currentSize : 24 <-- 2.137026 s
currentSize : 25 <-- 6.323859 s
currentSize : 26 <-- 347.962036 s

TIMEOUT
maxsize : 26
nodes : 196408054.000000
filtered : 1529338838.000000
time : 1000.000000
