Parameters: GAD=1 vflib=1 dir=0 label=0 vlabel=1 lowerbound=1 fileNameGp=../../cp2016-max-common-connected-subgraph-paper/datasets/graphsdb/mcs10/m2D/m2D/mcs10_m2D_s80.A08 fileNameGt=../../cp2016-max-common-connected-subgraph-paper/datasets/graphsdb/mcs10/m2D/m2D/mcs10_m2D_s80.B08
Reading graphs...
80 :  140
80 :  142
Initializing...
maxdom : 10
D->valSize : 397
Solving...
Blb : 2 (clique : 29)
currentSize : 29 <-- 0.006136 s
currentSize : 30 <-- 0.006538 s
currentSize : 31 <-- 0.007467 s
currentSize : 32 <-- 0.010736 s
currentSize : 33 <-- 0.961376 s
currentSize : 34 <-- 5.857662 s

TIMEOUT
maxsize : 34
nodes : 181751880.000000
filtered : 1505885780.000000
time : 1000.000061
