Parameters: GAD=1 vflib=1 dir=0 label=0 vlabel=1 lowerbound=1 fileNameGp=../../cp2016-max-common-connected-subgraph-paper/datasets/graphsdb/mcs10/bvg/b03/mcs10_b03_s60.A02 fileNameGt=../../cp2016-max-common-connected-subgraph-paper/datasets/graphsdb/mcs10/bvg/b03/mcs10_b03_s60.B02
Reading graphs...
60 :  89
60 :  90
Initializing...
maxdom : 7
D->valSize : 235
Solving...
Blb : 2 (clique : 22)
currentSize : 22 <-- 0.002031 s
currentSize : 23 <-- 0.006804 s
currentSize : 24 <-- 0.009187 s
currentSize : 25 <-- 0.080151 s
currentSize : 26 <-- 0.115030 s
currentSize : 27 <-- 0.991864 s
currentSize : 28 <-- 0.991989 s
currentSize : 29 <-- 56.747704 s
currentSize : 30 <-- 109.298653 s
currentSize : 31 <-- 117.559654 s

maxsize : 31
nodes : 34174643.000000
filtered : 284012643.000000
time : 163.800293
