Parameters: GAD=1 vflib=1 dir=0 label=0 vlabel=1 lowerbound=1 fileNameGp=../../cp2016-max-common-connected-subgraph-paper/datasets/graphsdb/mcs10/m2D/m2D/mcs10_m2D_s60.A06 fileNameGt=../../cp2016-max-common-connected-subgraph-paper/datasets/graphsdb/mcs10/m2D/m2D/mcs10_m2D_s60.B06
Reading graphs...
60 :  102
60 :  103
Initializing...
maxdom : 8
D->valSize : 240
Solving...
Blb : 2 (clique : 21)
currentSize : 21 <-- 0.002748 s
currentSize : 22 <-- 0.006001 s
currentSize : 23 <-- 0.043399 s
currentSize : 24 <-- 1.018544 s
currentSize : 25 <-- 4.559231 s
currentSize : 26 <-- 37.769997 s

maxsize : 26
nodes : 87402368.000000
filtered : 659356340.000000
time : 393.560974
