Parameters: GAD=1 vflib=1 dir=0 label=0 vlabel=1 lowerbound=1 fileNameGp=../../cp2016-max-common-connected-subgraph-paper/datasets/graphsdb/mcs10/m3D/m3Dr4/mcs10_m3Dr4_s70.A03 fileNameGt=../../cp2016-max-common-connected-subgraph-paper/datasets/graphsdb/mcs10/m3D/m3Dr4/mcs10_m3Dr4_s70.B03
Reading graphs...
70 :  181
70 :  185
Initializing...
maxdom : 10
D->valSize : 342
Solving...
Blb : 2 (clique : 23)
currentSize : 23 <-- 0.003214 s
currentSize : 24 <-- 0.003961 s
currentSize : 25 <-- 0.006898 s
currentSize : 26 <-- 0.140756 s
currentSize : 27 <-- 5.185506 s
currentSize : 28 <-- 33.803204 s

TIMEOUT
maxsize : 28
nodes : 188921118.000000
filtered : 1505078064.000000
time : 1000.000000
