Parameters: GAD=1 vflib=1 dir=0 label=0 vlabel=1 lowerbound=1 fileNameGp=../../cp2016-max-common-connected-subgraph-paper/datasets/graphsdb/mcs10/bvg/b03/mcs10_b03_s50.A03 fileNameGt=../../cp2016-max-common-connected-subgraph-paper/datasets/graphsdb/mcs10/bvg/b03/mcs10_b03_s50.B03
Reading graphs...
50 :  75
50 :  74
Initializing...
maxdom : 10
D->valSize : 322
Solving...
Blb : 2 (clique : 22)
currentSize : 22 <-- 0.002437 s
currentSize : 23 <-- 0.002755 s
currentSize : 24 <-- 0.004549 s
currentSize : 25 <-- 0.004716 s
currentSize : 26 <-- 3.103793 s
currentSize : 27 <-- 103.170280 s

maxsize : 27
nodes : 66952729.000000
filtered : 768312737.000000
time : 355.806488
