Parameters: GAD=1 vflib=1 dir=0 label=0 vlabel=1 lowerbound=1 fileNameGp=../../cp2016-max-common-connected-subgraph-paper/datasets/graphsdb/mcs10/m3D/m3Dr6/mcs10_m3Dr6_s100.A03 fileNameGt=../../cp2016-max-common-connected-subgraph-paper/datasets/graphsdb/mcs10/m3D/m3Dr6/mcs10_m3Dr6_s100.B03
Reading graphs...
100 :  291
100 :  290
Initializing...
maxdom : 7
D->valSize : 307
Solving...
Blb : 2 (clique : 28)
currentSize : 28 <-- 0.004998 s
currentSize : 29 <-- 0.009723 s
currentSize : 30 <-- 0.046319 s
currentSize : 31 <-- 0.046997 s
currentSize : 32 <-- 1.751507 s
currentSize : 33 <-- 2.522113 s
currentSize : 34 <-- 864.181030 s

TIMEOUT
maxsize : 34
nodes : 191964962.000000
filtered : 730394723.000000
time : 1000.000061
