Parameters: GAD=1 vflib=1 dir=0 label=0 vlabel=1 lowerbound=1 fileNameGp=../../cp2016-max-common-connected-subgraph-paper/datasets/graphsdb/mcs10/m2D/m2Dr6/mcs10_m2Dr6_s60.A00 fileNameGt=../../cp2016-max-common-connected-subgraph-paper/datasets/graphsdb/mcs10/m2D/m2Dr6/mcs10_m2Dr6_s60.B00
Reading graphs...
60 :  137
60 :  138
Initializing...
maxdom : 8
D->valSize : 242
Solving...
Blb : 2 (clique : 18)
currentSize : 18 <-- 0.002849 s
currentSize : 20 <-- 0.003005 s
currentSize : 21 <-- 0.003248 s
currentSize : 23 <-- 0.003768 s
currentSize : 24 <-- 0.004013 s
currentSize : 25 <-- 0.009296 s
currentSize : 26 <-- 0.398236 s

maxsize : 26
nodes : 13923803.000000
filtered : 108931510.000000
time : 67.773453
