Parameters: GAD=1 vflib=1 dir=0 label=0 vlabel=1 lowerbound=1 fileNameGp=../../cp2016-max-common-connected-subgraph-paper/datasets/graphsdb/mcs10/m3D/m3Dr4/mcs10_m3Dr4_s100.A04 fileNameGt=../../cp2016-max-common-connected-subgraph-paper/datasets/graphsdb/mcs10/m3D/m3Dr4/mcs10_m3Dr4_s100.B04
Reading graphs...
100 :  271
100 :  271
Initializing...
maxdom : 6
D->valSize : 331
Solving...
Blb : 2 (clique : 29)
currentSize : 29 <-- 0.003264 s
currentSize : 30 <-- 0.003616 s
currentSize : 31 <-- 0.004035 s
currentSize : 32 <-- 0.039134 s
currentSize : 33 <-- 0.109770 s
currentSize : 34 <-- 0.159877 s
currentSize : 35 <-- 73.645943 s

TIMEOUT
maxsize : 35
nodes : 178104463.000000
filtered : 820285749.000000
time : 1000.000061
