Parameters: GAD=1 vflib=1 dir=0 label=0 vlabel=1 lowerbound=1 fileNameGp=../../cp2016-max-common-connected-subgraph-paper/datasets/graphsdb/mcs10/m4D/m4Dr6/mcs10_m4Dr6_s100.A02 fileNameGt=../../cp2016-max-common-connected-subgraph-paper/datasets/graphsdb/mcs10/m4D/m4Dr6/mcs10_m4Dr6_s100.B02
Reading graphs...
100 :  218
100 :  213
Initializing...
maxdom : 8
D->valSize : 335
Solving...
Blb : 2 (clique : 34)
currentSize : 34 <-- 0.004271 s
currentSize : 35 <-- 0.004693 s
currentSize : 36 <-- 0.005473 s
currentSize : 37 <-- 6.142955 s
currentSize : 38 <-- 25.928364 s
currentSize : 39 <-- 79.159454 s

TIMEOUT
maxsize : 39
nodes : 184224928.000000
filtered : 818264859.000000
time : 1000.000061
