Parameters: GAD=1 vflib=1 dir=0 label=0 vlabel=1 lowerbound=1 fileNameGp=../../cp2016-max-common-connected-subgraph-paper/datasets/graphsdb/mcs10/m4D/m4Dr2/mcs10_m4Dr2_s100.A08 fileNameGt=../../cp2016-max-common-connected-subgraph-paper/datasets/graphsdb/mcs10/m4D/m4Dr2/mcs10_m4Dr2_s100.B08
Reading graphs...
100 :  179
100 :  177
Initializing...
maxdom : 6
D->valSize : 315
Solving...
Blb : 2 (clique : 37)
currentSize : 37 <-- 0.005550 s
currentSize : 38 <-- 0.006069 s
currentSize : 39 <-- 0.057682 s
currentSize : 40 <-- 0.256162 s
currentSize : 41 <-- 1.347013 s
currentSize : 42 <-- 61.530087 s

TIMEOUT
maxsize : 42
nodes : 193188824.000000
filtered : 865284858.000000
time : 1000.000122
