Parameters: GAD=1 vflib=1 dir=0 label=0 vlabel=1 lowerbound=1 fileNameGp=../../cp2016-max-common-connected-subgraph-paper/datasets/graphsdb/mcs10/m2D/m2D/mcs10_m2D_s60.A01 fileNameGt=../../cp2016-max-common-connected-subgraph-paper/datasets/graphsdb/mcs10/m2D/m2D/mcs10_m2D_s60.B01
Reading graphs...
60 :  103
60 :  102
Initializing...
maxdom : 6
D->valSize : 229
Solving...
Blb : 2 (clique : 24)
currentSize : 24 <-- 0.001661 s
currentSize : 25 <-- 0.204770 s
currentSize : 26 <-- 0.295386 s
currentSize : 27 <-- 6.965984 s
currentSize : 28 <-- 7.343022 s
currentSize : 29 <-- 76.708168 s

maxsize : 29
nodes : 71252000.000000
filtered : 487981982.000000
time : 322.862823
