Parameters: GAD=1 vflib=1 dir=0 label=0 vlabel=1 lowerbound=1 fileNameGp=../../cp2016-max-common-connected-subgraph-paper/datasets/graphsdb/mcs10/m3D/m3D/mcs10_m3D_s60.A06 fileNameGt=../../cp2016-max-common-connected-subgraph-paper/datasets/graphsdb/mcs10/m3D/m3D/mcs10_m3D_s60.B06
Reading graphs...
60 :  133
60 :  132
Initializing...
maxdom : 6
D->valSize : 244
Solving...
Blb : 2 (clique : 21)
currentSize : 21 <-- 0.001715 s
currentSize : 22 <-- 0.002070 s
currentSize : 23 <-- 0.004707 s
currentSize : 24 <-- 1.912818 s
currentSize : 25 <-- 8.336818 s
currentSize : 26 <-- 9.153999 s
currentSize : 27 <-- 21.677324 s

maxsize : 27
nodes : 9647356.000000
filtered : 71720448.000000
time : 45.113274
