Parameters: GAD=1 vflib=1 dir=0 label=0 vlabel=1 lowerbound=1 fileNameGp=../../cp2016-max-common-connected-subgraph-paper/datasets/graphsdb/mcs10/m3D/m3Dr2/mcs10_m3Dr2_s70.A01 fileNameGt=../../cp2016-max-common-connected-subgraph-paper/datasets/graphsdb/mcs10/m3D/m3Dr2/mcs10_m3Dr2_s70.B01
Reading graphs...
70 :  168
70 :  172
Initializing...
maxdom : 7
D->valSize : 317
Solving...
Blb : 2 (clique : 21)
currentSize : 21 <-- 0.002519 s
currentSize : 22 <-- 0.002730 s
currentSize : 23 <-- 0.003482 s
currentSize : 24 <-- 0.745390 s
currentSize : 25 <-- 0.745524 s
currentSize : 26 <-- 0.748327 s
currentSize : 27 <-- 2.167991 s
currentSize : 28 <-- 2.190307 s
currentSize : 29 <-- 4.193443 s
currentSize : 30 <-- 838.610840 s

TIMEOUT
maxsize : 30
nodes : 193435359.000000
filtered : 1536670928.000000
time : 1000.000000
