Parameters: GAD=1 vflib=1 dir=0 label=0 vlabel=1 lowerbound=1 fileNameGp=../../cp2016-max-common-connected-subgraph-paper/datasets/graphsdb/mcs10/m2D/m2Dr2/mcs10_m2Dr2_s90.A01 fileNameGt=../../cp2016-max-common-connected-subgraph-paper/datasets/graphsdb/mcs10/m2D/m2Dr2/mcs10_m2Dr2_s90.B01
Reading graphs...
90 :  178
90 :  178
Initializing...
maxdom : 15
D->valSize : 556
Solving...
Blb : 2 (clique : 33)
currentSize : 33 <-- 0.006918 s
currentSize : 34 <-- 0.007189 s
currentSize : 35 <-- 0.018495 s
currentSize : 36 <-- 0.027952 s
currentSize : 37 <-- 0.047439 s
currentSize : 38 <-- 0.093661 s
currentSize : 39 <-- 0.126722 s
currentSize : 40 <-- 40.118828 s
currentSize : 41 <-- 197.518341 s

TIMEOUT
maxsize : 41
nodes : 186222294.000000
filtered : 1235303725.000000
time : 1000.000061
