Parameters: GAD=1 vflib=1 dir=0 label=0 vlabel=1 lowerbound=1 fileNameGp=../../cp2016-max-common-connected-subgraph-paper/datasets/graphsdb/mcs10/m3D/m3Dr6/mcs10_m3Dr6_s90.A06 fileNameGt=../../cp2016-max-common-connected-subgraph-paper/datasets/graphsdb/mcs10/m3D/m3Dr6/mcs10_m3Dr6_s90.B06
Reading graphs...
90 :  259
90 :  259
Initializing...
maxdom : 14
D->valSize : 488
Solving...
Blb : 2 (clique : 26)
currentSize : 26 <-- 0.008735 s
currentSize : 27 <-- 0.036542 s
currentSize : 28 <-- 0.184491 s
currentSize : 29 <-- 0.236199 s
currentSize : 30 <-- 0.888402 s
currentSize : 31 <-- 9.772502 s
currentSize : 32 <-- 107.749161 s

TIMEOUT
maxsize : 32
nodes : 171998420.000000
filtered : 1401075695.000000
time : 1000.000061
