Parameters: GAD=1 vflib=1 dir=0 label=0 vlabel=1 lowerbound=1 fileNameGp=../../cp2016-max-common-connected-subgraph-paper/datasets/graphsdb/mcs10/bvg/b06/mcs10_b06_s70.A05 fileNameGt=../../cp2016-max-common-connected-subgraph-paper/datasets/graphsdb/mcs10/bvg/b06/mcs10_b06_s70.B05
Reading graphs...
70 :  205
70 :  208
Initializing...
maxdom : 8
D->valSize : 316
Solving...
Blb : 2 (clique : 21)
currentSize : 21 <-- 0.002666 s
currentSize : 22 <-- 0.002993 s
currentSize : 23 <-- 0.003159 s
currentSize : 24 <-- 0.010795 s
currentSize : 25 <-- 0.580073 s
currentSize : 26 <-- 7.299203 s
currentSize : 27 <-- 143.009506 s

TIMEOUT
maxsize : 27
nodes : 192293042.000000
filtered : 1669569808.000000
time : 1000.000000
