Parameters: GAD=1 vflib=1 dir=0 label=0 vlabel=1 lowerbound=1 fileNameGp=../../cp2016-max-common-connected-subgraph-paper/datasets/graphsdb/mcs10/bvg/b06m/mcs10_b06m_s80.A09 fileNameGt=../../cp2016-max-common-connected-subgraph-paper/datasets/graphsdb/mcs10/bvg/b06m/mcs10_b06m_s80.B09
Reading graphs...
80 :  235
80 :  234
Initializing...
maxdom : 9
D->valSize : 404
Solving...
Blb : 2 (clique : 22)
currentSize : 22 <-- 0.003750 s
currentSize : 23 <-- 0.003977 s
currentSize : 24 <-- 0.004187 s
currentSize : 25 <-- 0.006401 s
currentSize : 26 <-- 0.010081 s
currentSize : 27 <-- 0.123595 s
currentSize : 28 <-- 12.055870 s
currentSize : 29 <-- 320.396057 s

TIMEOUT
maxsize : 29
nodes : 187525894.000000
filtered : 1303237799.000000
time : 1000.000000
