Parameters: GAD=1 vflib=1 dir=0 label=0 vlabel=1 lowerbound=1 fileNameGp=../../cp2016-max-common-connected-subgraph-paper/datasets/graphsdb/mcs10/rand/r005/mcs10_r005_s100.A00 fileNameGt=../../cp2016-max-common-connected-subgraph-paper/datasets/graphsdb/mcs10/rand/r005/mcs10_r005_s100.B00
Reading graphs...
100 :  487
100 :  488
Initializing...
maxdom : 7
D->valSize : 336
Solving...
Blb : 2 (clique : 20)
currentSize : 20 <-- 0.003354 s
currentSize : 21 <-- 0.003553 s
currentSize : 22 <-- 0.003946 s
currentSize : 23 <-- 0.029787 s
currentSize : 24 <-- 1.467037 s
currentSize : 25 <-- 20.985683 s
currentSize : 26 <-- 161.946030 s

TIMEOUT
maxsize : 26
nodes : 171838728.000000
filtered : 894638070.000000
time : 1000.000000
