Parameters: GAD=1 vflib=1 dir=0 label=0 vlabel=1 lowerbound=1 fileNameGp=../../cp2016-max-common-connected-subgraph-paper/datasets/graphsdb/mcs10/m3D/m3D/mcs10_m3D_s70.A01 fileNameGt=../../cp2016-max-common-connected-subgraph-paper/datasets/graphsdb/mcs10/m3D/m3D/mcs10_m3D_s70.B01
Reading graphs...
70 :  157
70 :  156
Initializing...
maxdom : 10
D->valSize : 338
Solving...
Blb : 2 (clique : 22)
currentSize : 22 <-- 0.002827 s
currentSize : 23 <-- 0.003028 s
currentSize : 24 <-- 0.003126 s
currentSize : 25 <-- 0.003363 s
currentSize : 26 <-- 0.005146 s
currentSize : 27 <-- 0.045337 s
currentSize : 28 <-- 1.786727 s
currentSize : 29 <-- 37.032520 s

TIMEOUT
maxsize : 29
nodes : 178960321.000000
filtered : 1569089910.000000
time : 1000.000000
