Parameters: GAD=1 vflib=1 dir=0 label=0 vlabel=1 lowerbound=1 fileNameGp=../../cp2016-max-common-connected-subgraph-paper/datasets/graphsdb/mcs10/m2D/m2Dr2/mcs10_m2Dr2_s70.A05 fileNameGt=../../cp2016-max-common-connected-subgraph-paper/datasets/graphsdb/mcs10/m2D/m2Dr2/mcs10_m2Dr2_s70.B05
Reading graphs...
70 :  136
70 :  136
Initializing...
maxdom : 9
D->valSize : 332
Solving...
Blb : 2 (clique : 24)
currentSize : 24 <-- 0.004687 s
currentSize : 25 <-- 0.005504 s
currentSize : 26 <-- 0.008617 s
currentSize : 27 <-- 0.010115 s
currentSize : 28 <-- 0.016469 s
currentSize : 29 <-- 0.958651 s
currentSize : 30 <-- 687.802917 s

TIMEOUT
maxsize : 30
nodes : 204134876.000000
filtered : 1438707202.000000
time : 1000.000000
