Parameters: GAD=1 vflib=1 dir=0 label=0 vlabel=1 lowerbound=1 fileNameGp=../../cp2016-max-common-connected-subgraph-paper/datasets/graphsdb/mcs10/m2D/m2D/mcs10_m2D_s100.A03 fileNameGt=../../cp2016-max-common-connected-subgraph-paper/datasets/graphsdb/mcs10/m2D/m2D/mcs10_m2D_s100.B03
Reading graphs...
100 :  180
100 :  179
Initializing...
maxdom : 7
D->valSize : 321
Solving...
Blb : 2 (clique : 31)
currentSize : 31 <-- 0.005262 s
currentSize : 32 <-- 0.005899 s
currentSize : 33 <-- 0.035607 s
currentSize : 34 <-- 0.036462 s
currentSize : 35 <-- 0.047296 s
currentSize : 36 <-- 0.074583 s
currentSize : 37 <-- 6.644722 s
currentSize : 38 <-- 19.187456 s
currentSize : 39 <-- 19.640160 s
currentSize : 40 <-- 107.727455 s
currentSize : 41 <-- 562.109741 s

TIMEOUT
maxsize : 41
nodes : 175085507.000000
filtered : 898076027.000000
time : 1000.000061
