Parameters: GAD=1 vflib=1 dir=0 label=0 vlabel=1 lowerbound=1 fileNameGp=../../cp2016-max-common-connected-subgraph-paper/datasets/graphsdb/mcs10/bvg/b03/mcs10_b03_s60.A07 fileNameGt=../../cp2016-max-common-connected-subgraph-paper/datasets/graphsdb/mcs10/bvg/b03/mcs10_b03_s60.B07
Reading graphs...
60 :  90
60 :  90
Initializing...
maxdom : 8
D->valSize : 249
Solving...
Blb : 2 (clique : 23)
currentSize : 23 <-- 0.001958 s
currentSize : 24 <-- 0.002262 s
currentSize : 25 <-- 0.013069 s
currentSize : 26 <-- 0.044601 s
currentSize : 27 <-- 20.368692 s
currentSize : 28 <-- 26.454800 s

maxsize : 28
nodes : 119254262.000000
filtered : 946318172.000000
time : 544.080505
