Parameters: GAD=1 vflib=1 dir=0 label=0 vlabel=1 lowerbound=1 fileNameGp=../../cp2016-max-common-connected-subgraph-paper/datasets/graphsdb/mcs10/m3D/m3Dr2/mcs10_m3Dr2_s90.A07 fileNameGt=../../cp2016-max-common-connected-subgraph-paper/datasets/graphsdb/mcs10/m3D/m3Dr2/mcs10_m3Dr2_s90.B07
Reading graphs...
90 :  224
90 :  223
Initializing...
maxdom : 10
D->valSize : 507
Solving...
Blb : 2 (clique : 29)
currentSize : 29 <-- 0.005569 s
currentSize : 30 <-- 0.006759 s
currentSize : 31 <-- 0.959168 s
currentSize : 32 <-- 4.663537 s
currentSize : 33 <-- 4.664088 s
currentSize : 34 <-- 63.570683 s
currentSize : 35 <-- 72.148483 s
currentSize : 36 <-- 229.420197 s

TIMEOUT
maxsize : 36
nodes : 169084378.000000
filtered : 1429722067.000000
time : 1000.000061
