Parameters: GAD=1 vflib=1 dir=0 label=0 vlabel=1 lowerbound=1 fileNameGp=../../cp2016-max-common-connected-subgraph-paper/datasets/graphsdb/mcs10/bvg/b03m/mcs10_b03m_s80.A03 fileNameGt=../../cp2016-max-common-connected-subgraph-paper/datasets/graphsdb/mcs10/bvg/b03m/mcs10_b03m_s80.B03
Reading graphs...
80 :  120
80 :  120
Initializing...
maxdom : 8
D->valSize : 420
Solving...
Blb : 2 (clique : 31)
currentSize : 31 <-- 0.004055 s
currentSize : 32 <-- 0.004307 s
currentSize : 33 <-- 0.004422 s
currentSize : 35 <-- 0.009238 s
currentSize : 36 <-- 69.797066 s
currentSize : 37 <-- 77.174995 s

TIMEOUT
maxsize : 37
nodes : 200021164.000000
filtered : 1211146825.000000
time : 1000.000061
