Parameters: GAD=1 vflib=1 dir=0 label=0 vlabel=1 lowerbound=1 fileNameGp=../../cp2016-max-common-connected-subgraph-paper/datasets/graphsdb/mcs10/bvg/b06m/mcs10_b06m_s90.A09 fileNameGt=../../cp2016-max-common-connected-subgraph-paper/datasets/graphsdb/mcs10/bvg/b06m/mcs10_b06m_s90.B09
Reading graphs...
90 :  265
90 :  261
Initializing...
maxdom : 10
D->valSize : 532
Solving...
Blb : 2 (clique : 28)
currentSize : 28 <-- 0.005937 s
currentSize : 29 <-- 0.181797 s
currentSize : 30 <-- 0.394352 s
currentSize : 31 <-- 1.587623 s
currentSize : 32 <-- 7.601485 s
currentSize : 33 <-- 31.193895 s

TIMEOUT
maxsize : 33
nodes : 167346869.000000
filtered : 1311403273.000000
time : 1000.000061
