Parameters: GAD=1 vflib=1 dir=0 label=0 vlabel=1 lowerbound=1 fileNameGp=../../cp2016-max-common-connected-subgraph-paper/datasets/graphsdb/mcs10/m2D/m2D/mcs10_m2D_s90.A06 fileNameGt=../../cp2016-max-common-connected-subgraph-paper/datasets/graphsdb/mcs10/m2D/m2D/mcs10_m2D_s90.B06
Reading graphs...
90 :  159
90 :  159
Initializing...
maxdom : 10
D->valSize : 524
Solving...
Blb : 2 (clique : 32)
currentSize : 32 <-- 0.009969 s
currentSize : 33 <-- 0.281057 s
currentSize : 34 <-- 0.957919 s
currentSize : 35 <-- 1.042192 s
currentSize : 36 <-- 4.451594 s
currentSize : 37 <-- 12.314484 s
currentSize : 38 <-- 92.076973 s

TIMEOUT
maxsize : 38
nodes : 179597125.000000
filtered : 1231008045.000000
time : 1000.000061
