Parameters: GAD=1 vflib=1 dir=0 label=0 vlabel=1 lowerbound=1 fileNameGp=../../cp2016-max-common-connected-subgraph-paper/datasets/graphsdb/mcs10/m3D/m3Dr2/mcs10_m3Dr2_s60.A00 fileNameGt=../../cp2016-max-common-connected-subgraph-paper/datasets/graphsdb/mcs10/m3D/m3Dr2/mcs10_m3Dr2_s60.B00
Reading graphs...
60 :  142
60 :  143
Initializing...
maxdom : 8
D->valSize : 239
Solving...
Blb : 2 (clique : 17)
currentSize : 17 <-- 0.001660 s
currentSize : 18 <-- 0.001849 s
currentSize : 19 <-- 0.002119 s
currentSize : 20 <-- 0.008525 s
currentSize : 21 <-- 0.046634 s
currentSize : 22 <-- 1.184097 s
currentSize : 23 <-- 4.318835 s
currentSize : 24 <-- 41.117096 s

maxsize : 24
nodes : 50694808.000000
filtered : 393153113.000000
time : 234.580597
