Parameters: GAD=1 vflib=1 dir=0 label=0 vlabel=1 lowerbound=1 fileNameGp=../../cp2016-max-common-connected-subgraph-paper/datasets/graphsdb/mcs10/rand/r01/mcs10_r01_s70.A02 fileNameGt=../../cp2016-max-common-connected-subgraph-paper/datasets/graphsdb/mcs10/rand/r01/mcs10_r01_s70.B02
Reading graphs...
70 :  460
70 :  454
Initializing...
maxdom : 13
D->valSize : 305
Solving...
Blb : 2 (clique : 13)
currentSize : 13 <-- 0.002347 s
currentSize : 14 <-- 0.002726 s
currentSize : 15 <-- 0.063408 s
currentSize : 16 <-- 0.065860 s
currentSize : 17 <-- 5.142485 s
currentSize : 18 <-- 78.788483 s

maxsize : 18
nodes : 20187539.000000
filtered : 151481574.000000
time : 104.905067
