Parameters: GAD=1 vflib=1 dir=0 label=0 vlabel=1 lowerbound=1 fileNameGp=../../cp2016-max-common-connected-subgraph-paper/datasets/graphsdb/mcs10/rand/r02/mcs10_r02_s100.A01 fileNameGt=../../cp2016-max-common-connected-subgraph-paper/datasets/graphsdb/mcs10/rand/r02/mcs10_r02_s100.B01
Reading graphs...
100 :  1771
100 :  1780
Initializing...
maxdom : 8
D->valSize : 339
Solving...
Blb : 2 (clique : 9)
currentSize : 9 <-- 0.003291 s
currentSize : 10 <-- 0.003704 s
currentSize : 11 <-- 0.003948 s
currentSize : 12 <-- 0.036435 s
currentSize : 13 <-- 0.155919 s
currentSize : 14 <-- 32.032883 s

maxsize : 14
nodes : 9150257.000000
filtered : 49510352.000000
time : 58.208225
