Parameters: GAD=1 vflib=1 dir=0 label=0 vlabel=1 lowerbound=1 fileNameGp=../../cp2016-max-common-connected-subgraph-paper/datasets/graphsdb/mcs10/bvg/b06m/mcs10_b06m_s80.A00 fileNameGt=../../cp2016-max-common-connected-subgraph-paper/datasets/graphsdb/mcs10/bvg/b06m/mcs10_b06m_s80.B00
Reading graphs...
80 :  233
80 :  237
Initializing...
maxdom : 8
D->valSize : 401
Solving...
Blb : 2 (clique : 24)
currentSize : 24 <-- 0.003667 s
currentSize : 25 <-- 0.005117 s
currentSize : 26 <-- 0.018982 s
currentSize : 27 <-- 0.105953 s
currentSize : 28 <-- 1.180338 s
currentSize : 29 <-- 9.947610 s
currentSize : 30 <-- 37.358593 s
currentSize : 31 <-- 960.131348 s

TIMEOUT
maxsize : 31
nodes : 178272613.000000
filtered : 1260558999.000000
time : 1000.000000
