Parameters: GAD=1 vflib=1 dir=0 label=0 vlabel=1 lowerbound=1 fileNameGp=../../cp2016-max-common-connected-subgraph-paper/datasets/graphsdb/mcs10/bvg/b03/mcs10_b03_s70.A00 fileNameGt=../../cp2016-max-common-connected-subgraph-paper/datasets/graphsdb/mcs10/bvg/b03/mcs10_b03_s70.B00
Reading graphs...
70 :  105
70 :  104
Initializing...
maxdom : 7
D->valSize : 303
Solving...
Blb : 2 (clique : 26)
currentSize : 26 <-- 0.002505 s
currentSize : 27 <-- 0.003360 s
currentSize : 28 <-- 0.006930 s
currentSize : 29 <-- 0.010782 s
currentSize : 30 <-- 0.035972 s
currentSize : 31 <-- 1.157560 s
currentSize : 32 <-- 3.667062 s
currentSize : 33 <-- 32.943630 s

TIMEOUT
maxsize : 33
nodes : 176125521.000000
filtered : 1389351599.000000
time : 1000.000061
