Parameters: GAD=1 vflib=1 dir=0 label=0 vlabel=1 lowerbound=1 fileNameGp=../../cp2016-max-common-connected-subgraph-paper/datasets/graphsdb/mcs10/m2D/m2D/mcs10_m2D_s60.A05 fileNameGt=../../cp2016-max-common-connected-subgraph-paper/datasets/graphsdb/mcs10/m2D/m2D/mcs10_m2D_s60.B05
Reading graphs...
60 :  102
60 :  103
Initializing...
maxdom : 7
D->valSize : 234
Solving...
Blb : 2 (clique : 22)
currentSize : 22 <-- 0.001607 s
currentSize : 23 <-- 0.001833 s
currentSize : 24 <-- 0.064447 s
currentSize : 25 <-- 0.609228 s
currentSize : 26 <-- 3.747938 s
currentSize : 27 <-- 27.823278 s
currentSize : 28 <-- 244.804001 s

maxsize : 28
nodes : 118734722.000000
filtered : 851378775.000000
time : 543.269531
