Parameters: GAD=1 vflib=1 dir=0 label=0 vlabel=1 lowerbound=1 fileNameGp=../../cp2016-max-common-connected-subgraph-paper/datasets/graphsdb/mcs10/bvg/b03m/mcs10_b03m_s90.A02 fileNameGt=../../cp2016-max-common-connected-subgraph-paper/datasets/graphsdb/mcs10/bvg/b03m/mcs10_b03m_s90.B02
Reading graphs...
90 :  134
90 :  134
Initializing...
maxdom : 11
D->valSize : 512
Solving...
Blb : 2 (clique : 36)
currentSize : 36 <-- 0.005803 s
currentSize : 37 <-- 0.006075 s
currentSize : 38 <-- 0.006105 s
currentSize : 39 <-- 9.908361 s
currentSize : 40 <-- 12.172262 s
currentSize : 41 <-- 32.164322 s
currentSize : 42 <-- 41.763031 s
currentSize : 43 <-- 44.513287 s
currentSize : 44 <-- 59.239517 s
currentSize : 45 <-- 63.603390 s

TIMEOUT
maxsize : 45
nodes : 166164635.000000
filtered : 1278760191.000000
time : 1000.000061
