Parameters: GAD=1 vflib=1 dir=0 label=0 vlabel=1 lowerbound=1 fileNameGp=../../cp2016-max-common-connected-subgraph-paper/datasets/graphsdb/mcs10/m3D/m3Dr2/mcs10_m3Dr2_s90.A00 fileNameGt=../../cp2016-max-common-connected-subgraph-paper/datasets/graphsdb/mcs10/m3D/m3Dr2/mcs10_m3Dr2_s90.B00
Reading graphs...
90 :  225
90 :  224
Initializing...
maxdom : 9
D->valSize : 508
Solving...
Blb : 2 (clique : 29)
currentSize : 29 <-- 0.005587 s
currentSize : 30 <-- 0.006965 s
currentSize : 31 <-- 0.019279 s
currentSize : 32 <-- 60.074448 s
currentSize : 33 <-- 79.838104 s
currentSize : 34 <-- 435.575623 s

TIMEOUT
maxsize : 34
nodes : 176302826.000000
filtered : 1170604691.000000
time : 1000.000061
