Parameters: GAD=1 vflib=1 dir=0 label=0 vlabel=1 lowerbound=1 fileNameGp=../../cp2016-max-common-connected-subgraph-paper/datasets/graphsdb/mcs10/m3D/m3Dr2/mcs10_m3Dr2_s70.A07 fileNameGt=../../cp2016-max-common-connected-subgraph-paper/datasets/graphsdb/mcs10/m3D/m3Dr2/mcs10_m3Dr2_s70.B07
Reading graphs...
70 :  170
70 :  170
Initializing...
maxdom : 8
D->valSize : 314
Solving...
Blb : 2 (clique : 23)
currentSize : 23 <-- 0.002536 s
currentSize : 24 <-- 0.002703 s
currentSize : 25 <-- 0.005202 s
currentSize : 26 <-- 0.010603 s
currentSize : 27 <-- 0.015422 s
currentSize : 28 <-- 1.940214 s

TIMEOUT
maxsize : 28
nodes : 205614024.000000
filtered : 1419138417.000000
time : 1000.000000
