Parameters: GAD=1 vflib=1 dir=0 label=0 vlabel=1 lowerbound=1 fileNameGp=../../cp2016-max-common-connected-subgraph-paper/datasets/graphsdb/mcs10/m3D/m3Dr6/mcs10_m3Dr6_s90.A09 fileNameGt=../../cp2016-max-common-connected-subgraph-paper/datasets/graphsdb/mcs10/m3D/m3Dr6/mcs10_m3Dr6_s90.B09
Reading graphs...
90 :  255
90 :  259
Initializing...
maxdom : 11
D->valSize : 525
Solving...
Blb : 2 (clique : 28)
currentSize : 28 <-- 0.005879 s
currentSize : 29 <-- 0.006186 s
currentSize : 30 <-- 0.006850 s
currentSize : 31 <-- 0.020281 s
currentSize : 32 <-- 0.049871 s
currentSize : 33 <-- 2.730172 s
currentSize : 34 <-- 722.545532 s

TIMEOUT
maxsize : 34
nodes : 163506272.000000
filtered : 1553495338.000000
time : 1000.000061
