Parameters: GAD=1 vflib=1 dir=0 label=0 vlabel=1 lowerbound=1 fileNameGp=../../cp2016-max-common-connected-subgraph-paper/datasets/graphsdb/mcs10/m3D/m3D/mcs10_m3D_s60.A02 fileNameGt=../../cp2016-max-common-connected-subgraph-paper/datasets/graphsdb/mcs10/m3D/m3D/mcs10_m3D_s60.B02
Reading graphs...
60 :  134
60 :  132
Initializing...
maxdom : 8
D->valSize : 249
Solving...
Blb : 2 (clique : 21)
currentSize : 21 <-- 0.002885 s
currentSize : 22 <-- 0.003510 s
currentSize : 23 <-- 0.004615 s
currentSize : 24 <-- 0.036105 s
currentSize : 25 <-- 0.142079 s
currentSize : 26 <-- 0.857422 s
currentSize : 27 <-- 22.323084 s

maxsize : 27
nodes : 58489860.000000
filtered : 496681947.000000
time : 287.768158
