Parameters: GAD=1 vflib=1 dir=0 label=0 vlabel=1 lowerbound=1 fileNameGp=../../cp2016-max-common-connected-subgraph-paper/datasets/graphsdb/mcs10/rand/r01/mcs10_r01_s90.A09 fileNameGt=../../cp2016-max-common-connected-subgraph-paper/datasets/graphsdb/mcs10/rand/r01/mcs10_r01_s90.B09
Reading graphs...
90 :  756
90 :  761
Initializing...
maxdom : 12
D->valSize : 508
Solving...
Blb : 2 (clique : 15)
currentSize : 15 <-- 0.005270 s
currentSize : 16 <-- 0.005603 s
currentSize : 17 <-- 0.028163 s
currentSize : 18 <-- 0.038692 s
currentSize : 19 <-- 0.431618 s
currentSize : 20 <-- 160.784882 s

TIMEOUT
maxsize : 20
nodes : 163396514.000000
filtered : 1268529853.000000
time : 1000.000000
