Parameters: GAD=1 vflib=1 dir=0 label=0 vlabel=1 lowerbound=1 fileNameGp=../../cp2016-max-common-connected-subgraph-paper/datasets/graphsdb/mcs10/m3D/m3Dr6/mcs10_m3Dr6_s70.A00 fileNameGt=../../cp2016-max-common-connected-subgraph-paper/datasets/graphsdb/mcs10/m3D/m3Dr6/mcs10_m3Dr6_s70.B00
Reading graphs...
70 :  198
70 :  197
Initializing...
maxdom : 7
D->valSize : 317
Solving...
Blb : 2 (clique : 21)
currentSize : 21 <-- 0.004168 s
currentSize : 22 <-- 0.010225 s
currentSize : 23 <-- 0.016563 s
currentSize : 24 <-- 0.070743 s
currentSize : 25 <-- 0.743092 s
currentSize : 26 <-- 9.155767 s

TIMEOUT
maxsize : 26
nodes : 186861055.000000
filtered : 1468963964.000000
time : 1000.000000
