Parameters: GAD=1 vflib=1 dir=0 label=0 vlabel=1 lowerbound=1 fileNameGp=../../cp2016-max-common-connected-subgraph-paper/datasets/graphsdb/mcs10/bvg/b06/mcs10_b06_s100.A00 fileNameGt=../../cp2016-max-common-connected-subgraph-paper/datasets/graphsdb/mcs10/bvg/b06/mcs10_b06_s100.B00
Reading graphs...
100 :  298
100 :  298
Initializing...
maxdom : 7
D->valSize : 328
Solving...
Blb : 2 (clique : 25)
currentSize : 25 <-- 0.003196 s
currentSize : 26 <-- 0.003473 s
currentSize : 27 <-- 0.006050 s
currentSize : 29 <-- 0.006680 s
currentSize : 30 <-- 0.008116 s
currentSize : 31 <-- 0.045854 s
currentSize : 32 <-- 5.137498 s
currentSize : 33 <-- 230.731659 s
currentSize : 34 <-- 230.734085 s
currentSize : 35 <-- 322.821777 s
currentSize : 36 <-- 324.541962 s

TIMEOUT
maxsize : 36
nodes : 169561364.000000
filtered : 1003867995.000000
time : 1000.000061
