Parameters: GAD=1 vflib=1 dir=0 label=0 vlabel=1 lowerbound=1 fileNameGp=../../cp2016-max-common-connected-subgraph-paper/datasets/graphsdb/mcs10/m2D/m2Dr2/mcs10_m2Dr2_s90.A07 fileNameGt=../../cp2016-max-common-connected-subgraph-paper/datasets/graphsdb/mcs10/m2D/m2Dr2/mcs10_m2Dr2_s90.B07
Reading graphs...
90 :  179
90 :  178
Initializing...
maxdom : 12
D->valSize : 517
Solving...
Blb : 2 (clique : 30)
currentSize : 30 <-- 0.006249 s
currentSize : 31 <-- 0.006866 s
currentSize : 32 <-- 0.007366 s
currentSize : 33 <-- 0.023305 s
currentSize : 34 <-- 0.284561 s
currentSize : 35 <-- 8.208299 s
currentSize : 36 <-- 301.188385 s

TIMEOUT
maxsize : 36
nodes : 178201583.000000
filtered : 1320048871.000000
time : 1000.000122
