Parameters: GAD=1 vflib=1 dir=0 label=0 vlabel=1 lowerbound=1 fileNameGp=../../cp2016-max-common-connected-subgraph-paper/datasets/graphsdb/mcs10/m4D/m4Dr2/mcs10_m4Dr2_s100.A04 fileNameGt=../../cp2016-max-common-connected-subgraph-paper/datasets/graphsdb/mcs10/m4D/m4Dr2/mcs10_m4Dr2_s100.B04
Reading graphs...
100 :  179
100 :  176
Initializing...
maxdom : 8
D->valSize : 328
Solving...
Blb : 2 (clique : 34)
currentSize : 34 <-- 0.004243 s
currentSize : 35 <-- 0.020576 s
currentSize : 36 <-- 0.040761 s
currentSize : 37 <-- 46.839504 s
currentSize : 38 <-- 46.975281 s
currentSize : 39 <-- 674.651306 s
currentSize : 40 <-- 674.888367 s

TIMEOUT
maxsize : 40
nodes : 193583576.000000
filtered : 815424291.000000
time : 1000.000061
