Parameters: GAD=1 vflib=1 dir=0 label=0 vlabel=1 lowerbound=1 fileNameGp=../../cp2016-max-common-connected-subgraph-paper/datasets/graphsdb/mcs10/m3D/m3Dr2/mcs10_m3Dr2_s70.A05 fileNameGt=../../cp2016-max-common-connected-subgraph-paper/datasets/graphsdb/mcs10/m3D/m3Dr2/mcs10_m3Dr2_s70.B05
Reading graphs...
70 :  173
70 :  171
Initializing...
maxdom : 9
D->valSize : 318
Solving...
Blb : 2 (clique : 19)
currentSize : 19 <-- 0.002543 s
currentSize : 20 <-- 0.004184 s
currentSize : 21 <-- 0.008092 s
currentSize : 22 <-- 0.085637 s
currentSize : 23 <-- 0.147878 s
currentSize : 24 <-- 0.149190 s
currentSize : 25 <-- 62.909721 s
currentSize : 26 <-- 66.627441 s

TIMEOUT
maxsize : 26
nodes : 199318255.000000
filtered : 1585245401.000000
time : 1000.000000
