Parameters: GAD=1 vflib=1 dir=0 label=0 vlabel=1 lowerbound=1 fileNameGp=../../cp2016-max-common-connected-subgraph-paper/datasets/graphsdb/mcs10/m2D/m2D/mcs10_m2D_s60.A04 fileNameGt=../../cp2016-max-common-connected-subgraph-paper/datasets/graphsdb/mcs10/m2D/m2D/mcs10_m2D_s60.B04
Reading graphs...
60 :  102
60 :  104
Initializing...
maxdom : 7
D->valSize : 235
Solving...
Blb : 2 (clique : 24)
currentSize : 24 <-- 0.001707 s
currentSize : 25 <-- 0.058832 s
currentSize : 26 <-- 0.058957 s
currentSize : 27 <-- 0.272266 s
currentSize : 28 <-- 6.397003 s
currentSize : 29 <-- 565.789062 s

maxsize : 29
nodes : 155427944.000000
filtered : 954287268.000000
time : 689.864136
