Parameters: GAD=1 vflib=1 dir=0 label=0 vlabel=1 lowerbound=1 fileNameGp=../../cp2016-max-common-connected-subgraph-paper/datasets/graphsdb/mcs10/m2D/m2Dr6/mcs10_m2Dr6_s70.A01 fileNameGt=../../cp2016-max-common-connected-subgraph-paper/datasets/graphsdb/mcs10/m2D/m2Dr6/mcs10_m2Dr6_s70.B01
Reading graphs...
70 :  163
70 :  162
Initializing...
maxdom : 7
D->valSize : 321
Solving...
Blb : 2 (clique : 21)
currentSize : 21 <-- 0.002646 s
currentSize : 22 <-- 0.002837 s
currentSize : 23 <-- 0.003021 s
currentSize : 24 <-- 0.007230 s
currentSize : 25 <-- 0.296659 s
currentSize : 26 <-- 9.565783 s
currentSize : 27 <-- 21.946728 s
currentSize : 28 <-- 32.202278 s
currentSize : 29 <-- 41.518181 s
currentSize : 30 <-- 144.192429 s

TIMEOUT
maxsize : 30
nodes : 194259708.000000
filtered : 1561323976.000000
time : 1000.000061
