Parameters: GAD=1 vflib=1 dir=0 label=0 vlabel=1 lowerbound=1 fileNameGp=../../cp2016-max-common-connected-subgraph-paper/datasets/graphsdb/mcs10/m2D/m2Dr6/mcs10_m2Dr6_s100.A02 fileNameGt=../../cp2016-max-common-connected-subgraph-paper/datasets/graphsdb/mcs10/m2D/m2Dr6/mcs10_m2Dr6_s100.B02
Reading graphs...
100 :  238
100 :  236
Initializing...
maxdom : 7
D->valSize : 321
Solving...
Blb : 2 (clique : 29)
currentSize : 29 <-- 0.003286 s
currentSize : 30 <-- 0.003522 s
currentSize : 31 <-- 0.003857 s
currentSize : 32 <-- 0.004602 s
currentSize : 33 <-- 0.094793 s
currentSize : 34 <-- 2.548228 s
currentSize : 35 <-- 2.881830 s
currentSize : 36 <-- 6.776287 s
currentSize : 37 <-- 103.693077 s
currentSize : 38 <-- 574.486206 s

TIMEOUT
maxsize : 38
nodes : 188864588.000000
filtered : 783788506.000000
time : 1000.000061
