Parameters: GAD=1 vflib=1 dir=0 label=0 vlabel=1 lowerbound=1 fileNameGp=../../cp2016-max-common-connected-subgraph-paper/datasets/graphsdb/mcs10/rand/r01/mcs10_r01_s70.A01 fileNameGt=../../cp2016-max-common-connected-subgraph-paper/datasets/graphsdb/mcs10/rand/r01/mcs10_r01_s70.B01
Reading graphs...
70 :  468
70 :  459
Initializing...
maxdom : 7
D->valSize : 309
Solving...
Blb : 2 (clique : 12)
currentSize : 12 <-- 0.002489 s
currentSize : 13 <-- 0.003283 s
currentSize : 14 <-- 0.004134 s
currentSize : 15 <-- 0.010107 s
currentSize : 16 <-- 0.025043 s
currentSize : 17 <-- 2.013671 s
currentSize : 18 <-- 2.256782 s

maxsize : 18
nodes : 20079939.000000
filtered : 149537866.000000
time : 103.011551
