Parameters: GAD=1 vflib=1 dir=0 label=0 vlabel=1 lowerbound=1 fileNameGp=../../cp2016-max-common-connected-subgraph-paper/datasets/graphsdb/mcs10/m2D/m2Dr6/mcs10_m2Dr6_s90.A07 fileNameGt=../../cp2016-max-common-connected-subgraph-paper/datasets/graphsdb/mcs10/m2D/m2Dr6/mcs10_m2Dr6_s90.B07
Reading graphs...
90 :  214
90 :  213
Initializing...
maxdom : 10
D->valSize : 544
Solving...
Blb : 2 (clique : 30)
currentSize : 30 <-- 0.006513 s
currentSize : 31 <-- 0.006829 s
currentSize : 32 <-- 0.007535 s
currentSize : 33 <-- 0.309189 s
currentSize : 34 <-- 0.580884 s
currentSize : 35 <-- 2.665927 s
currentSize : 36 <-- 4.901815 s
currentSize : 37 <-- 128.553574 s

TIMEOUT
maxsize : 37
nodes : 173072458.000000
filtered : 1489821708.000000
time : 1000.000061
