Parameters: GAD=1 vflib=1 dir=0 label=0 vlabel=1 lowerbound=1 fileNameGp=../../cp2016-max-common-connected-subgraph-paper/datasets/graphsdb/mcs10/m3D/m3Dr2/mcs10_m3Dr2_s80.A06 fileNameGt=../../cp2016-max-common-connected-subgraph-paper/datasets/graphsdb/mcs10/m3D/m3Dr2/mcs10_m3Dr2_s80.B06
Reading graphs...
80 :  199
80 :  195
Initializing...
maxdom : 10
D->valSize : 396
Solving...
Blb : 2 (clique : 26)
currentSize : 26 <-- 0.003702 s
currentSize : 27 <-- 0.003949 s
currentSize : 28 <-- 0.004079 s
currentSize : 29 <-- 0.004653 s
currentSize : 30 <-- 0.694058 s
currentSize : 31 <-- 0.702354 s
currentSize : 32 <-- 24.670668 s

TIMEOUT
maxsize : 32
nodes : 142489089.000000
filtered : 1722511955.000000
time : 1000.000061
