Parameters: GAD=1 vflib=1 dir=0 label=0 vlabel=1 lowerbound=1 fileNameGp=../../cp2016-max-common-connected-subgraph-paper/datasets/graphsdb/mcs10/m2D/m2D/mcs10_m2D_s70.A09 fileNameGt=../../cp2016-max-common-connected-subgraph-paper/datasets/graphsdb/mcs10/m2D/m2D/mcs10_m2D_s70.B09
Reading graphs...
70 :  123
70 :  122
Initializing...
maxdom : 9
D->valSize : 322
Solving...
Blb : 2 (clique : 24)
currentSize : 24 <-- 0.004311 s
currentSize : 25 <-- 0.021434 s
currentSize : 26 <-- 0.022006 s
currentSize : 27 <-- 0.263089 s
currentSize : 28 <-- 0.686030 s
currentSize : 29 <-- 29.404455 s
currentSize : 30 <-- 158.850281 s

TIMEOUT
maxsize : 30
nodes : 192224687.000000
filtered : 1575538115.000000
time : 1000.000000
