Parameters: GAD=1 vflib=1 dir=0 label=0 vlabel=1 lowerbound=1 fileNameGp=../../cp2016-max-common-connected-subgraph-paper/datasets/graphsdb/mcs10/m2D/m2D/mcs10_m2D_s90.A04 fileNameGt=../../cp2016-max-common-connected-subgraph-paper/datasets/graphsdb/mcs10/m2D/m2D/mcs10_m2D_s90.B04
Reading graphs...
90 :  161
90 :  160
Initializing...
maxdom : 10
D->valSize : 529
Solving...
Blb : 2 (clique : 34)
currentSize : 34 <-- 0.006022 s
currentSize : 35 <-- 0.006295 s
currentSize : 36 <-- 0.046549 s
currentSize : 37 <-- 0.052850 s
currentSize : 38 <-- 0.053444 s
currentSize : 39 <-- 0.076854 s
currentSize : 40 <-- 0.536634 s
currentSize : 41 <-- 5.140607 s
currentSize : 42 <-- 11.753918 s
currentSize : 43 <-- 62.681763 s

TIMEOUT
maxsize : 43
nodes : 166560399.000000
filtered : 1351231037.000000
time : 1000.000061
