Parameters: GAD=1 vflib=1 dir=0 label=0 vlabel=1 lowerbound=1 fileNameGp=../../cp2016-max-common-connected-subgraph-paper/datasets/graphsdb/mcs10/bvg/b03/mcs10_b03_s70.A03 fileNameGt=../../cp2016-max-common-connected-subgraph-paper/datasets/graphsdb/mcs10/bvg/b03/mcs10_b03_s70.B03
Reading graphs...
70 :  105
70 :  105
Initializing...
maxdom : 7
D->valSize : 309
Solving...
Blb : 2 (clique : 26)
currentSize : 26 <-- 0.002526 s
currentSize : 28 <-- 0.002694 s
currentSize : 29 <-- 0.006199 s
currentSize : 30 <-- 0.012120 s
currentSize : 31 <-- 0.513888 s
currentSize : 32 <-- 0.967833 s
currentSize : 33 <-- 564.869751 s

TIMEOUT
maxsize : 33
nodes : 204877673.000000
filtered : 1165052709.000000
time : 1000.000000
