Parameters: GAD=1 vflib=1 dir=0 label=0 vlabel=1 lowerbound=1 fileNameGp=../../cp2016-max-common-connected-subgraph-paper/datasets/graphsdb/mcs10/m2D/m2Dr4/mcs10_m2Dr4_s50.A04 fileNameGt=../../cp2016-max-common-connected-subgraph-paper/datasets/graphsdb/mcs10/m2D/m2Dr4/mcs10_m2Dr4_s50.B04
Reading graphs...
50 :  104
50 :  100
Initializing...
maxdom : 10
D->valSize : 310
Solving...
Blb : 3 (clique : 19)
currentSize : 19 <-- 0.002218 s
currentSize : 20 <-- 0.002384 s
currentSize : 21 <-- 0.002840 s
currentSize : 22 <-- 0.083672 s
currentSize : 23 <-- 0.213982 s
currentSize : 24 <-- 4.370971 s
currentSize : 25 <-- 26.231731 s

maxsize : 25
nodes : 25917726.000000
filtered : 298912418.000000
time : 126.411484
