Parameters: GAD=1 vflib=1 dir=0 label=0 vlabel=1 lowerbound=1 fileNameGp=../../cp2016-max-common-connected-subgraph-paper/datasets/graphsdb/mcs10/bvg/b03/mcs10_b03_s90.A05 fileNameGt=../../cp2016-max-common-connected-subgraph-paper/datasets/graphsdb/mcs10/bvg/b03/mcs10_b03_s90.B05
Reading graphs...
90 :  135
90 :  133
Initializing...
maxdom : 10
D->valSize : 539
Solving...
Blb : 2 (clique : 37)
currentSize : 37 <-- 0.006344 s
currentSize : 40 <-- 0.006640 s
currentSize : 41 <-- 0.007145 s
currentSize : 42 <-- 0.024057 s
currentSize : 43 <-- 4.754993 s
currentSize : 44 <-- 14.094993 s
currentSize : 45 <-- 637.223389 s

TIMEOUT
maxsize : 45
nodes : 165117007.000000
filtered : 1131876683.000000
time : 1000.000061
