Parameters: GAD=1 vflib=1 dir=0 label=0 vlabel=1 lowerbound=1 fileNameGp=../../cp2016-max-common-connected-subgraph-paper/datasets/graphsdb/mcs10/m2D/m2D/mcs10_m2D_s100.A01 fileNameGt=../../cp2016-max-common-connected-subgraph-paper/datasets/graphsdb/mcs10/m2D/m2D/mcs10_m2D_s100.B01
Reading graphs...
100 :  179
100 :  180
Initializing...
maxdom : 7
D->valSize : 313
Solving...
Blb : 2 (clique : 33)
currentSize : 33 <-- 0.005145 s
currentSize : 34 <-- 0.140905 s
currentSize : 35 <-- 22.105604 s
currentSize : 36 <-- 32.068287 s
currentSize : 37 <-- 32.745796 s
currentSize : 38 <-- 246.592285 s

TIMEOUT
maxsize : 38
nodes : 201461165.000000
filtered : 734529207.000000
time : 1000.000061
