Parameters: GAD=1 vflib=1 dir=0 label=0 vlabel=1 lowerbound=1 fileNameGp=../../cp2016-max-common-connected-subgraph-paper/datasets/graphsdb/mcs10/bvg/b06/mcs10_b06_s90.A06 fileNameGt=../../cp2016-max-common-connected-subgraph-paper/datasets/graphsdb/mcs10/bvg/b06/mcs10_b06_s90.B06
Reading graphs...
90 :  267
90 :  267
Initializing...
maxdom : 10
D->valSize : 532
Solving...
Blb : 2 (clique : 25)
currentSize : 25 <-- 0.005950 s
currentSize : 27 <-- 0.006573 s
currentSize : 28 <-- 0.050455 s
currentSize : 29 <-- 0.051604 s
currentSize : 30 <-- 1.939051 s
currentSize : 31 <-- 71.127663 s
currentSize : 32 <-- 965.188416 s

TIMEOUT
maxsize : 32
nodes : 180552791.000000
filtered : 1233727883.000000
time : 1000.000000
