Parameters: GAD=1 vflib=1 dir=0 label=0 vlabel=1 lowerbound=1 fileNameGp=../../cp2016-max-common-connected-subgraph-paper/datasets/graphsdb/mcs10/m2D/m2Dr2/mcs10_m2Dr2_s90.A03 fileNameGt=../../cp2016-max-common-connected-subgraph-paper/datasets/graphsdb/mcs10/m2D/m2Dr2/mcs10_m2Dr2_s90.B03
Reading graphs...
90 :  178
90 :  179
Initializing...
maxdom : 10
D->valSize : 506
Solving...
Blb : 2 (clique : 33)
currentSize : 33 <-- 0.005928 s
currentSize : 34 <-- 0.006262 s
currentSize : 35 <-- 0.006403 s
currentSize : 36 <-- 0.019534 s
currentSize : 37 <-- 0.343912 s
currentSize : 38 <-- 8.812118 s
currentSize : 39 <-- 12.164132 s

TIMEOUT
maxsize : 39
nodes : 144181947.000000
filtered : 1351810465.000000
time : 1000.000061
