Parameters: GAD=1 vflib=1 dir=0 label=0 vlabel=1 lowerbound=1 fileNameGp=../../cp2016-max-common-connected-subgraph-paper/datasets/graphsdb/mcs10/bvg/b03m/mcs10_b03m_s60.A06 fileNameGt=../../cp2016-max-common-connected-subgraph-paper/datasets/graphsdb/mcs10/bvg/b03m/mcs10_b03m_s60.B06
Reading graphs...
60 :  90
60 :  90
Initializing...
maxdom : 6
D->valSize : 239
Solving...
Blb : 2 (clique : 23)
currentSize : 23 <-- 0.001735 s
currentSize : 24 <-- 0.001878 s
currentSize : 25 <-- 0.002154 s
currentSize : 26 <-- 0.003224 s
currentSize : 27 <-- 1.246154 s
currentSize : 28 <-- 17.998844 s
currentSize : 29 <-- 27.419073 s
currentSize : 30 <-- 177.471954 s

maxsize : 30
nodes : 100288997.000000
filtered : 648098163.000000
time : 439.981293
