Parameters: GAD=1 vflib=1 dir=0 label=0 vlabel=1 lowerbound=1 fileNameGp=../../cp2016-max-common-connected-subgraph-paper/datasets/graphsdb/mcs10/m4D/m4Dr6/mcs10_m4Dr6_s100.A08 fileNameGt=../../cp2016-max-common-connected-subgraph-paper/datasets/graphsdb/mcs10/m4D/m4Dr6/mcs10_m4Dr6_s100.B08
Reading graphs...
100 :  217
100 :  214
Initializing...
maxdom : 8
D->valSize : 356
Solving...
Blb : 2 (clique : 32)
currentSize : 32 <-- 0.006068 s
currentSize : 33 <-- 0.006723 s
currentSize : 34 <-- 0.007734 s
currentSize : 35 <-- 0.008218 s
currentSize : 36 <-- 0.234370 s
currentSize : 37 <-- 1.071588 s
currentSize : 38 <-- 182.439972 s
currentSize : 39 <-- 204.883026 s

TIMEOUT
maxsize : 39
nodes : 167394927.000000
filtered : 798938177.000000
time : 1000.000061
