Parameters: GAD=1 vflib=1 dir=0 label=0 vlabel=1 lowerbound=1 fileNameGp=../../cp2016-max-common-connected-subgraph-paper/datasets/graphsdb/mcs10/m3D/m3Dr2/mcs10_m3Dr2_s100.A04 fileNameGt=../../cp2016-max-common-connected-subgraph-paper/datasets/graphsdb/mcs10/m3D/m3Dr2/mcs10_m3Dr2_s100.B04
Reading graphs...
100 :  253
100 :  252
Initializing...
maxdom : 6
D->valSize : 335
Solving...
Blb : 2 (clique : 28)
currentSize : 28 <-- 0.003415 s
currentSize : 29 <-- 0.005613 s
currentSize : 30 <-- 0.067645 s
currentSize : 31 <-- 0.095707 s
currentSize : 32 <-- 0.747818 s
currentSize : 33 <-- 4.887389 s

TIMEOUT
maxsize : 33
nodes : 181316493.000000
filtered : 806608239.000000
time : 1000.000061
