Parameters: GAD=1 vflib=1 dir=0 label=0 vlabel=1 lowerbound=1 fileNameGp=../../cp2016-max-common-connected-subgraph-paper/datasets/graphsdb/mcs10/m3D/m3D/mcs10_m3D_s90.A07 fileNameGt=../../cp2016-max-common-connected-subgraph-paper/datasets/graphsdb/mcs10/m3D/m3D/mcs10_m3D_s90.B07
Reading graphs...
90 :  209
90 :  207
Initializing...
maxdom : 10
D->valSize : 479
Solving...
Blb : 2 (clique : 29)
currentSize : 29 <-- 0.006121 s
currentSize : 30 <-- 0.006375 s
currentSize : 31 <-- 0.013000 s
currentSize : 32 <-- 0.772443 s
currentSize : 33 <-- 7.114403 s
currentSize : 34 <-- 7.116471 s
currentSize : 35 <-- 26.909897 s
currentSize : 36 <-- 75.747826 s

TIMEOUT
maxsize : 36
nodes : 186407094.000000
filtered : 1140388016.000000
time : 1000.000061
