Parameters: GAD=1 vflib=1 dir=0 label=0 vlabel=1 lowerbound=1 fileNameGp=../../cp2016-max-common-connected-subgraph-paper/datasets/graphsdb/mcs10/bvg/b03m/mcs10_b03m_s80.A07 fileNameGt=../../cp2016-max-common-connected-subgraph-paper/datasets/graphsdb/mcs10/bvg/b03m/mcs10_b03m_s80.B07
Reading graphs...
80 :  120
80 :  120
Initializing...
maxdom : 9
D->valSize : 397
Solving...
Blb : 2 (clique : 29)
currentSize : 29 <-- 0.003916 s
currentSize : 30 <-- 0.006222 s
currentSize : 31 <-- 0.868974 s
currentSize : 32 <-- 1.430937 s
currentSize : 33 <-- 24.895792 s
currentSize : 34 <-- 38.662930 s
currentSize : 35 <-- 47.528225 s
currentSize : 36 <-- 58.181873 s
currentSize : 37 <-- 82.648544 s

TIMEOUT
maxsize : 37
nodes : 185523857.000000
filtered : 1348911668.000000
time : 1000.000061
