Parameters: GAD=1 vflib=1 dir=0 label=0 vlabel=1 lowerbound=1 fileNameGp=../../cp2016-max-common-connected-subgraph-paper/datasets/graphsdb/mcs10/bvg/b03/mcs10_b03_s50.A08 fileNameGt=../../cp2016-max-common-connected-subgraph-paper/datasets/graphsdb/mcs10/bvg/b03/mcs10_b03_s50.B08
Reading graphs...
50 :  75
50 :  75
Initializing...
maxdom : 9
D->valSize : 293
Solving...
Blb : 5 (clique : 23)
currentSize : 23 <-- 0.002171 s
currentSize : 24 <-- 0.120766 s
currentSize : 25 <-- 0.280939 s
currentSize : 26 <-- 9.316714 s
currentSize : 27 <-- 19.360792 s
currentSize : 28 <-- 36.485435 s

maxsize : 28
nodes : 16747335.000000
filtered : 159127737.000000
time : 75.682625
