Parameters: GAD=1 vflib=1 dir=0 label=0 vlabel=1 lowerbound=1 fileNameGp=../../cp2016-max-common-connected-subgraph-paper/datasets/graphsdb/mcs10/m3D/m3Dr2/mcs10_m3Dr2_s100.A02 fileNameGt=../../cp2016-max-common-connected-subgraph-paper/datasets/graphsdb/mcs10/m3D/m3Dr2/mcs10_m3Dr2_s100.B02
Reading graphs...
100 :  254
100 :  252
Initializing...
maxdom : 6
D->valSize : 356
Solving...
Blb : 2 (clique : 29)
currentSize : 29 <-- 0.003687 s
currentSize : 30 <-- 0.004122 s
currentSize : 31 <-- 0.004666 s
currentSize : 32 <-- 0.072339 s
currentSize : 33 <-- 0.517752 s
currentSize : 34 <-- 0.551072 s
currentSize : 35 <-- 2.432514 s
currentSize : 36 <-- 10.736700 s
currentSize : 37 <-- 401.157410 s
currentSize : 38 <-- 647.132080 s

TIMEOUT
maxsize : 38
nodes : 173070857.000000
filtered : 964550671.000000
time : 1000.000061
