Parameters: GAD=1 vflib=1 dir=0 label=0 vlabel=1 lowerbound=1 fileNameGp=../../cp2016-max-common-connected-subgraph-paper/datasets/graphsdb/mcs10/m3D/m3Dr4/mcs10_m3Dr4_s90.A05 fileNameGt=../../cp2016-max-common-connected-subgraph-paper/datasets/graphsdb/mcs10/m3D/m3Dr4/mcs10_m3Dr4_s90.B05
Reading graphs...
90 :  239
90 :  242
Initializing...
maxdom : 13
D->valSize : 570
Solving...
Blb : 2 (clique : 29)
currentSize : 29 <-- 0.007252 s
currentSize : 30 <-- 0.007582 s
currentSize : 31 <-- 0.007870 s
currentSize : 32 <-- 0.253913 s
currentSize : 33 <-- 0.313830 s
currentSize : 34 <-- 1.988541 s
currentSize : 35 <-- 172.517395 s

TIMEOUT
maxsize : 35
nodes : 159154082.000000
filtered : 1568395657.000000
time : 1000.000122
