Parameters: GAD=1 vflib=1 dir=0 label=0 vlabel=1 lowerbound=1 fileNameGp=../../cp2016-max-common-connected-subgraph-paper/datasets/graphsdb/mcs10/m4D/m4Dr4/mcs10_m4Dr4_s100.A07 fileNameGt=../../cp2016-max-common-connected-subgraph-paper/datasets/graphsdb/mcs10/m4D/m4Dr4/mcs10_m4Dr4_s100.B07
Reading graphs...
100 :  199
100 :  198
Initializing...
maxdom : 7
D->valSize : 322
Solving...
Blb : 2 (clique : 32)
currentSize : 32 <-- 0.003439 s
currentSize : 33 <-- 0.003693 s
currentSize : 34 <-- 0.004421 s
currentSize : 35 <-- 0.194299 s
currentSize : 36 <-- 23.599503 s
currentSize : 37 <-- 471.611755 s
currentSize : 38 <-- 852.358826 s

TIMEOUT
maxsize : 38
nodes : 202752077.000000
filtered : 693816171.000000
time : 1000.000061
