Parameters: GAD=1 vflib=1 dir=0 label=0 vlabel=1 lowerbound=1 fileNameGp=../../cp2016-max-common-connected-subgraph-paper/datasets/graphsdb/mcs10/m3D/m3Dr6/mcs10_m3Dr6_s60.A07 fileNameGt=../../cp2016-max-common-connected-subgraph-paper/datasets/graphsdb/mcs10/m3D/m3Dr6/mcs10_m3Dr6_s60.B07
Reading graphs...
60 :  166
60 :  164
Initializing...
maxdom : 8
D->valSize : 226
Solving...
Blb : 2 (clique : 19)
currentSize : 19 <-- 0.001647 s
currentSize : 20 <-- 0.031936 s
currentSize : 21 <-- 0.150962 s
currentSize : 22 <-- 1.269235 s
currentSize : 23 <-- 10.287399 s
currentSize : 24 <-- 17.816786 s

maxsize : 24
nodes : 8133188.000000
filtered : 61630573.000000
time : 37.967487
