Parameters: GAD=1 vflib=1 dir=0 label=0 vlabel=1 lowerbound=1 fileNameGp=../../cp2016-max-common-connected-subgraph-paper/datasets/graphsdb/mcs10/bvg/b03m/mcs10_b03m_s90.A09 fileNameGt=../../cp2016-max-common-connected-subgraph-paper/datasets/graphsdb/mcs10/bvg/b03m/mcs10_b03m_s90.B09
Reading graphs...
90 :  135
90 :  135
Initializing...
maxdom : 9
D->valSize : 499
Solving...
Blb : 2 (clique : 34)
currentSize : 34 <-- 0.005569 s
currentSize : 37 <-- 0.005834 s
currentSize : 38 <-- 0.005963 s
currentSize : 39 <-- 0.054183 s
currentSize : 40 <-- 0.303639 s
currentSize : 41 <-- 0.324161 s
currentSize : 42 <-- 2.962582 s
currentSize : 43 <-- 6.253460 s
currentSize : 44 <-- 11.335706 s
currentSize : 45 <-- 527.368958 s

TIMEOUT
maxsize : 45
nodes : 184981393.000000
filtered : 1125624698.000000
time : 1000.000061
