Parameters: GAD=1 vflib=1 dir=0 label=0 vlabel=1 lowerbound=1 fileNameGp=../../cp2016-max-common-connected-subgraph-paper/datasets/graphsdb/mcs10/m2D/m2Dr4/mcs10_m2Dr4_s100.A09 fileNameGt=../../cp2016-max-common-connected-subgraph-paper/datasets/graphsdb/mcs10/m2D/m2Dr4/mcs10_m2Dr4_s100.B09
Reading graphs...
100 :  218
100 :  218
Initializing...
maxdom : 9
D->valSize : 340
Solving...
Blb : 2 (clique : 32)
currentSize : 32 <-- 0.003439 s
currentSize : 33 <-- 0.004052 s
currentSize : 34 <-- 0.006153 s
currentSize : 35 <-- 0.006602 s
currentSize : 36 <-- 0.034522 s
currentSize : 37 <-- 0.054159 s
currentSize : 38 <-- 0.188431 s
currentSize : 39 <-- 6.264271 s
currentSize : 40 <-- 674.762939 s

TIMEOUT
maxsize : 40
nodes : 177757744.000000
filtered : 932248325.000000
time : 1000.000061
