Parameters: GAD=1 vflib=1 dir=0 label=0 vlabel=1 lowerbound=1 fileNameGp=../../cp2016-max-common-connected-subgraph-paper/datasets/graphsdb/mcs10/bvg/b06/mcs10_b06_s70.A02 fileNameGt=../../cp2016-max-common-connected-subgraph-paper/datasets/graphsdb/mcs10/bvg/b06/mcs10_b06_s70.B02
Reading graphs...
70 :  208
70 :  209
Initializing...
maxdom : 8
D->valSize : 312
Solving...
Blb : 2 (clique : 21)
currentSize : 21 <-- 0.002482 s
currentSize : 22 <-- 0.002669 s
currentSize : 23 <-- 0.003303 s
currentSize : 24 <-- 0.008573 s
currentSize : 25 <-- 0.430815 s
currentSize : 26 <-- 0.801345 s
currentSize : 27 <-- 0.805208 s

TIMEOUT
maxsize : 27
nodes : 186592947.000000
filtered : 1517298472.000000
time : 1000.000000
