Parameters: GAD=1 vflib=1 dir=0 label=0 vlabel=1 lowerbound=1 fileNameGp=../../cp2016-max-common-connected-subgraph-paper/datasets/graphsdb/mcs10/rand/r01/mcs10_r01_s100.A05 fileNameGt=../../cp2016-max-common-connected-subgraph-paper/datasets/graphsdb/mcs10/rand/r01/mcs10_r01_s100.B05
Reading graphs...
100 :  944
100 :  940
Initializing...
maxdom : 8
D->valSize : 311
Solving...
Blb : 2 (clique : 12)
currentSize : 12 <-- 0.003003 s
currentSize : 13 <-- 0.003136 s
currentSize : 14 <-- 0.003234 s
currentSize : 15 <-- 0.027750 s
currentSize : 16 <-- 0.257880 s
currentSize : 17 <-- 0.317427 s
currentSize : 18 <-- 7.202558 s
currentSize : 19 <-- 42.457310 s

maxsize : 19
nodes : 100441963.000000
filtered : 613466661.000000
time : 630.189636
