Parameters: GAD=1 vflib=1 dir=0 label=0 vlabel=1 lowerbound=1 fileNameGp=../../cp2016-max-common-connected-subgraph-paper/datasets/graphsdb/mcs10/m2D/m2Dr6/mcs10_m2Dr6_s70.A03 fileNameGt=../../cp2016-max-common-connected-subgraph-paper/datasets/graphsdb/mcs10/m2D/m2Dr6/mcs10_m2Dr6_s70.B03
Reading graphs...
70 :  161
70 :  163
Initializing...
maxdom : 7
D->valSize : 296
Solving...
Blb : 2 (clique : 21)
currentSize : 21 <-- 0.003795 s
currentSize : 22 <-- 0.004084 s
currentSize : 23 <-- 0.004668 s
currentSize : 24 <-- 0.004968 s
currentSize : 25 <-- 0.078762 s
currentSize : 26 <-- 1.010671 s
currentSize : 27 <-- 9.468348 s
currentSize : 28 <-- 16.473808 s
currentSize : 29 <-- 52.714314 s

TIMEOUT
maxsize : 29
nodes : 207511460.000000
filtered : 1356809610.000000
time : 1000.000061
