Parameters: GAD=1 vflib=1 dir=0 label=0 vlabel=1 lowerbound=1 fileNameGp=../../cp2016-max-common-connected-subgraph-paper/datasets/graphsdb/mcs10/m2D/m2Dr2/mcs10_m2Dr2_s100.A00 fileNameGt=../../cp2016-max-common-connected-subgraph-paper/datasets/graphsdb/mcs10/m2D/m2Dr2/mcs10_m2Dr2_s100.B00
Reading graphs...
100 :  199
100 :  196
Initializing...
maxdom : 7
D->valSize : 318
Solving...
Blb : 2 (clique : 34)
currentSize : 34 <-- 0.003330 s
currentSize : 35 <-- 0.003628 s
currentSize : 36 <-- 0.173945 s
currentSize : 37 <-- 11.146948 s
currentSize : 38 <-- 11.262594 s
currentSize : 39 <-- 11.298523 s
currentSize : 40 <-- 18.214914 s

TIMEOUT
maxsize : 40
nodes : 179179251.000000
filtered : 857585652.000000
time : 1000.000061
