Parameters: GAD=1 vflib=1 dir=0 label=0 vlabel=1 lowerbound=1 fileNameGp=../../cp2016-max-common-connected-subgraph-paper/datasets/graphsdb/mcs10/bvg/b03m/mcs10_b03m_s90.A05 fileNameGt=../../cp2016-max-common-connected-subgraph-paper/datasets/graphsdb/mcs10/bvg/b03m/mcs10_b03m_s90.B05
Reading graphs...
90 :  134
90 :  133
Initializing...
maxdom : 12
D->valSize : 505
Solving...
Blb : 2 (clique : 33)
currentSize : 33 <-- 0.005850 s
currentSize : 35 <-- 0.006098 s
currentSize : 36 <-- 0.052839 s
currentSize : 37 <-- 0.410206 s
currentSize : 38 <-- 584.786316 s
currentSize : 39 <-- 652.651794 s

TIMEOUT
maxsize : 39
nodes : 116293656.000000
filtered : 1200571181.000000
time : 1000.000061
