Parameters: GAD=1 vflib=1 dir=0 label=0 vlabel=1 lowerbound=1 fileNameGp=../../cp2016-max-common-connected-subgraph-paper/datasets/graphsdb/mcs10/m4D/m4Dr4/mcs10_m4Dr4_s100.A03 fileNameGt=../../cp2016-max-common-connected-subgraph-paper/datasets/graphsdb/mcs10/m4D/m4Dr4/mcs10_m4Dr4_s100.B03
Reading graphs...
100 :  197
100 :  196
Initializing...
maxdom : 6
D->valSize : 310
Solving...
Blb : 2 (clique : 32)
currentSize : 32 <-- 0.003402 s
currentSize : 33 <-- 0.003734 s
currentSize : 34 <-- 0.004000 s
currentSize : 35 <-- 0.004376 s
currentSize : 36 <-- 14.034132 s
currentSize : 37 <-- 130.334595 s
currentSize : 38 <-- 257.022766 s

TIMEOUT
maxsize : 38
nodes : 166256068.000000
filtered : 792126602.000000
time : 1000.000061
