Parameters: GAD=1 vflib=1 dir=0 label=0 vlabel=1 lowerbound=1 fileNameGp=../../cp2016-max-common-connected-subgraph-paper/datasets/graphsdb/mcs10/rand/r02/mcs10_r02_s80.A08 fileNameGt=../../cp2016-max-common-connected-subgraph-paper/datasets/graphsdb/mcs10/rand/r02/mcs10_r02_s80.B08
Reading graphs...
80 :  1130
80 :  1139
Initializing...
maxdom : 10
D->valSize : 363
Solving...
Blb : 2 (clique : 9)
currentSize : 9 <-- 0.003187 s
currentSize : 10 <-- 0.003660 s
currentSize : 11 <-- 0.003975 s
currentSize : 12 <-- 0.009117 s
currentSize : 13 <-- 1.172573 s
currentSize : 14 <-- 28.651836 s

maxsize : 14
nodes : 8664072.000000
filtered : 52962433.000000
time : 47.317265
