Parameters: GAD=1 vflib=1 dir=0 label=0 vlabel=1 lowerbound=1 fileNameGp=../../cp2016-max-common-connected-subgraph-paper/datasets/graphsdb/mcs10/rand/r01/mcs10_r01_s80.A00 fileNameGt=../../cp2016-max-common-connected-subgraph-paper/datasets/graphsdb/mcs10/rand/r01/mcs10_r01_s80.B00
Reading graphs...
80 :  602
80 :  599
Initializing...
maxdom : 10
D->valSize : 400
Solving...
Blb : 2 (clique : 14)
currentSize : 14 <-- 0.003509 s
currentSize : 15 <-- 0.003708 s
currentSize : 16 <-- 0.004470 s
currentSize : 17 <-- 0.210471 s
currentSize : 18 <-- 0.649931 s
currentSize : 19 <-- 35.423912 s

TIMEOUT
maxsize : 19
nodes : 181111738.000000
filtered : 1356415911.000000
time : 1000.000000
