Parameters: GAD=1 vflib=1 dir=0 label=0 vlabel=1 lowerbound=1 fileNameGp=../../cp2016-max-common-connected-subgraph-paper/datasets/graphsdb/mcs10/m2D/m2Dr4/mcs10_m2Dr4_s50.A07 fileNameGt=../../cp2016-max-common-connected-subgraph-paper/datasets/graphsdb/mcs10/m2D/m2Dr4/mcs10_m2Dr4_s50.B07
Reading graphs...
50 :  103
50 :  105
Initializing...
maxdom : 11
D->valSize : 312
Solving...
Blb : 2 (clique : 19)
currentSize : 19 <-- 0.002439 s
currentSize : 20 <-- 0.017602 s
currentSize : 21 <-- 0.107170 s
currentSize : 22 <-- 0.283990 s
currentSize : 23 <-- 0.478695 s
currentSize : 24 <-- 116.704613 s

maxsize : 24
nodes : 32159279.000000
filtered : 330523803.000000
time : 154.277939
