Parameters: GAD=1 vflib=1 dir=0 label=0 vlabel=1 lowerbound=1 fileNameGp=../../cp2016-max-common-connected-subgraph-paper/datasets/graphsdb/mcs10/rand/r005/mcs10_r005_s70.A08 fileNameGt=../../cp2016-max-common-connected-subgraph-paper/datasets/graphsdb/mcs10/rand/r005/mcs10_r005_s70.B08
Reading graphs...
70 :  242
70 :  238
Initializing...
maxdom : 10
D->valSize : 299
Solving...
Blb : 2 (clique : 19)
currentSize : 19 <-- 0.003769 s
currentSize : 20 <-- 0.015637 s
currentSize : 21 <-- 0.100852 s
currentSize : 22 <-- 1.612102 s
currentSize : 23 <-- 7.573854 s
currentSize : 24 <-- 12.845522 s
currentSize : 25 <-- 29.403173 s

maxsize : 25
nodes : 160486569.000000
filtered : 1360557488.000000
time : 852.388062
