Parameters: GAD=1 vflib=1 dir=0 label=0 vlabel=1 lowerbound=1 fileNameGp=../../cp2016-max-common-connected-subgraph-paper/datasets/graphsdb/mcs10/bvg/b06m/mcs10_b06m_s70.A01 fileNameGt=../../cp2016-max-common-connected-subgraph-paper/datasets/graphsdb/mcs10/bvg/b06m/mcs10_b06m_s70.B01
Reading graphs...
70 :  202
70 :  201
Initializing...
maxdom : 10
D->valSize : 301
Solving...
Blb : 2 (clique : 21)
currentSize : 21 <-- 0.002528 s
currentSize : 22 <-- 0.062690 s
currentSize : 23 <-- 0.278860 s
currentSize : 24 <-- 0.336335 s
currentSize : 25 <-- 1.617186 s
currentSize : 26 <-- 1.617350 s
currentSize : 27 <-- 10.695507 s

maxsize : 27
nodes : 187004404.000000
filtered : 1648448218.000000
time : 996.462463
