Parameters: GAD=1 vflib=1 dir=0 label=0 vlabel=1 lowerbound=1 fileNameGp=../../cp2016-max-common-connected-subgraph-paper/datasets/graphsdb/mcs10/rand/r005/mcs10_r005_s60.A05 fileNameGt=../../cp2016-max-common-connected-subgraph-paper/datasets/graphsdb/mcs10/rand/r005/mcs10_r005_s60.B05
Reading graphs...
60 :  179
60 :  179
Initializing...
maxdom : 8
D->valSize : 249
Solving...
Blb : 2 (clique : 17)
currentSize : 17 <-- 0.001696 s
currentSize : 18 <-- 0.001920 s
currentSize : 19 <-- 0.057286 s
currentSize : 20 <-- 0.262431 s
currentSize : 21 <-- 0.271300 s
currentSize : 22 <-- 0.276270 s
currentSize : 23 <-- 47.391937 s

maxsize : 23
nodes : 13859394.000000
filtered : 114189577.000000
time : 68.859848
