Parameters: GAD=1 vflib=1 dir=0 label=0 vlabel=1 lowerbound=1 fileNameGp=../../cp2016-max-common-connected-subgraph-paper/datasets/graphsdb/mcs10/bvg/b03/mcs10_b03_s80.A03 fileNameGt=../../cp2016-max-common-connected-subgraph-paper/datasets/graphsdb/mcs10/bvg/b03/mcs10_b03_s80.B03
Reading graphs...
80 :  119
80 :  120
Initializing...
maxdom : 9
D->valSize : 390
Solving...
Blb : 5 (clique : 31)
currentSize : 31 <-- 0.003941 s
currentSize : 32 <-- 0.004233 s
currentSize : 33 <-- 0.012493 s
currentSize : 34 <-- 0.035925 s
currentSize : 35 <-- 0.106132 s
currentSize : 36 <-- 6.802263 s
currentSize : 37 <-- 6.891543 s
currentSize : 38 <-- 50.877575 s
currentSize : 39 <-- 286.076141 s

TIMEOUT
maxsize : 39
nodes : 201962074.000000
filtered : 1158885590.000000
time : 1000.000061
