Parameters: GAD=1 vflib=1 dir=0 label=0 vlabel=1 lowerbound=1 fileNameGp=../../cp2016-max-common-connected-subgraph-paper/datasets/graphsdb/mcs10/rand/r005/mcs10_r005_s80.A04 fileNameGt=../../cp2016-max-common-connected-subgraph-paper/datasets/graphsdb/mcs10/rand/r005/mcs10_r005_s80.B04
Reading graphs...
80 :  317
80 :  312
Initializing...
maxdom : 8
D->valSize : 417
Solving...
Blb : 5 (clique : 22)
currentSize : 22 <-- 0.006737 s
currentSize : 23 <-- 0.021924 s
currentSize : 24 <-- 0.140035 s
currentSize : 25 <-- 3.583757 s
currentSize : 26 <-- 11.999269 s
currentSize : 27 <-- 18.101440 s

TIMEOUT
maxsize : 27
nodes : 172815265.000000
filtered : 1490024832.000000
time : 1000.000061
