Parameters: GAD=1 vflib=1 dir=0 label=0 vlabel=1 lowerbound=1 fileNameGp=../../cp2016-max-common-connected-subgraph-paper/datasets/graphsdb/mcs10/bvg/b06/mcs10_b06_s80.A01 fileNameGt=../../cp2016-max-common-connected-subgraph-paper/datasets/graphsdb/mcs10/bvg/b06/mcs10_b06_s80.B01
Reading graphs...
80 :  236
80 :  236
Initializing...
maxdom : 9
D->valSize : 416
Solving...
Blb : 2 (clique : 23)
currentSize : 23 <-- 0.003836 s
currentSize : 24 <-- 0.004062 s
currentSize : 25 <-- 0.009925 s
currentSize : 26 <-- 0.012188 s
currentSize : 27 <-- 12.465442 s
currentSize : 28 <-- 12.810430 s

TIMEOUT
maxsize : 28
nodes : 189638752.000000
filtered : 1301143047.000000
time : 1000.000000
