Parameters: GAD=1 vflib=1 dir=0 label=0 vlabel=1 lowerbound=1 fileNameGp=../../cp2016-max-common-connected-subgraph-paper/datasets/graphsdb/mcs10/rand/r02/mcs10_r02_s100.A09 fileNameGt=../../cp2016-max-common-connected-subgraph-paper/datasets/graphsdb/mcs10/rand/r02/mcs10_r02_s100.B09
Reading graphs...
100 :  1757
100 :  1762
Initializing...
maxdom : 7
D->valSize : 320
Solving...
Blb : 2 (clique : 10)
currentSize : 10 <-- 0.004243 s
currentSize : 11 <-- 0.004918 s
currentSize : 12 <-- 0.005224 s
currentSize : 13 <-- 1.086820 s
currentSize : 14 <-- 9.659950 s

maxsize : 14
nodes : 6548189.000000
filtered : 35948235.000000
time : 41.190655
