Parameters: GAD=1 vflib=1 dir=0 label=0 vlabel=1 lowerbound=1 fileNameGp=../../cp2016-max-common-connected-subgraph-paper/datasets/graphsdb/mcs10/rand/r02/mcs10_r02_s100.A05 fileNameGt=../../cp2016-max-common-connected-subgraph-paper/datasets/graphsdb/mcs10/rand/r02/mcs10_r02_s100.B05
Reading graphs...
100 :  1794
100 :  1776
Initializing...
maxdom : 8
D->valSize : 307
Solving...
Blb : 2 (clique : 10)
currentSize : 10 <-- 0.003038 s
currentSize : 11 <-- 0.006264 s
currentSize : 12 <-- 0.288781 s
currentSize : 13 <-- 1.526559 s
currentSize : 14 <-- 4.630234 s
currentSize : 15 <-- 15.636768 s

maxsize : 15
nodes : 4593110.000000
filtered : 25675552.000000
time : 28.781378
