Parameters: GAD=1 vflib=1 dir=0 label=0 vlabel=1 lowerbound=1 fileNameGp=../../cp2016-max-common-connected-subgraph-paper/datasets/graphsdb/mcs10/m3D/m3Dr4/mcs10_m3Dr4_s70.A01 fileNameGt=../../cp2016-max-common-connected-subgraph-paper/datasets/graphsdb/mcs10/m3D/m3Dr4/mcs10_m3Dr4_s70.B01
Reading graphs...
70 :  181
70 :  184
Initializing...
maxdom : 8
D->valSize : 335
Solving...
Blb : 2 (clique : 24)
currentSize : 24 <-- 0.002933 s
currentSize : 25 <-- 0.003157 s
currentSize : 26 <-- 0.006496 s
currentSize : 27 <-- 0.010632 s
currentSize : 28 <-- 0.295817 s
currentSize : 29 <-- 9.605034 s

TIMEOUT
maxsize : 29
nodes : 186640747.000000
filtered : 1498955137.000000
time : 1000.000000
