Parameters: GAD=1 vflib=1 dir=0 label=0 vlabel=1 lowerbound=1 fileNameGp=../../cp2016-max-common-connected-subgraph-paper/datasets/graphsdb/mcs10/m2D/m2Dr4/mcs10_m2Dr4_s50.A06 fileNameGt=../../cp2016-max-common-connected-subgraph-paper/datasets/graphsdb/mcs10/m2D/m2Dr4/mcs10_m2Dr4_s50.B06
Reading graphs...
50 :  103
50 :  99
Initializing...
maxdom : 12
D->valSize : 310
Solving...
Blb : 2 (clique : 17)
currentSize : 17 <-- 0.002209 s
currentSize : 18 <-- 0.002320 s
currentSize : 19 <-- 0.015964 s
currentSize : 20 <-- 0.035127 s
currentSize : 21 <-- 0.038960 s
currentSize : 22 <-- 0.277045 s
currentSize : 23 <-- 5.712445 s
currentSize : 24 <-- 23.080605 s

maxsize : 24
nodes : 9052873.000000
filtered : 107570705.000000
time : 45.971355
