Parameters: GAD=1 vflib=1 dir=0 label=0 vlabel=1 lowerbound=1 fileNameGp=../../cp2016-max-common-connected-subgraph-paper/datasets/graphsdb/mcs10/m2D/m2Dr2/mcs10_m2Dr2_s80.A03 fileNameGt=../../cp2016-max-common-connected-subgraph-paper/datasets/graphsdb/mcs10/m2D/m2Dr2/mcs10_m2Dr2_s80.B03
Reading graphs...
80 :  157
80 :  156
Initializing...
maxdom : 11
D->valSize : 427
Solving...
Blb : 2 (clique : 27)
currentSize : 27 <-- 0.004178 s
currentSize : 28 <-- 0.066576 s
currentSize : 29 <-- 0.073997 s
currentSize : 30 <-- 0.107009 s
currentSize : 31 <-- 7.898665 s
currentSize : 32 <-- 24.458780 s
currentSize : 33 <-- 98.208160 s

TIMEOUT
maxsize : 33
nodes : 191657433.000000
filtered : 1318161437.000000
time : 1000.000000
