Parameters: GAD=1 vflib=1 dir=0 label=0 vlabel=1 lowerbound=1 fileNameGp=../../cp2016-max-common-connected-subgraph-paper/datasets/graphsdb/mcs10/m2D/m2D/mcs10_m2D_s50.A05 fileNameGt=../../cp2016-max-common-connected-subgraph-paper/datasets/graphsdb/mcs10/m2D/m2D/mcs10_m2D_s50.B05
Reading graphs...
50 :  85
50 :  82
Initializing...
maxdom : 10
D->valSize : 325
Solving...
Blb : 2 (clique : 20)
currentSize : 20 <-- 0.004076 s
currentSize : 22 <-- 0.004250 s
currentSize : 23 <-- 0.013045 s
currentSize : 24 <-- 0.020870 s
currentSize : 25 <-- 0.053218 s
currentSize : 26 <-- 0.109552 s
currentSize : 27 <-- 34.770336 s

maxsize : 27
nodes : 58708369.000000
filtered : 749675692.000000
time : 325.130890
