Parameters: GAD=1 vflib=1 dir=0 label=0 vlabel=1 lowerbound=1 fileNameGp=../../cp2016-max-common-connected-subgraph-paper/datasets/graphsdb/mcs10/m3D/m3Dr2/mcs10_m3Dr2_s70.A06 fileNameGt=../../cp2016-max-common-connected-subgraph-paper/datasets/graphsdb/mcs10/m3D/m3Dr2/mcs10_m3Dr2_s70.B06
Reading graphs...
70 :  170
70 :  172
Initializing...
maxdom : 8
D->valSize : 316
Solving...
Blb : 2 (clique : 21)
currentSize : 21 <-- 0.004275 s
currentSize : 22 <-- 0.005656 s
currentSize : 23 <-- 0.011082 s
currentSize : 24 <-- 2.313838 s
currentSize : 25 <-- 3.464658 s
currentSize : 26 <-- 3.965447 s
currentSize : 27 <-- 117.509567 s

TIMEOUT
maxsize : 27
nodes : 191973579.000000
filtered : 1613230005.000000
time : 1000.000000
