Parameters: GAD=1 vflib=1 dir=0 label=0 vlabel=1 lowerbound=1 fileNameGp=../../cp2016-max-common-connected-subgraph-paper/datasets/graphsdb/mcs10/rand/r005/mcs10_r005_s50.A09 fileNameGt=../../cp2016-max-common-connected-subgraph-paper/datasets/graphsdb/mcs10/rand/r005/mcs10_r005_s50.B09
Reading graphs...
50 :  121
50 :  120
Initializing...
maxdom : 9
D->valSize : 285
Solving...
Blb : 2 (clique : 17)
currentSize : 17 <-- 0.002000 s
currentSize : 18 <-- 0.002488 s
currentSize : 19 <-- 0.003150 s
currentSize : 20 <-- 1.005691 s
currentSize : 21 <-- 15.421897 s
currentSize : 22 <-- 15.422006 s

maxsize : 22
nodes : 9770266.000000
filtered : 108018864.000000
time : 48.452126
