Parameters: GAD=1 vflib=1 dir=0 label=0 vlabel=1 lowerbound=1 fileNameGp=../../cp2016-max-common-connected-subgraph-paper/datasets/graphsdb/mcs10/rand/r01/mcs10_r01_s100.A06 fileNameGt=../../cp2016-max-common-connected-subgraph-paper/datasets/graphsdb/mcs10/rand/r01/mcs10_r01_s100.B06
Reading graphs...
100 :  939
100 :  935
Initializing...
maxdom : 8
D->valSize : 342
Solving...
Blb : 2 (clique : 14)
currentSize : 14 <-- 0.003232 s
currentSize : 16 <-- 0.011513 s
currentSize : 17 <-- 0.047610 s
currentSize : 18 <-- 1.588803 s
currentSize : 19 <-- 101.401611 s
currentSize : 20 <-- 425.017303 s

maxsize : 20
nodes : 141989187.000000
filtered : 918493595.000000
time : 878.683960
