Parameters: GAD=1 vflib=1 dir=0 label=0 vlabel=1 lowerbound=1 fileNameGp=../../cp2016-max-common-connected-subgraph-paper/datasets/graphsdb/mcs10/bvg/b03m/mcs10_b03m_s60.A01 fileNameGt=../../cp2016-max-common-connected-subgraph-paper/datasets/graphsdb/mcs10/bvg/b03m/mcs10_b03m_s60.B01
Reading graphs...
60 :  90
60 :  90
Initializing...
maxdom : 6
D->valSize : 234
Solving...
Blb : 2 (clique : 21)
currentSize : 21 <-- 0.001854 s
currentSize : 22 <-- 0.002126 s
currentSize : 23 <-- 0.002256 s
currentSize : 24 <-- 0.002487 s
currentSize : 25 <-- 0.014968 s
currentSize : 26 <-- 0.015929 s
currentSize : 27 <-- 0.086158 s
currentSize : 28 <-- 38.083801 s

TIMEOUT
maxsize : 28
nodes : 235719384.000000
filtered : 1441530274.000000
time : 1000.000000
