Parameters: GAD=1 vflib=1 dir=0 label=0 vlabel=1 lowerbound=1 fileNameGp=../../cp2016-max-common-connected-subgraph-paper/datasets/graphsdb/mcs10/rand/r01/mcs10_r01_s70.A05 fileNameGt=../../cp2016-max-common-connected-subgraph-paper/datasets/graphsdb/mcs10/rand/r01/mcs10_r01_s70.B05
Reading graphs...
70 :  459
70 :  461
Initializing...
maxdom : 9
D->valSize : 312
Solving...
Blb : 2 (clique : 13)
currentSize : 13 <-- 0.002605 s
currentSize : 14 <-- 0.002746 s
currentSize : 15 <-- 0.002980 s
currentSize : 16 <-- 0.011312 s
currentSize : 17 <-- 0.167751 s
currentSize : 18 <-- 0.519704 s
currentSize : 19 <-- 96.249344 s

maxsize : 19
nodes : 27812745.000000
filtered : 208503397.000000
time : 143.670990
