Parameters: GAD=1 vflib=1 dir=0 label=0 vlabel=1 lowerbound=1 fileNameGp=../../cp2016-max-common-connected-subgraph-paper/datasets/graphsdb/mcs10/m3D/m3Dr6/mcs10_m3Dr6_s80.A07 fileNameGt=../../cp2016-max-common-connected-subgraph-paper/datasets/graphsdb/mcs10/m3D/m3Dr6/mcs10_m3Dr6_s80.B07
Reading graphs...
80 :  229
80 :  228
Initializing...
maxdom : 7
D->valSize : 389
Solving...
Blb : 2 (clique : 24)
currentSize : 24 <-- 0.003731 s
currentSize : 25 <-- 0.072045 s
currentSize : 26 <-- 0.202683 s
currentSize : 27 <-- 0.264849 s
currentSize : 28 <-- 1.631607 s
currentSize : 29 <-- 108.584045 s
currentSize : 30 <-- 850.240479 s

TIMEOUT
maxsize : 30
nodes : 188692862.000000
filtered : 1461335561.000000
time : 1000.000000
