Parameters: GAD=1 vflib=1 dir=0 label=0 vlabel=1 lowerbound=1 fileNameGp=../../cp2016-max-common-connected-subgraph-paper/datasets/graphsdb/mcs10/m2D/m2D/mcs10_m2D_s50.A01 fileNameGt=../../cp2016-max-common-connected-subgraph-paper/datasets/graphsdb/mcs10/m2D/m2D/mcs10_m2D_s50.B01
Reading graphs...
50 :  83
50 :  83
Initializing...
maxdom : 9
D->valSize : 330
Solving...
Blb : 2 (clique : 20)
currentSize : 20 <-- 0.003973 s
currentSize : 21 <-- 0.004155 s
currentSize : 23 <-- 0.004201 s
currentSize : 24 <-- 0.004299 s
currentSize : 25 <-- 50.340916 s
currentSize : 26 <-- 80.516525 s
currentSize : 27 <-- 378.195953 s

maxsize : 27
nodes : 123520506.000000
filtered : 1272385271.000000
time : 595.902466
