Parameters: GAD=1 vflib=1 dir=0 label=0 vlabel=1 lowerbound=1 fileNameGp=../../cp2016-max-common-connected-subgraph-paper/datasets/graphsdb/mcs10/m2D/m2Dr6/mcs10_m2Dr6_s90.A04 fileNameGt=../../cp2016-max-common-connected-subgraph-paper/datasets/graphsdb/mcs10/m2D/m2Dr6/mcs10_m2Dr6_s90.B04
Reading graphs...
90 :  213
90 :  213
Initializing...
maxdom : 12
D->valSize : 465
Solving...
Blb : 2 (clique : 28)
currentSize : 28 <-- 0.005101 s
currentSize : 30 <-- 0.005314 s
currentSize : 31 <-- 0.005522 s
currentSize : 32 <-- 0.008054 s
currentSize : 33 <-- 4.820958 s
currentSize : 34 <-- 7.847682 s
currentSize : 35 <-- 31.055613 s
currentSize : 36 <-- 322.055359 s

TIMEOUT
maxsize : 36
nodes : 180296619.000000
filtered : 1268371845.000000
time : 1000.000122
