Parameters: GAD=1 vflib=1 dir=0 label=0 vlabel=1 lowerbound=1 fileNameGp=../../cp2016-max-common-connected-subgraph-paper/datasets/graphsdb/mcs10/rand/r02/mcs10_r02_s90.A03 fileNameGt=../../cp2016-max-common-connected-subgraph-paper/datasets/graphsdb/mcs10/rand/r02/mcs10_r02_s90.B03
Reading graphs...
90 :  1444
90 :  1434
Initializing...
maxdom : 10
D->valSize : 537
Solving...
Blb : 2 (clique : 11)
currentSize : 11 <-- 0.005833 s
currentSize : 12 <-- 0.006050 s
currentSize : 13 <-- 0.009851 s
currentSize : 14 <-- 0.323577 s
currentSize : 15 <-- 49.297668 s
currentSize : 16 <-- 62.789612 s

maxsize : 16
nodes : 84953006.000000
filtered : 605512734.000000
time : 509.941589
