Parameters: GAD=1 vflib=1 dir=0 label=0 vlabel=1 lowerbound=1 fileNameGp=../../cp2016-max-common-connected-subgraph-paper/datasets/graphsdb/mcs10/m2D/m2Dr4/mcs10_m2Dr4_s60.A01 fileNameGt=../../cp2016-max-common-connected-subgraph-paper/datasets/graphsdb/mcs10/m2D/m2Dr4/mcs10_m2Dr4_s60.B01
Reading graphs...
60 :  125
60 :  126
Initializing...
maxdom : 9
D->valSize : 228
Solving...
Blb : 5 (clique : 16)
currentSize : 16 <-- 0.001588 s
currentSize : 17 <-- 0.001684 s
currentSize : 18 <-- 0.001739 s
currentSize : 19 <-- 0.002886 s
currentSize : 20 <-- 0.008260 s
currentSize : 21 <-- 0.271208 s
currentSize : 22 <-- 1.034176 s
currentSize : 23 <-- 30.233864 s
currentSize : 24 <-- 108.895515 s

maxsize : 24
nodes : 25969904.000000
filtered : 157258875.000000
time : 114.208420
