Parameters: GAD=1 vflib=1 dir=0 label=0 vlabel=1 lowerbound=1 fileNameGp=../../cp2016-max-common-connected-subgraph-paper/datasets/graphsdb/mcs10/m2D/m2D/mcs10_m2D_s80.A01 fileNameGt=../../cp2016-max-common-connected-subgraph-paper/datasets/graphsdb/mcs10/m2D/m2D/mcs10_m2D_s80.B01
Reading graphs...
80 :  139
80 :  139
Initializing...
maxdom : 9
D->valSize : 382
Solving...
Blb : 2 (clique : 26)
currentSize : 26 <-- 0.003644 s
currentSize : 27 <-- 0.004293 s
currentSize : 28 <-- 0.005928 s
currentSize : 29 <-- 0.006587 s
currentSize : 30 <-- 0.008197 s
currentSize : 31 <-- 0.058572 s
currentSize : 32 <-- 4.117137 s
currentSize : 33 <-- 280.827332 s
currentSize : 34 <-- 804.335815 s

TIMEOUT
maxsize : 34
nodes : 195933308.000000
filtered : 1410152293.000000
time : 1000.000061
