Parameters: GAD=1 vflib=1 dir=0 label=0 vlabel=1 lowerbound=1 fileNameGp=../../cp2016-max-common-connected-subgraph-paper/datasets/graphsdb/mcs10/m3D/m3D/mcs10_m3D_s80.A03 fileNameGt=../../cp2016-max-common-connected-subgraph-paper/datasets/graphsdb/mcs10/m3D/m3D/mcs10_m3D_s80.B03
Reading graphs...
80 :  182
80 :  184
Initializing...
maxdom : 7
D->valSize : 388
Solving...
Blb : 2 (clique : 25)
currentSize : 25 <-- 0.005979 s
currentSize : 26 <-- 0.006337 s
currentSize : 27 <-- 0.007114 s
currentSize : 28 <-- 0.009124 s
currentSize : 29 <-- 0.014697 s
currentSize : 30 <-- 0.166505 s
currentSize : 31 <-- 0.634809 s
currentSize : 32 <-- 1.683258 s
currentSize : 33 <-- 1.690684 s

TIMEOUT
maxsize : 33
nodes : 189668369.000000
filtered : 1197895055.000000
time : 1000.000061
