Parameters: GAD=1 vflib=1 dir=0 label=0 vlabel=1 lowerbound=1 fileNameGp=../../cp2016-max-common-connected-subgraph-paper/datasets/graphsdb/mcs10/m2D/m2Dr2/mcs10_m2Dr2_s70.A00 fileNameGt=../../cp2016-max-common-connected-subgraph-paper/datasets/graphsdb/mcs10/m2D/m2Dr2/mcs10_m2Dr2_s70.B00
Reading graphs...
70 :  135
70 :  135
Initializing...
maxdom : 7
D->valSize : 321
Solving...
Blb : 2 (clique : 26)
currentSize : 26 <-- 0.002622 s
currentSize : 27 <-- 1.968139 s
currentSize : 28 <-- 12.780402 s
currentSize : 29 <-- 13.043851 s
currentSize : 30 <-- 16.834841 s
currentSize : 31 <-- 79.920448 s
currentSize : 32 <-- 277.853607 s

TIMEOUT
maxsize : 32
nodes : 204958660.000000
filtered : 1421831363.000000
time : 1000.000000
