Parameters: GAD=1 vflib=1 dir=0 label=0 vlabel=1 lowerbound=1 fileNameGp=../../cp2016-max-common-connected-subgraph-paper/datasets/graphsdb/mcs10/rand/r005/mcs10_r005_s80.A09 fileNameGt=../../cp2016-max-common-connected-subgraph-paper/datasets/graphsdb/mcs10/rand/r005/mcs10_r005_s80.B09
Reading graphs...
80 :  318
80 :  313
Initializing...
maxdom : 9
D->valSize : 399
Solving...
Blb : 2 (clique : 20)
currentSize : 20 <-- 0.003999 s
currentSize : 21 <-- 0.004950 s
currentSize : 22 <-- 0.007021 s
currentSize : 23 <-- 0.503354 s
currentSize : 24 <-- 1.071890 s
currentSize : 25 <-- 8.169699 s
currentSize : 26 <-- 293.837311 s
currentSize : 27 <-- 833.394104 s

TIMEOUT
maxsize : 27
nodes : 180898747.000000
filtered : 1341007928.000000
time : 1000.000061
