Parameters: GAD=1 vflib=1 dir=0 label=0 vlabel=1 lowerbound=1 fileNameGp=../../cp2016-max-common-connected-subgraph-paper/datasets/graphsdb/mcs10/bvg/b09/mcs10_b09_s100.A08 fileNameGt=../../cp2016-max-common-connected-subgraph-paper/datasets/graphsdb/mcs10/bvg/b09/mcs10_b09_s100.B08
Reading graphs...
100 :  444
100 :  442
Initializing...
maxdom : 8
D->valSize : 340
Solving...
Blb : 5 (clique : 23)
currentSize : 23 <-- 0.003347 s
currentSize : 24 <-- 0.020287 s
currentSize : 25 <-- 0.021529 s
currentSize : 26 <-- 0.128766 s
currentSize : 27 <-- 101.060242 s
currentSize : 28 <-- 105.303902 s
currentSize : 29 <-- 105.961021 s
currentSize : 30 <-- 213.755127 s

TIMEOUT
maxsize : 30
nodes : 166358636.000000
filtered : 1008993246.000000
time : 1000.000061
