Parameters: GAD=1 vflib=1 dir=0 label=0 vlabel=1 lowerbound=1 fileNameGp=../../cp2016-max-common-connected-subgraph-paper/datasets/graphsdb/mcs10/m2D/m2D/mcs10_m2D_s100.A08 fileNameGt=../../cp2016-max-common-connected-subgraph-paper/datasets/graphsdb/mcs10/m2D/m2D/mcs10_m2D_s100.B08
Reading graphs...
100 :  179
100 :  180
Initializing...
maxdom : 9
D->valSize : 314
Solving...
Blb : 2 (clique : 31)
currentSize : 31 <-- 0.003333 s
currentSize : 33 <-- 0.003554 s
currentSize : 34 <-- 0.003744 s
currentSize : 35 <-- 0.015598 s
currentSize : 36 <-- 0.078729 s
currentSize : 37 <-- 1.284669 s
currentSize : 38 <-- 32.316544 s

TIMEOUT
maxsize : 38
nodes : 159678521.000000
filtered : 780826766.000000
time : 1000.000122
