Parameters: GAD=1 vflib=1 dir=0 label=0 vlabel=1 lowerbound=1 fileNameGp=../../cp2016-max-common-connected-subgraph-paper/datasets/graphsdb/mcs10/bvg/b06m/mcs10_b06m_s70.A09 fileNameGt=../../cp2016-max-common-connected-subgraph-paper/datasets/graphsdb/mcs10/bvg/b06m/mcs10_b06m_s70.B09
Reading graphs...
70 :  203
70 :  206
Initializing...
maxdom : 8
D->valSize : 345
Solving...
Blb : 2 (clique : 20)
currentSize : 20 <-- 0.002889 s
currentSize : 21 <-- 0.003038 s
currentSize : 22 <-- 0.003092 s
currentSize : 23 <-- 0.008398 s
currentSize : 24 <-- 0.129569 s
currentSize : 25 <-- 0.756709 s
currentSize : 26 <-- 27.372564 s
currentSize : 27 <-- 95.389519 s

TIMEOUT
maxsize : 27
nodes : 191323697.000000
filtered : 1588565404.000000
time : 1000.000061
