Parameters: GAD=1 vflib=1 dir=0 label=0 vlabel=1 lowerbound=1 fileNameGp=../../cp2016-max-common-connected-subgraph-paper/datasets/graphsdb/mcs10/m3D/m3Dr4/mcs10_m3Dr4_s90.A09 fileNameGt=../../cp2016-max-common-connected-subgraph-paper/datasets/graphsdb/mcs10/m3D/m3Dr4/mcs10_m3Dr4_s90.B09
Reading graphs...
90 :  244
90 :  242
Initializing...
maxdom : 9
D->valSize : 518
Solving...
Blb : 2 (clique : 29)
currentSize : 29 <-- 0.005986 s
currentSize : 30 <-- 0.006886 s
currentSize : 31 <-- 0.007808 s
currentSize : 32 <-- 0.017480 s
currentSize : 33 <-- 0.061986 s
currentSize : 34 <-- 1.106368 s
currentSize : 35 <-- 226.735886 s

TIMEOUT
maxsize : 35
nodes : 178004548.000000
filtered : 1078815409.000000
time : 1000.000061
