Parameters: GAD=1 vflib=1 dir=0 label=0 vlabel=1 lowerbound=1 fileNameGp=../../cp2016-max-common-connected-subgraph-paper/datasets/graphsdb/mcs10/bvg/b06/mcs10_b06_s80.A05 fileNameGt=../../cp2016-max-common-connected-subgraph-paper/datasets/graphsdb/mcs10/bvg/b06/mcs10_b06_s80.B05
Reading graphs...
80 :  238
80 :  239
Initializing...
maxdom : 11
D->valSize : 390
Solving...
Blb : 2 (clique : 23)
currentSize : 23 <-- 0.003558 s
currentSize : 24 <-- 0.003740 s
currentSize : 25 <-- 0.004799 s
currentSize : 26 <-- 0.006009 s
currentSize : 27 <-- 0.098660 s
currentSize : 28 <-- 0.099404 s
currentSize : 29 <-- 37.606915 s
currentSize : 30 <-- 270.193817 s

TIMEOUT
maxsize : 30
nodes : 171812203.000000
filtered : 1741502136.000000
time : 1000.000000
