Parameters: GAD=1 vflib=1 dir=0 label=0 vlabel=1 lowerbound=1 fileNameGp=../../cp2016-max-common-connected-subgraph-paper/datasets/graphsdb/mcs10/m3D/m3Dr4/mcs10_m3Dr4_s70.A05 fileNameGt=../../cp2016-max-common-connected-subgraph-paper/datasets/graphsdb/mcs10/m3D/m3Dr4/mcs10_m3Dr4_s70.B05
Reading graphs...
70 :  183
70 :  184
Initializing...
maxdom : 8
D->valSize : 310
Solving...
Blb : 2 (clique : 20)
currentSize : 20 <-- 0.002556 s
currentSize : 21 <-- 0.003151 s
currentSize : 22 <-- 0.004494 s
currentSize : 23 <-- 0.008851 s
currentSize : 24 <-- 0.036744 s
currentSize : 25 <-- 3.006335 s
currentSize : 26 <-- 3.787333 s
currentSize : 27 <-- 101.284874 s

TIMEOUT
maxsize : 27
nodes : 200716073.000000
filtered : 1525440226.000000
time : 1000.000000
