Parameters: GAD=1 vflib=1 dir=0 label=0 vlabel=1 lowerbound=1 fileNameGp=../../cp2016-max-common-connected-subgraph-paper/datasets/graphsdb/mcs10/m2D/m2D/mcs10_m2D_s80.A00 fileNameGt=../../cp2016-max-common-connected-subgraph-paper/datasets/graphsdb/mcs10/m2D/m2D/mcs10_m2D_s80.B00
Reading graphs...
80 :  140
80 :  142
Initializing...
maxdom : 9
D->valSize : 367
Solving...
Blb : 2 (clique : 27)
currentSize : 27 <-- 0.005569 s
currentSize : 28 <-- 0.007875 s
currentSize : 29 <-- 0.008443 s
currentSize : 30 <-- 0.096048 s
currentSize : 31 <-- 0.187897 s
currentSize : 32 <-- 215.322601 s
currentSize : 33 <-- 820.268555 s

TIMEOUT
maxsize : 33
nodes : 158303118.000000
filtered : 1122870212.000000
time : 1000.000061
