Parameters: GAD=1 vflib=1 dir=0 label=0 vlabel=1 lowerbound=1 fileNameGp=../../cp2016-max-common-connected-subgraph-paper/datasets/graphsdb/mcs10/m4D/m4Dr2/mcs10_m4Dr2_s100.A09 fileNameGt=../../cp2016-max-common-connected-subgraph-paper/datasets/graphsdb/mcs10/m4D/m4Dr2/mcs10_m4Dr2_s100.B09
Reading graphs...
100 :  178
100 :  178
Initializing...
maxdom : 6
D->valSize : 318
Solving...
Blb : 2 (clique : 34)
currentSize : 34 <-- 0.005350 s
currentSize : 35 <-- 0.005779 s
currentSize : 36 <-- 0.005960 s
currentSize : 37 <-- 0.007109 s
currentSize : 38 <-- 0.173995 s
currentSize : 39 <-- 0.194683 s
currentSize : 40 <-- 0.313835 s
currentSize : 41 <-- 156.708420 s

TIMEOUT
maxsize : 41
nodes : 193292904.000000
filtered : 776336249.000000
time : 1000.000061
