Parameters: GAD=1 vflib=1 dir=0 label=0 vlabel=1 lowerbound=1 fileNameGp=../../cp2016-max-common-connected-subgraph-paper/datasets/graphsdb/mcs10/m3D/m3D/mcs10_m3D_s80.A06 fileNameGt=../../cp2016-max-common-connected-subgraph-paper/datasets/graphsdb/mcs10/m3D/m3D/mcs10_m3D_s80.B06
Reading graphs...
80 :  181
80 :  181
Initializing...
maxdom : 11
D->valSize : 402
Solving...
Blb : 2 (clique : 27)
currentSize : 27 <-- 0.003827 s
currentSize : 28 <-- 0.004616 s
currentSize : 29 <-- 0.033519 s
currentSize : 30 <-- 1.061656 s
currentSize : 31 <-- 1.228597 s
currentSize : 32 <-- 1.243622 s
currentSize : 33 <-- 7.959543 s

TIMEOUT
maxsize : 33
nodes : 187589800.000000
filtered : 1374175167.000000
time : 1000.000000
