Parameters: GAD=1 vflib=1 dir=0 label=0 vlabel=1 lowerbound=1 fileNameGp=../../cp2016-max-common-connected-subgraph-paper/datasets/graphsdb/mcs10/m2D/m2Dr6/mcs10_m2Dr6_s50.A00 fileNameGt=../../cp2016-max-common-connected-subgraph-paper/datasets/graphsdb/mcs10/m2D/m2Dr6/mcs10_m2Dr6_s50.B00
Reading graphs...
50 :  112
50 :  114
Initializing...
maxdom : 10
D->valSize : 322
Solving...
Blb : 2 (clique : 18)
currentSize : 18 <-- 0.002392 s
currentSize : 19 <-- 0.002521 s
currentSize : 20 <-- 0.002594 s
currentSize : 21 <-- 0.002662 s
currentSize : 22 <-- 0.031682 s
currentSize : 23 <-- 1.415878 s
currentSize : 24 <-- 6.936133 s

maxsize : 24
nodes : 11433617.000000
filtered : 152254054.000000
time : 59.629513
