Parameters: GAD=1 vflib=1 dir=0 label=0 vlabel=1 lowerbound=1 fileNameGp=../../cp2016-max-common-connected-subgraph-paper/datasets/graphsdb/mcs10/rand/r01/mcs10_r01_s70.A04 fileNameGt=../../cp2016-max-common-connected-subgraph-paper/datasets/graphsdb/mcs10/rand/r01/mcs10_r01_s70.B04
Reading graphs...
70 :  462
70 :  458
Initializing...
maxdom : 6
D->valSize : 300
Solving...
Blb : 2 (clique : 12)
currentSize : 12 <-- 0.003730 s
currentSize : 13 <-- 0.003912 s
currentSize : 14 <-- 0.008851 s
currentSize : 15 <-- 0.039152 s
currentSize : 16 <-- 0.556038 s
currentSize : 17 <-- 0.561486 s
currentSize : 18 <-- 28.435371 s

maxsize : 18
nodes : 19062876.000000
filtered : 131116483.000000
time : 96.726295
