Parameters: GAD=1 vflib=1 dir=0 label=0 vlabel=1 lowerbound=1 fileNameGp=../../cp2016-max-common-connected-subgraph-paper/datasets/graphsdb/mcs10/m2D/m2Dr6/mcs10_m2Dr6_s50.A04 fileNameGt=../../cp2016-max-common-connected-subgraph-paper/datasets/graphsdb/mcs10/m2D/m2Dr6/mcs10_m2Dr6_s50.B04
Reading graphs...
50 :  112
50 :  111
Initializing...
maxdom : 9
D->valSize : 306
Solving...
Blb : 2 (clique : 18)
currentSize : 18 <-- 0.002181 s
currentSize : 19 <-- 0.003544 s
currentSize : 20 <-- 0.003853 s
currentSize : 21 <-- 0.017491 s
currentSize : 22 <-- 2.291769 s
currentSize : 23 <-- 5.912845 s

maxsize : 23
nodes : 33925981.000000
filtered : 416384073.000000
time : 163.847626
