Parameters: GAD=1 vflib=1 dir=0 label=0 vlabel=1 lowerbound=1 fileNameGp=../../cp2016-max-common-connected-subgraph-paper/datasets/graphsdb/mcs10/m2D/m2Dr4/mcs10_m2Dr4_s60.A03 fileNameGt=../../cp2016-max-common-connected-subgraph-paper/datasets/graphsdb/mcs10/m2D/m2Dr4/mcs10_m2Dr4_s60.B03
Reading graphs...
60 :  125
60 :  126
Initializing...
maxdom : 10
D->valSize : 225
Solving...
Blb : 2 (clique : 17)
currentSize : 17 <-- 0.001557 s
currentSize : 18 <-- 0.001675 s
currentSize : 19 <-- 0.002075 s
currentSize : 20 <-- 0.003338 s
currentSize : 21 <-- 0.012327 s
currentSize : 22 <-- 0.082115 s
currentSize : 23 <-- 0.405311 s
currentSize : 24 <-- 0.610632 s
currentSize : 25 <-- 9.794922 s

maxsize : 25
nodes : 14307556.000000
filtered : 108423917.000000
time : 67.059540
