Parameters: GAD=1 vflib=1 dir=0 label=0 vlabel=1 lowerbound=1 fileNameGp=../../cp2016-max-common-connected-subgraph-paper/datasets/graphsdb/mcs10/m2D/m2Dr4/mcs10_m2Dr4_s50.A03 fileNameGt=../../cp2016-max-common-connected-subgraph-paper/datasets/graphsdb/mcs10/m2D/m2Dr4/mcs10_m2Dr4_s50.B03
Reading graphs...
50 :  104
50 :  103
Initializing...
maxdom : 10
D->valSize : 323
Solving...
Blb : 2 (clique : 18)
currentSize : 18 <-- 0.002309 s
currentSize : 19 <-- 0.002476 s
currentSize : 20 <-- 0.004386 s
currentSize : 21 <-- 0.007245 s
currentSize : 22 <-- 0.097279 s
currentSize : 23 <-- 0.100017 s
currentSize : 24 <-- 3.764352 s
currentSize : 25 <-- 57.010616 s

maxsize : 25
nodes : 21293819.000000
filtered : 263991348.000000
time : 115.156525
