Parameters: GAD=1 vflib=1 dir=0 label=0 vlabel=1 lowerbound=1 fileNameGp=../../cp2016-max-common-connected-subgraph-paper/datasets/graphsdb/mcs10/m3D/m3Dr2/mcs10_m3Dr2_s60.A09 fileNameGt=../../cp2016-max-common-connected-subgraph-paper/datasets/graphsdb/mcs10/m3D/m3Dr2/mcs10_m3Dr2_s60.B09
Reading graphs...
60 :  144
60 :  145
Initializing...
maxdom : 9
D->valSize : 218
Solving...
Blb : 5 (clique : 18)
currentSize : 18 <-- 0.001592 s
currentSize : 19 <-- 0.009065 s
currentSize : 20 <-- 0.010917 s
currentSize : 21 <-- 0.170705 s
currentSize : 22 <-- 3.677187 s
currentSize : 23 <-- 100.449234 s

maxsize : 23
nodes : 24127199.000000
filtered : 146765159.000000
time : 106.761452
