Parameters: GAD=1 vflib=1 dir=0 label=0 vlabel=1 lowerbound=1 fileNameGp=../../cp2016-max-common-connected-subgraph-paper/datasets/graphsdb/mcs10/m2D/m2Dr2/mcs10_m2Dr2_s80.A07 fileNameGt=../../cp2016-max-common-connected-subgraph-paper/datasets/graphsdb/mcs10/m2D/m2Dr2/mcs10_m2Dr2_s80.B07
Reading graphs...
80 :  158
80 :  156
Initializing...
maxdom : 9
D->valSize : 407
Solving...
Blb : 2 (clique : 28)
currentSize : 28 <-- 0.006485 s
currentSize : 29 <-- 0.006894 s
currentSize : 30 <-- 0.015186 s
currentSize : 31 <-- 0.015335 s
currentSize : 32 <-- 0.020640 s
currentSize : 33 <-- 1.318355 s
currentSize : 34 <-- 95.999329 s

TIMEOUT
maxsize : 34
nodes : 185505313.000000
filtered : 1414896684.000000
time : 1000.000061
