Parameters: GAD=1 vflib=1 dir=0 label=0 vlabel=1 lowerbound=1 fileNameGp=../../cp2016-max-common-connected-subgraph-paper/datasets/graphsdb/mcs10/m3D/m3Dr2/mcs10_m3Dr2_s100.A09 fileNameGt=../../cp2016-max-common-connected-subgraph-paper/datasets/graphsdb/mcs10/m3D/m3Dr2/mcs10_m3Dr2_s100.B09
Reading graphs...
100 :  253
100 :  251
Initializing...
maxdom : 7
D->valSize : 339
Solving...
Blb : 2 (clique : 27)
currentSize : 27 <-- 0.003609 s
currentSize : 28 <-- 0.004406 s
currentSize : 29 <-- 0.005316 s
currentSize : 30 <-- 0.009278 s
currentSize : 31 <-- 0.194053 s
currentSize : 32 <-- 0.626243 s
currentSize : 33 <-- 1.803863 s
currentSize : 34 <-- 93.265778 s
currentSize : 35 <-- 106.348213 s

TIMEOUT
maxsize : 35
nodes : 189568435.000000
filtered : 769472675.000000
time : 1000.000061
