Parameters: GAD=1 vflib=1 dir=0 label=0 vlabel=1 lowerbound=1 fileNameGp=../../cp2016-max-common-connected-subgraph-paper/datasets/graphsdb/mcs10/m3D/m3Dr4/mcs10_m3Dr4_s70.A00 fileNameGt=../../cp2016-max-common-connected-subgraph-paper/datasets/graphsdb/mcs10/m3D/m3Dr4/mcs10_m3Dr4_s70.B00
Reading graphs...
70 :  184
70 :  181
Initializing...
maxdom : 9
D->valSize : 325
Solving...
Blb : 2 (clique : 22)
currentSize : 22 <-- 0.002977 s
currentSize : 23 <-- 0.007450 s
currentSize : 24 <-- 0.025017 s
currentSize : 25 <-- 0.419438 s
currentSize : 26 <-- 0.597540 s
currentSize : 27 <-- 1.584186 s
currentSize : 28 <-- 27.709820 s

TIMEOUT
maxsize : 28
nodes : 193188723.000000
filtered : 1487287606.000000
time : 1000.000000
