Parameters: GAD=1 vflib=1 dir=0 label=0 vlabel=1 lowerbound=1 fileNameGp=../../cp2016-max-common-connected-subgraph-paper/datasets/graphsdb/mcs10/bvg/b03/mcs10_b03_s70.A02 fileNameGt=../../cp2016-max-common-connected-subgraph-paper/datasets/graphsdb/mcs10/bvg/b03/mcs10_b03_s70.B02
Reading graphs...
70 :  104
70 :  105
Initializing...
maxdom : 9
D->valSize : 304
Solving...
Blb : 2 (clique : 28)
currentSize : 28 <-- 0.002912 s
currentSize : 29 <-- 0.006415 s
currentSize : 30 <-- 0.135658 s
currentSize : 31 <-- 1.391276 s
currentSize : 32 <-- 4.607980 s
currentSize : 33 <-- 31.671167 s
currentSize : 34 <-- 130.389099 s

TIMEOUT
maxsize : 34
nodes : 208344584.000000
filtered : 1211103000.000000
time : 1000.000061
