Parameters: GAD=1 vflib=1 dir=0 label=0 vlabel=1 lowerbound=1 fileNameGp=../../cp2016-max-common-connected-subgraph-paper/datasets/graphsdb/mcs10/m3D/m3Dr6/mcs10_m3Dr6_s100.A04 fileNameGt=../../cp2016-max-common-connected-subgraph-paper/datasets/graphsdb/mcs10/m3D/m3Dr6/mcs10_m3Dr6_s100.B04
Reading graphs...
100 :  289
100 :  294
Initializing...
maxdom : 6
D->valSize : 302
Solving...
Blb : 2 (clique : 26)
currentSize : 26 <-- 0.003063 s
currentSize : 28 <-- 0.003495 s
currentSize : 29 <-- 0.004165 s
currentSize : 30 <-- 1.143627 s
currentSize : 31 <-- 98.230194 s
currentSize : 32 <-- 855.990479 s

TIMEOUT
maxsize : 32
nodes : 175078197.000000
filtered : 785240050.000000
time : 1000.000061
