Parameters: GAD=1 vflib=1 dir=0 label=0 vlabel=1 lowerbound=1 fileNameGp=../../cp2016-max-common-connected-subgraph-paper/datasets/graphsdb/mcs10/m3D/m3Dr2/mcs10_m3Dr2_s80.A07 fileNameGt=../../cp2016-max-common-connected-subgraph-paper/datasets/graphsdb/mcs10/m3D/m3Dr2/mcs10_m3Dr2_s80.B07
Reading graphs...
80 :  197
80 :  197
Initializing...
maxdom : 9
D->valSize : 435
Solving...
Blb : 2 (clique : 26)
currentSize : 26 <-- 0.004422 s
currentSize : 27 <-- 0.004893 s
currentSize : 28 <-- 0.006519 s
currentSize : 29 <-- 0.051057 s
currentSize : 30 <-- 1.003131 s
currentSize : 31 <-- 118.484398 s
currentSize : 32 <-- 165.757294 s

TIMEOUT
maxsize : 32
nodes : 170730616.000000
filtered : 1500517771.000000
time : 1000.000061
