Parameters: GAD=1 vflib=1 dir=0 label=0 vlabel=1 lowerbound=1 fileNameGp=../../cp2016-max-common-connected-subgraph-paper/datasets/graphsdb/mcs10/m3D/m3Dr2/mcs10_m3Dr2_s100.A07 fileNameGt=../../cp2016-max-common-connected-subgraph-paper/datasets/graphsdb/mcs10/m3D/m3Dr2/mcs10_m3Dr2_s100.B07
Reading graphs...
100 :  250
100 :  252
Initializing...
maxdom : 6
D->valSize : 324
Solving...
Blb : 5 (clique : 28)
currentSize : 28 <-- 0.003251 s
currentSize : 29 <-- 0.003501 s
currentSize : 30 <-- 0.005348 s
currentSize : 31 <-- 0.029669 s
currentSize : 32 <-- 0.809256 s
currentSize : 33 <-- 0.813179 s
currentSize : 34 <-- 4.982675 s
currentSize : 35 <-- 55.762981 s

TIMEOUT
maxsize : 35
nodes : 178084931.000000
filtered : 820729357.000000
time : 1000.000061
