Parameters: GAD=1 vflib=1 dir=0 label=0 vlabel=1 lowerbound=1 fileNameGp=../../cp2016-max-common-connected-subgraph-paper/datasets/graphsdb/mcs10/m3D/m3Dr4/mcs10_m3Dr4_s100.A01 fileNameGt=../../cp2016-max-common-connected-subgraph-paper/datasets/graphsdb/mcs10/m3D/m3Dr4/mcs10_m3Dr4_s100.B01
Reading graphs...
100 :  268
100 :  269
Initializing...
maxdom : 8
D->valSize : 330
Solving...
Blb : 2 (clique : 27)
currentSize : 27 <-- 0.003293 s
currentSize : 29 <-- 0.003501 s
currentSize : 30 <-- 0.009691 s
currentSize : 31 <-- 0.011727 s
currentSize : 32 <-- 0.012445 s
currentSize : 33 <-- 0.082042 s
currentSize : 34 <-- 397.049683 s

TIMEOUT
maxsize : 34
nodes : 187047817.000000
filtered : 817038494.000000
time : 1000.000061
