Parameters: GAD=1 vflib=1 dir=0 label=0 vlabel=1 lowerbound=1 fileNameGp=../../cp2016-max-common-connected-subgraph-paper/datasets/graphsdb/mcs10/bvg/b06m/mcs10_b06m_s100.A07 fileNameGt=../../cp2016-max-common-connected-subgraph-paper/datasets/graphsdb/mcs10/bvg/b06m/mcs10_b06m_s100.B07
Reading graphs...
100 :  290
100 :  291
Initializing...
maxdom : 7
D->valSize : 312
Solving...
Blb : 2 (clique : 27)
currentSize : 27 <-- 0.003046 s
currentSize : 28 <-- 0.003272 s
currentSize : 29 <-- 0.003458 s
currentSize : 30 <-- 0.012742 s
currentSize : 31 <-- 0.301530 s
currentSize : 32 <-- 32.419029 s
currentSize : 33 <-- 42.630447 s
currentSize : 34 <-- 162.325562 s
currentSize : 35 <-- 423.119843 s

TIMEOUT
maxsize : 35
nodes : 176437477.000000
filtered : 928480516.000000
time : 1000.000061
