Parameters: GAD=1 vflib=1 dir=0 label=0 vlabel=1 lowerbound=1 fileNameGp=../../cp2016-max-common-connected-subgraph-paper/datasets/graphsdb/mcs10/bvg/b03/mcs10_b03_s50.A00 fileNameGt=../../cp2016-max-common-connected-subgraph-paper/datasets/graphsdb/mcs10/bvg/b03/mcs10_b03_s50.B00
Reading graphs...
50 :  75
50 :  74
Initializing...
maxdom : 10
D->valSize : 315
Solving...
Blb : 2 (clique : 22)
currentSize : 22 <-- 0.002728 s
currentSize : 23 <-- 0.002927 s
currentSize : 24 <-- 0.003106 s
currentSize : 25 <-- 0.007202 s
currentSize : 26 <-- 0.120111 s
currentSize : 27 <-- 98.233383 s

maxsize : 27
nodes : 150786003.000000
filtered : 1759419254.000000
time : 719.010803
