Parameters: GAD=1 vflib=1 dir=0 label=0 vlabel=1 lowerbound=1 fileNameGp=../../cp2016-max-common-connected-subgraph-paper/datasets/graphsdb/mcs10/rand/r005/mcs10_r005_s90.A05 fileNameGt=../../cp2016-max-common-connected-subgraph-paper/datasets/graphsdb/mcs10/rand/r005/mcs10_r005_s90.B05
Reading graphs...
90 :  400
90 :  392
Initializing...
maxdom : 11
D->valSize : 512
Solving...
Blb : 2 (clique : 21)
currentSize : 21 <-- 0.005655 s
currentSize : 22 <-- 0.006378 s
currentSize : 23 <-- 0.031457 s
currentSize : 24 <-- 0.133615 s
currentSize : 25 <-- 1.411080 s
currentSize : 26 <-- 10.179695 s
currentSize : 27 <-- 226.703384 s
currentSize : 28 <-- 493.199524 s

TIMEOUT
maxsize : 28
nodes : 171938522.000000
filtered : 1411578625.000000
time : 1000.000061
