Parameters: GAD=1 vflib=1 dir=0 label=0 vlabel=1 lowerbound=1 fileNameGp=../../cp2016-max-common-connected-subgraph-paper/datasets/graphsdb/mcs10/rand/r001/mcs10_r001_s100.A02 fileNameGt=../../cp2016-max-common-connected-subgraph-paper/datasets/graphsdb/mcs10/rand/r001/mcs10_r001_s100.B02
Reading graphs...
100 :  108
100 :  108
Initializing...
maxdom : 7
D->valSize : 325
Solving...
Blb : 2 (clique : 37)
currentSize : 37 <-- 0.003811 s
currentSize : 38 <-- 1.385417 s
currentSize : 39 <-- 18.901459 s
currentSize : 40 <-- 61.285545 s
currentSize : 41 <-- 96.983017 s
currentSize : 42 <-- 137.733734 s
currentSize : 43 <-- 554.390015 s

TIMEOUT
maxsize : 43
nodes : 205481141.000000
filtered : 702051573.000000
time : 1000.000061
