Parameters: GAD=1 vflib=1 dir=0 label=0 vlabel=1 lowerbound=1 fileNameGp=../../cp2016-max-common-connected-subgraph-paper/datasets/graphsdb/mcs10/m3D/m3Dr6/mcs10_m3Dr6_s80.A05 fileNameGt=../../cp2016-max-common-connected-subgraph-paper/datasets/graphsdb/mcs10/m3D/m3Dr6/mcs10_m3Dr6_s80.B05
Reading graphs...
80 :  229
80 :  223
Initializing...
maxdom : 11
D->valSize : 436
Solving...
Blb : 5 (clique : 26)
currentSize : 26 <-- 0.006982 s
currentSize : 27 <-- 0.030167 s
currentSize : 28 <-- 0.054901 s
currentSize : 29 <-- 0.495338 s
currentSize : 30 <-- 26.582607 s
currentSize : 31 <-- 449.608551 s

TIMEOUT
maxsize : 31
nodes : 178239284.000000
filtered : 1634048052.000000
time : 1000.000000
