Parameters: GAD=1 vflib=1 dir=0 label=0 vlabel=1 lowerbound=1 fileNameGp=../../cp2016-max-common-connected-subgraph-paper/datasets/graphsdb/mcs10/rand/r005/mcs10_r005_s100.A04 fileNameGt=../../cp2016-max-common-connected-subgraph-paper/datasets/graphsdb/mcs10/rand/r005/mcs10_r005_s100.B04
Reading graphs...
100 :  488
100 :  495
Initializing...
maxdom : 7
D->valSize : 328
Solving...
Blb : 2 (clique : 20)
currentSize : 20 <-- 0.003263 s
currentSize : 21 <-- 0.004468 s
currentSize : 22 <-- 0.011720 s
currentSize : 23 <-- 2.671472 s
currentSize : 24 <-- 4.657789 s
currentSize : 25 <-- 6.078742 s
currentSize : 26 <-- 23.076843 s
currentSize : 27 <-- 45.924114 s
currentSize : 28 <-- 693.145996 s

TIMEOUT
maxsize : 28
nodes : 167095543.000000
filtered : 994960235.000000
time : 1000.000061
