Parameters: GAD=1 vflib=1 dir=0 label=0 vlabel=1 lowerbound=1 fileNameGp=../../cp2016-max-common-connected-subgraph-paper/datasets/graphsdb/mcs10/m3D/m3Dr4/mcs10_m3Dr4_s60.A08 fileNameGt=../../cp2016-max-common-connected-subgraph-paper/datasets/graphsdb/mcs10/m3D/m3Dr4/mcs10_m3Dr4_s60.B08
Reading graphs...
60 :  156
60 :  158
Initializing...
maxdom : 7
D->valSize : 234
Solving...
Blb : 5 (clique : 18)
currentSize : 18 <-- 0.001813 s
currentSize : 19 <-- 0.001965 s
currentSize : 20 <-- 0.004558 s
currentSize : 21 <-- 0.114353 s
currentSize : 22 <-- 0.265573 s
currentSize : 23 <-- 7.884553 s
currentSize : 24 <-- 37.378529 s

maxsize : 24
nodes : 61658149.000000
filtered : 441609691.000000
time : 291.381042
