Parameters: GAD=1 vflib=1 dir=0 label=0 vlabel=1 lowerbound=1 fileNameGp=../../cp2016-max-common-connected-subgraph-paper/datasets/graphsdb/mcs10/m3D/m3Dr2/mcs10_m3Dr2_s90.A05 fileNameGt=../../cp2016-max-common-connected-subgraph-paper/datasets/graphsdb/mcs10/m3D/m3Dr2/mcs10_m3Dr2_s90.B05
Reading graphs...
90 :  223
90 :  226
Initializing...
maxdom : 8
D->valSize : 509
Solving...
Blb : 2 (clique : 28)
currentSize : 28 <-- 0.009395 s
currentSize : 29 <-- 0.010434 s
currentSize : 30 <-- 0.011285 s
currentSize : 31 <-- 0.013275 s
currentSize : 32 <-- 0.044585 s
currentSize : 33 <-- 0.045228 s

TIMEOUT
maxsize : 33
nodes : 178757284.000000
filtered : 1215612443.000000
time : 1000.000061
