Parameters: GAD=1 vflib=1 dir=0 label=0 vlabel=1 lowerbound=1 fileNameGp=../../cp2016-max-common-connected-subgraph-paper/datasets/graphsdb/mcs10/rand/r02/mcs10_r02_s80.A04 fileNameGt=../../cp2016-max-common-connected-subgraph-paper/datasets/graphsdb/mcs10/rand/r02/mcs10_r02_s80.B04
Reading graphs...
80 :  1137
80 :  1127
Initializing...
maxdom : 9
D->valSize : 431
Solving...
Blb : 2 (clique : 10)
currentSize : 10 <-- 0.004667 s
currentSize : 11 <-- 0.004891 s
currentSize : 12 <-- 0.015422 s
currentSize : 13 <-- 0.293513 s
currentSize : 14 <-- 20.840769 s

maxsize : 14
nodes : 32883788.000000
filtered : 199980468.000000
time : 179.423782
