Parameters: GAD=1 vflib=1 dir=0 label=0 vlabel=1 lowerbound=1 fileNameGp=../../cp2016-max-common-connected-subgraph-paper/datasets/graphsdb/mcs10/m3D/m3Dr4/mcs10_m3Dr4_s90.A00 fileNameGt=../../cp2016-max-common-connected-subgraph-paper/datasets/graphsdb/mcs10/m3D/m3Dr4/mcs10_m3Dr4_s90.B00
Reading graphs...
90 :  242
90 :  243
Initializing...
maxdom : 8
D->valSize : 513
Solving...
Blb : 2 (clique : 28)
currentSize : 28 <-- 0.005770 s
currentSize : 29 <-- 0.006050 s
currentSize : 30 <-- 0.006225 s
currentSize : 31 <-- 0.293789 s
currentSize : 32 <-- 13.954817 s
currentSize : 33 <-- 23.038628 s
currentSize : 34 <-- 53.713169 s
currentSize : 35 <-- 65.337311 s

TIMEOUT
maxsize : 35
nodes : 171563504.000000
filtered : 1465355249.000000
time : 1000.000061
