Parameters: GAD=1 vflib=1 dir=0 label=0 vlabel=1 lowerbound=1 fileNameGp=../../cp2016-max-common-connected-subgraph-paper/datasets/graphsdb/mcs10/bvg/b06m/mcs10_b06m_s90.A07 fileNameGt=../../cp2016-max-common-connected-subgraph-paper/datasets/graphsdb/mcs10/bvg/b06m/mcs10_b06m_s90.B07
Reading graphs...
90 :  263
90 :  261
Initializing...
maxdom : 9
D->valSize : 498
Solving...
Blb : 2 (clique : 26)
currentSize : 26 <-- 0.005506 s
currentSize : 27 <-- 0.006826 s
currentSize : 28 <-- 0.012120 s
currentSize : 29 <-- 0.046981 s
currentSize : 30 <-- 0.676301 s
currentSize : 31 <-- 1.313926 s
currentSize : 32 <-- 78.651459 s
currentSize : 33 <-- 523.158264 s

TIMEOUT
maxsize : 33
nodes : 169551442.000000
filtered : 1160744468.000000
time : 1000.000061
