Parameters: GAD=1 vflib=1 dir=0 label=0 vlabel=1 lowerbound=1 fileNameGp=../../cp2016-max-common-connected-subgraph-paper/datasets/graphsdb/mcs10/bvg/b06/mcs10_b06_s80.A00 fileNameGt=../../cp2016-max-common-connected-subgraph-paper/datasets/graphsdb/mcs10/bvg/b06/mcs10_b06_s80.B00
Reading graphs...
80 :  237
80 :  238
Initializing...
maxdom : 10
D->valSize : 406
Solving...
Blb : 2 (clique : 25)
currentSize : 25 <-- 0.003866 s
currentSize : 26 <-- 0.004801 s
currentSize : 27 <-- 0.040102 s
currentSize : 28 <-- 0.057551 s
currentSize : 29 <-- 0.274498 s
currentSize : 30 <-- 354.691895 s

TIMEOUT
maxsize : 30
nodes : 183021335.000000
filtered : 1419775793.000000
time : 1000.000000
