Parameters: GAD=1 vflib=1 dir=0 label=0 vlabel=1 lowerbound=1 fileNameGp=../../cp2016-max-common-connected-subgraph-paper/datasets/graphsdb/mcs10/m3D/m3D/mcs10_m3D_s90.A04 fileNameGt=../../cp2016-max-common-connected-subgraph-paper/datasets/graphsdb/mcs10/m3D/m3D/mcs10_m3D_s90.B04
Reading graphs...
90 :  208
90 :  208
Initializing...
maxdom : 10
D->valSize : 495
Solving...
Blb : 2 (clique : 29)
currentSize : 29 <-- 0.005804 s
currentSize : 30 <-- 0.011255 s
currentSize : 31 <-- 0.012120 s
currentSize : 32 <-- 0.020022 s
currentSize : 33 <-- 0.643711 s
currentSize : 34 <-- 120.652802 s
currentSize : 35 <-- 221.172318 s

TIMEOUT
maxsize : 35
nodes : 187319391.000000
filtered : 1129434892.000000
time : 1000.000061
