Parameters: GAD=1 vflib=1 dir=0 label=0 vlabel=1 lowerbound=1 fileNameGp=../../cp2016-max-common-connected-subgraph-paper/datasets/graphsdb/mcs10/m3D/m3D/mcs10_m3D_s90.A00 fileNameGt=../../cp2016-max-common-connected-subgraph-paper/datasets/graphsdb/mcs10/m3D/m3D/mcs10_m3D_s90.B00
Reading graphs...
90 :  206
90 :  209
Initializing...
maxdom : 11
D->valSize : 530
Solving...
Blb : 2 (clique : 29)
currentSize : 29 <-- 0.006097 s
currentSize : 32 <-- 0.006323 s
currentSize : 33 <-- 0.006686 s
currentSize : 34 <-- 0.006857 s
currentSize : 35 <-- 2.749715 s
currentSize : 36 <-- 2.915072 s
currentSize : 37 <-- 373.344025 s
currentSize : 38 <-- 593.016907 s

TIMEOUT
maxsize : 38
nodes : 160052547.000000
filtered : 1395690578.000000
time : 1000.000061
