Parameters: GAD=1 vflib=1 dir=0 label=0 vlabel=1 lowerbound=1 fileNameGp=../../cp2016-max-common-connected-subgraph-paper/datasets/graphsdb/mcs10/m2D/m2Dr6/mcs10_m2Dr6_s60.A09 fileNameGt=../../cp2016-max-common-connected-subgraph-paper/datasets/graphsdb/mcs10/m2D/m2Dr6/mcs10_m2Dr6_s60.B09
Reading graphs...
60 :  138
60 :  135
Initializing...
maxdom : 10
D->valSize : 237
Solving...
Blb : 2 (clique : 18)
currentSize : 18 <-- 0.001666 s
currentSize : 19 <-- 0.001784 s
currentSize : 20 <-- 0.001824 s
currentSize : 21 <-- 0.002099 s
currentSize : 22 <-- 0.010595 s
currentSize : 23 <-- 0.780163 s
currentSize : 24 <-- 8.596895 s
currentSize : 25 <-- 38.753304 s

maxsize : 25
nodes : 36104578.000000
filtered : 273320043.000000
time : 171.205154
