Parameters: GAD=1 vflib=1 dir=0 label=0 vlabel=1 lowerbound=1 fileNameGp=../../cp2016-max-common-connected-subgraph-paper/datasets/graphsdb/mcs10/rand/r005/mcs10_r005_s50.A00 fileNameGt=../../cp2016-max-common-connected-subgraph-paper/datasets/graphsdb/mcs10/rand/r005/mcs10_r005_s50.B00
Reading graphs...
50 :  122
50 :  122
Initializing...
maxdom : 10
D->valSize : 301
Solving...
Blb : 2 (clique : 18)
currentSize : 18 <-- 0.003451 s
currentSize : 19 <-- 0.017803 s
currentSize : 20 <-- 0.060545 s
currentSize : 21 <-- 0.203345 s
currentSize : 22 <-- 1.486118 s

maxsize : 22
nodes : 10562245.000000
filtered : 125406467.000000
time : 55.871773
