Parameters: GAD=1 vflib=1 dir=0 label=0 vlabel=1 lowerbound=1 fileNameGp=../../cp2016-max-common-connected-subgraph-paper/datasets/graphsdb/mcs10/rand/r01/mcs10_r01_s80.A09 fileNameGt=../../cp2016-max-common-connected-subgraph-paper/datasets/graphsdb/mcs10/rand/r01/mcs10_r01_s80.B09
Reading graphs...
80 :  601
80 :  600
Initializing...
maxdom : 9
D->valSize : 406
Solving...
Blb : 2 (clique : 13)
currentSize : 13 <-- 0.003704 s
currentSize : 14 <-- 0.003834 s
currentSize : 15 <-- 0.003929 s
currentSize : 16 <-- 0.013797 s
currentSize : 17 <-- 0.097338 s
currentSize : 18 <-- 0.337571 s
currentSize : 19 <-- 51.687054 s

TIMEOUT
maxsize : 19
nodes : 178045477.000000
filtered : 1370094307.000000
time : 1000.000061
