Parameters: GAD=1 vflib=1 dir=0 label=0 vlabel=1 lowerbound=1 fileNameGp=../../cp2016-max-common-connected-subgraph-paper/datasets/graphsdb/mcs10/m2D/m2Dr6/mcs10_m2Dr6_s80.A09 fileNameGt=../../cp2016-max-common-connected-subgraph-paper/datasets/graphsdb/mcs10/m2D/m2Dr6/mcs10_m2Dr6_s80.B09
Reading graphs...
80 :  188
80 :  188
Initializing...
maxdom : 8
D->valSize : 413
Solving...
Blb : 2 (clique : 26)
currentSize : 26 <-- 0.004164 s
currentSize : 27 <-- 0.004742 s
currentSize : 28 <-- 0.005244 s
currentSize : 29 <-- 0.025845 s
currentSize : 30 <-- 0.318620 s
currentSize : 31 <-- 6.002346 s

TIMEOUT
maxsize : 31
nodes : 190939751.000000
filtered : 1262039359.000000
time : 1000.000061
