Parameters: GAD=1 vflib=1 dir=0 label=0 vlabel=1 lowerbound=1 fileNameGp=../../cp2016-max-common-connected-subgraph-paper/datasets/graphsdb/mcs10/m3D/m3Dr4/mcs10_m3Dr4_s100.A00 fileNameGt=../../cp2016-max-common-connected-subgraph-paper/datasets/graphsdb/mcs10/m3D/m3Dr4/mcs10_m3Dr4_s100.B00
Reading graphs...
100 :  268
100 :  271
Initializing...
maxdom : 7
D->valSize : 343
Solving...
Blb : 2 (clique : 29)
currentSize : 29 <-- 0.003567 s
currentSize : 30 <-- 0.004481 s
currentSize : 31 <-- 0.043788 s
currentSize : 32 <-- 1.851387 s
currentSize : 33 <-- 6.218698 s
currentSize : 34 <-- 55.709690 s
currentSize : 35 <-- 555.995605 s

TIMEOUT
maxsize : 35
nodes : 181212539.000000
filtered : 1030147138.000000
time : 1000.000061
