Parameters: GAD=1 vflib=1 dir=0 label=0 vlabel=1 lowerbound=1 fileNameGp=../../cp2016-max-common-connected-subgraph-paper/datasets/graphsdb/mcs10/m2D/m2Dr6/mcs10_m2Dr6_s60.A07 fileNameGt=../../cp2016-max-common-connected-subgraph-paper/datasets/graphsdb/mcs10/m2D/m2Dr6/mcs10_m2Dr6_s60.B07
Reading graphs...
60 :  138
60 :  138
Initializing...
maxdom : 8
D->valSize : 232
Solving...
Blb : 5 (clique : 21)
currentSize : 21 <-- 0.002625 s
currentSize : 22 <-- 1.210136 s
currentSize : 23 <-- 6.281004 s
currentSize : 24 <-- 22.224268 s
currentSize : 25 <-- 311.166656 s

maxsize : 25
nodes : 115526636.000000
filtered : 768072049.000000
time : 514.652405
