Parameters: GAD=1 vflib=1 dir=0 label=0 vlabel=1 lowerbound=1 fileNameGp=../../cp2016-max-common-connected-subgraph-paper/datasets/graphsdb/mcs10/bvg/b03/mcs10_b03_s60.A04 fileNameGt=../../cp2016-max-common-connected-subgraph-paper/datasets/graphsdb/mcs10/bvg/b03/mcs10_b03_s60.B04
Reading graphs...
60 :  89
60 :  90
Initializing...
maxdom : 9
D->valSize : 211
Solving...
Blb : 2 (clique : 20)
currentSize : 20 <-- 0.001514 s
currentSize : 21 <-- 0.001670 s
currentSize : 22 <-- 0.001810 s
currentSize : 23 <-- 0.004878 s
currentSize : 24 <-- 0.057183 s
currentSize : 25 <-- 0.096079 s
currentSize : 26 <-- 0.109622 s
currentSize : 27 <-- 0.715669 s

maxsize : 27
nodes : 3490962.000000
filtered : 36764354.000000
time : 20.316416
