Parameters: GAD=1 vflib=1 dir=0 label=0 vlabel=1 lowerbound=1 fileNameGp=../../cp2016-max-common-connected-subgraph-paper/datasets/graphsdb/mcs10/m2D/m2Dr4/mcs10_m2Dr4_s60.A07 fileNameGt=../../cp2016-max-common-connected-subgraph-paper/datasets/graphsdb/mcs10/m2D/m2Dr4/mcs10_m2Dr4_s60.B07
Reading graphs...
60 :  126
60 :  125
Initializing...
maxdom : 7
D->valSize : 227
Solving...
Blb : 2 (clique : 19)
currentSize : 19 <-- 0.002753 s
currentSize : 20 <-- 0.006876 s
currentSize : 21 <-- 0.017150 s
currentSize : 22 <-- 0.119940 s
currentSize : 23 <-- 0.830837 s
currentSize : 24 <-- 2.459661 s
currentSize : 25 <-- 16.084843 s

maxsize : 25
nodes : 29961981.000000
filtered : 210075307.000000
time : 131.235046
