Parameters: GAD=1 vflib=1 dir=0 label=0 vlabel=1 lowerbound=1 fileNameGp=../../cp2016-max-common-connected-subgraph-paper/datasets/graphsdb/mcs10/m3D/m3D/mcs10_m3D_s70.A06 fileNameGt=../../cp2016-max-common-connected-subgraph-paper/datasets/graphsdb/mcs10/m3D/m3D/mcs10_m3D_s70.B06
Reading graphs...
70 :  158
70 :  158
Initializing...
maxdom : 8
D->valSize : 295
Solving...
Blb : 2 (clique : 20)
currentSize : 20 <-- 0.002299 s
currentSize : 22 <-- 0.002426 s
currentSize : 23 <-- 0.002469 s
currentSize : 24 <-- 0.005845 s
currentSize : 25 <-- 0.016413 s
currentSize : 26 <-- 0.018157 s
currentSize : 27 <-- 33.540115 s

TIMEOUT
maxsize : 27
nodes : 193123187.000000
filtered : 1295965393.000000
time : 1000.000000
