Parameters: GAD=1 vflib=1 dir=0 label=0 vlabel=1 lowerbound=1 fileNameGp=../../cp2016-max-common-connected-subgraph-paper/datasets/graphsdb/mcs30/bvg/b06/mcs30_b06_s50.A07 fileNameGt=../../cp2016-max-common-connected-subgraph-paper/datasets/graphsdb/mcs30/bvg/b06/mcs30_b06_s50.B07
Reading graphs...
50 :  148
50 :  148
Initializing...
maxdom : 10
D->valSize : 325
Solving...
Blb : 5 (clique : 16)
currentSize : 16 <-- 0.002368 s
currentSize : 17 <-- 0.002520 s
currentSize : 18 <-- 0.002761 s
currentSize : 19 <-- 0.017690 s
currentSize : 20 <-- 0.554718 s
currentSize : 21 <-- 1.340163 s
currentSize : 22 <-- 8.293572 s
currentSize : 23 <-- 37.598209 s

maxsize : 23
nodes : 11624643.000000
filtered : 146028958.000000
time : 58.387711
