Parameters: GAD=1 vflib=1 dir=0 label=0 vlabel=1 lowerbound=1 fileNameGp=../../cp2016-max-common-connected-subgraph-paper/datasets/graphsdb/mcs30/m4D/m4Dr4/mcs30_m4Dr4_s50.A08 fileNameGt=../../cp2016-max-common-connected-subgraph-paper/datasets/graphsdb/mcs30/m4D/m4Dr4/mcs30_m4Dr4_s50.B08
Reading graphs...
50 :  105
50 :  102
Initializing...
maxdom : 10
D->valSize : 322
Solving...
Blb : 2 (clique : 21)
currentSize : 21 <-- 0.002359 s
currentSize : 22 <-- 0.003886 s
currentSize : 23 <-- 0.023597 s
currentSize : 24 <-- 0.035647 s
currentSize : 25 <-- 22.385921 s

maxsize : 25
nodes : 65033383.000000
filtered : 926772025.000000
time : 330.594513
