Parameters: GAD=1 vflib=1 dir=0 label=0 vlabel=1 lowerbound=1 fileNameGp=../../cp2016-max-common-connected-subgraph-paper/datasets/graphsdb/mcs30/m3D/m3D/mcs30_m3D_s100.A07 fileNameGt=../../cp2016-max-common-connected-subgraph-paper/datasets/graphsdb/mcs30/m3D/m3D/mcs30_m3D_s100.B07
Reading graphs...
100 :  235
100 :  233
Initializing...
maxdom : 7
D->valSize : 325
Solving...
Blb : 3 (clique : 32)
currentSize : 32 <-- 0.003330 s
currentSize : 33 <-- 0.009827 s
currentSize : 34 <-- 7.874384 s
currentSize : 35 <-- 19.899672 s
currentSize : 36 <-- 206.182846 s
currentSize : 37 <-- 214.591568 s

TIMEOUT
maxsize : 37
nodes : 179081695.000000
filtered : 852325704.000000
time : 1000.000061
