Parameters: GAD=1 vflib=1 dir=0 label=0 vlabel=1 lowerbound=1 fileNameGp=../../cp2016-max-common-connected-subgraph-paper/datasets/graphsdb/mcs30/m3D/m3Dr6/mcs30_m3Dr6_s80.A08 fileNameGt=../../cp2016-max-common-connected-subgraph-paper/datasets/graphsdb/mcs30/m3D/m3Dr6/mcs30_m3Dr6_s80.B08
Reading graphs...
80 :  229
80 :  225
Initializing...
maxdom : 10
D->valSize : 419
Solving...
Blb : 2 (clique : 23)
currentSize : 23 <-- 0.004266 s
currentSize : 24 <-- 0.005336 s
currentSize : 25 <-- 0.007497 s
currentSize : 26 <-- 0.011621 s
currentSize : 27 <-- 0.037602 s
currentSize : 28 <-- 0.191344 s
currentSize : 29 <-- 0.594485 s
currentSize : 30 <-- 1.740325 s
currentSize : 31 <-- 26.997122 s
currentSize : 32 <-- 42.728912 s
currentSize : 33 <-- 111.637581 s

TIMEOUT
maxsize : 33
nodes : 160708332.000000
filtered : 1831619580.000000
time : 1000.000061
