Parameters: GAD=1 vflib=1 dir=0 label=0 vlabel=1 lowerbound=1 fileNameGp=../../cp2016-max-common-connected-subgraph-paper/datasets/graphsdb/mcs30/m3D/m3Dr4/mcs30_m3Dr4_s70.A06 fileNameGt=../../cp2016-max-common-connected-subgraph-paper/datasets/graphsdb/mcs30/m3D/m3Dr4/mcs30_m3Dr4_s70.B06
Reading graphs...
70 :  187
70 :  185
Initializing...
maxdom : 8
D->valSize : 336
Solving...
Blb : 2 (clique : 22)
currentSize : 22 <-- 0.003025 s
currentSize : 23 <-- 0.003288 s
currentSize : 24 <-- 0.004157 s
currentSize : 25 <-- 1.979020 s
currentSize : 26 <-- 1.991321 s
currentSize : 27 <-- 25.647078 s
currentSize : 28 <-- 26.315975 s
currentSize : 29 <-- 26.386423 s

TIMEOUT
maxsize : 29
nodes : 194247774.000000
filtered : 1558468193.000000
time : 1000.000061
