Parameters: GAD=1 vflib=1 dir=0 label=0 vlabel=1 lowerbound=1 fileNameGp=../../cp2016-max-common-connected-subgraph-paper/datasets/graphsdb/mcs30/rand/r02/mcs30_r02_s70.A01 fileNameGt=../../cp2016-max-common-connected-subgraph-paper/datasets/graphsdb/mcs30/rand/r02/mcs30_r02_s70.B01
Reading graphs...
70 :  860
70 :  854
Initializing...
maxdom : 9
D->valSize : 345
Solving...
Blb : 2 (clique : 10)
currentSize : 10 <-- 0.002994 s
currentSize : 11 <-- 0.003136 s
currentSize : 12 <-- 0.003277 s
currentSize : 13 <-- 0.003766 s
currentSize : 14 <-- 0.717631 s
currentSize : 17 <-- 6.026880 s
currentSize : 19 <-- 6.027331 s
currentSize : 21 <-- 6.027388 s

maxsize : 21
nodes : 1536412.000000
filtered : 11464425.000000
time : 8.031567
