Parameters: GAD=1 vflib=1 dir=0 label=0 vlabel=1 lowerbound=1 fileNameGp=../../cp2016-max-common-connected-subgraph-paper/datasets/graphsdb/mcs30/bvg/b06/mcs30_b06_s100.A09 fileNameGt=../../cp2016-max-common-connected-subgraph-paper/datasets/graphsdb/mcs30/bvg/b06/mcs30_b06_s100.B09
Reading graphs...
100 :  298
100 :  297
Initializing...
maxdom : 8
D->valSize : 327
Solving...
Blb : 2 (clique : 29)
currentSize : 29 <-- 0.003337 s
currentSize : 30 <-- 0.018994 s
currentSize : 31 <-- 0.027438 s
currentSize : 32 <-- 0.029389 s
currentSize : 33 <-- 16.809065 s
currentSize : 34 <-- 103.900101 s
currentSize : 35 <-- 155.421478 s
currentSize : 36 <-- 155.499908 s

TIMEOUT
maxsize : 36
nodes : 168300776.000000
filtered : 928428274.000000
time : 1000.000061
