Parameters: GAD=1 vflib=1 dir=0 label=0 vlabel=1 lowerbound=1 fileNameGp=../../cp2016-max-common-connected-subgraph-paper/datasets/graphsdb/mcs30/bvg/b09/mcs30_b09_s100.A09 fileNameGt=../../cp2016-max-common-connected-subgraph-paper/datasets/graphsdb/mcs30/bvg/b09/mcs30_b09_s100.B09
Reading graphs...
100 :  445
100 :  447
Initializing...
maxdom : 11
D->valSize : 333
Solving...
Blb : 2 (clique : 22)
currentSize : 22 <-- 0.005184 s
currentSize : 23 <-- 0.005707 s
currentSize : 24 <-- 0.008819 s
currentSize : 25 <-- 0.719345 s
currentSize : 26 <-- 10.945340 s
currentSize : 27 <-- 86.262543 s
currentSize : 28 <-- 86.262802 s
currentSize : 29 <-- 86.303711 s
currentSize : 30 <-- 518.688599 s
currentSize : 31 <-- 519.899475 s

TIMEOUT
maxsize : 31
nodes : 164723321.000000
filtered : 1077673399.000000
time : 1000.000061
