Parameters: GAD=1 vflib=1 dir=0 label=0 vlabel=1 lowerbound=1 fileNameGp=../../cp2016-max-common-connected-subgraph-paper/datasets/graphsdb/mcs30/m3D/m3Dr4/mcs30_m3Dr4_s90.A05 fileNameGt=../../cp2016-max-common-connected-subgraph-paper/datasets/graphsdb/mcs30/m3D/m3Dr4/mcs30_m3Dr4_s90.B05
Reading graphs...
90 :  237
90 :  241
Initializing...
maxdom : 9
D->valSize : 546
Solving...
Blb : 2 (clique : 31)
currentSize : 31 <-- 0.010571 s
currentSize : 32 <-- 0.011013 s
currentSize : 33 <-- 0.011202 s
currentSize : 34 <-- 0.114233 s
currentSize : 35 <-- 0.464380 s
currentSize : 36 <-- 9.661223 s

TIMEOUT
maxsize : 36
nodes : 178795902.000000
filtered : 1127647510.000000
time : 1000.000061
