Parameters: GAD=1 vflib=1 dir=0 label=0 vlabel=1 lowerbound=1 fileNameGp=../../cp2016-max-common-connected-subgraph-paper/datasets/graphsdb/mcs30/bvg/b03/mcs30_b03_s60.A00 fileNameGt=../../cp2016-max-common-connected-subgraph-paper/datasets/graphsdb/mcs30/bvg/b03/mcs30_b03_s60.B00
Reading graphs...
60 :  90
60 :  89
Initializing...
maxdom : 7
D->valSize : 216
Solving...
Blb : 2 (clique : 20)
currentSize : 20 <-- 0.002480 s
currentSize : 21 <-- 0.002758 s
currentSize : 22 <-- 0.003231 s
currentSize : 23 <-- 0.004138 s
currentSize : 24 <-- 0.004544 s
currentSize : 25 <-- 0.030775 s
currentSize : 26 <-- 0.701912 s
currentSize : 27 <-- 1.447819 s
currentSize : 28 <-- 20.582350 s

maxsize : 28
nodes : 20419853.000000
filtered : 134449432.000000
time : 94.244118
