Parameters: GAD=1 vflib=1 dir=0 label=0 vlabel=1 lowerbound=1 fileNameGp=../../cp2016-max-common-connected-subgraph-paper/datasets/graphsdb/mcs30/m4D/m4Dr6/mcs30_m4Dr6_s70.A06 fileNameGt=../../cp2016-max-common-connected-subgraph-paper/datasets/graphsdb/mcs30/m4D/m4Dr6/mcs30_m4Dr6_s70.B06
Reading graphs...
70 :  158
70 :  156
Initializing...
maxdom : 8
D->valSize : 329
Solving...
Blb : 2 (clique : 25)
currentSize : 25 <-- 0.003059 s
currentSize : 26 <-- 0.003313 s
currentSize : 27 <-- 0.003533 s
currentSize : 28 <-- 0.003976 s
currentSize : 29 <-- 14.993013 s
currentSize : 30 <-- 35.902088 s
currentSize : 31 <-- 146.704315 s

TIMEOUT
maxsize : 31
nodes : 189354287.000000
filtered : 1598356925.000000
time : 1000.000061
