Parameters: GAD=1 vflib=1 dir=0 label=0 vlabel=1 lowerbound=1 fileNameGp=../../cp2016-max-common-connected-subgraph-paper/datasets/graphsdb/mcs30/m2D/m2Dr6/mcs30_m2Dr6_s70.A09 fileNameGt=../../cp2016-max-common-connected-subgraph-paper/datasets/graphsdb/mcs30/m2D/m2Dr6/mcs30_m2Dr6_s70.B09
Reading graphs...
70 :  161
70 :  161
Initializing...
maxdom : 8
D->valSize : 355
Solving...
Blb : 2 (clique : 24)
currentSize : 24 <-- 0.003293 s
currentSize : 25 <-- 0.033061 s
currentSize : 26 <-- 0.579002 s
currentSize : 27 <-- 0.775107 s
currentSize : 28 <-- 2.762581 s
currentSize : 29 <-- 93.905708 s
currentSize : 30 <-- 148.767731 s

TIMEOUT
maxsize : 30
nodes : 196708830.000000
filtered : 1450731728.000000
time : 1000.000061
