Parameters: GAD=1 vflib=1 dir=0 label=0 vlabel=1 lowerbound=1 fileNameGp=../../cp2016-max-common-connected-subgraph-paper/datasets/graphsdb/mcs30/m3D/m3Dr6/mcs30_m3Dr6_s90.A01 fileNameGt=../../cp2016-max-common-connected-subgraph-paper/datasets/graphsdb/mcs30/m3D/m3Dr6/mcs30_m3Dr6_s90.B01
Reading graphs...
90 :  260
90 :  257
Initializing...
maxdom : 12
D->valSize : 524
Solving...
Blb : 2 (clique : 27)
currentSize : 27 <-- 0.010008 s
currentSize : 28 <-- 0.011238 s
currentSize : 29 <-- 0.969710 s
currentSize : 30 <-- 20.360027 s
currentSize : 31 <-- 693.839844 s
currentSize : 32 <-- 938.697205 s

TIMEOUT
maxsize : 32
nodes : 166040992.000000
filtered : 1482365844.000000
time : 1000.000061
