Parameters: GAD=1 vflib=1 dir=0 label=0 vlabel=1 lowerbound=1 fileNameGp=../../cp2016-max-common-connected-subgraph-paper/datasets/graphsdb/mcs30/m3D/m3Dr6/mcs30_m3Dr6_s100.A06 fileNameGt=../../cp2016-max-common-connected-subgraph-paper/datasets/graphsdb/mcs30/m3D/m3Dr6/mcs30_m3Dr6_s100.B06
Reading graphs...
100 :  294
100 :  291
Initializing...
maxdom : 7
D->valSize : 336
Solving...
Blb : 2 (clique : 29)
currentSize : 29 <-- 0.003376 s
currentSize : 30 <-- 0.223438 s
currentSize : 31 <-- 1.224276 s
currentSize : 32 <-- 16.125195 s
currentSize : 33 <-- 167.971985 s
currentSize : 34 <-- 877.643677 s

TIMEOUT
maxsize : 34
nodes : 168256448.000000
filtered : 925396476.000000
time : 1000.000061
