Parameters: GAD=1 vflib=1 dir=0 label=0 vlabel=1 lowerbound=1 fileNameGp=../../cp2016-max-common-connected-subgraph-paper/datasets/graphsdb/mcs30/m3D/m3D/mcs30_m3D_s90.A05 fileNameGt=../../cp2016-max-common-connected-subgraph-paper/datasets/graphsdb/mcs30/m3D/m3D/mcs30_m3D_s90.B05
Reading graphs...
90 :  207
90 :  207
Initializing...
maxdom : 12
D->valSize : 528
Solving...
Blb : 2 (clique : 28)
currentSize : 28 <-- 0.010131 s
currentSize : 30 <-- 0.010509 s
currentSize : 31 <-- 0.011776 s
currentSize : 32 <-- 0.020078 s
currentSize : 33 <-- 0.215840 s
currentSize : 34 <-- 99.332809 s
currentSize : 35 <-- 99.335732 s
currentSize : 36 <-- 99.351677 s

TIMEOUT
maxsize : 36
nodes : 154422643.000000
filtered : 1342288397.000000
time : 1000.000061
