Parameters: GAD=1 vflib=1 dir=0 label=0 vlabel=1 lowerbound=1 fileNameGp=../../cp2016-max-common-connected-subgraph-paper/datasets/graphsdb/mcs30/m2D/m2Dr4/mcs30_m2Dr4_s80.A04 fileNameGt=../../cp2016-max-common-connected-subgraph-paper/datasets/graphsdb/mcs30/m2D/m2Dr4/mcs30_m2Dr4_s80.B04
Reading graphs...
80 :  172
80 :  172
Initializing...
maxdom : 9
D->valSize : 400
Solving...
Blb : 2 (clique : 28)
currentSize : 28 <-- 0.006355 s
currentSize : 29 <-- 0.058385 s
currentSize : 30 <-- 7.178517 s
currentSize : 31 <-- 32.528564 s
currentSize : 32 <-- 41.272606 s
currentSize : 33 <-- 436.446014 s

TIMEOUT
maxsize : 33
nodes : 187589961.000000
filtered : 1365805380.000000
time : 1000.000061
