Parameters: GAD=1 vflib=1 dir=0 label=0 vlabel=1 lowerbound=1 fileNameGp=../../cp2016-max-common-connected-subgraph-paper/datasets/graphsdb/mcs30/m3D/m3Dr6/mcs30_m3Dr6_s90.A08 fileNameGt=../../cp2016-max-common-connected-subgraph-paper/datasets/graphsdb/mcs30/m3D/m3Dr6/mcs30_m3Dr6_s90.B08
Reading graphs...
90 :  262
90 :  259
Initializing...
maxdom : 10
D->valSize : 511
Solving...
Blb : 2 (clique : 27)
currentSize : 27 <-- 0.006089 s
currentSize : 28 <-- 0.006468 s
currentSize : 29 <-- 0.007030 s
currentSize : 30 <-- 0.012056 s
currentSize : 31 <-- 0.110033 s
currentSize : 32 <-- 0.253805 s
currentSize : 33 <-- 0.259772 s
currentSize : 34 <-- 0.281096 s

TIMEOUT
maxsize : 34
nodes : 174944610.000000
filtered : 1257825549.000000
time : 1000.000061
