Parameters: GAD=1 vflib=1 dir=0 label=0 vlabel=1 lowerbound=1 fileNameGp=../../cp2016-max-common-connected-subgraph-paper/datasets/graphsdb/mcs30/bvg/b06/mcs30_b06_s60.A05 fileNameGt=../../cp2016-max-common-connected-subgraph-paper/datasets/graphsdb/mcs30/bvg/b06/mcs30_b06_s60.B05
Reading graphs...
60 :  179
60 :  177
Initializing...
maxdom : 8
D->valSize : 215
Solving...
Blb : 2 (clique : 16)
currentSize : 16 <-- 0.001624 s
currentSize : 17 <-- 0.001934 s
currentSize : 18 <-- 0.007863 s
currentSize : 19 <-- 0.013632 s
currentSize : 20 <-- 0.532508 s
currentSize : 21 <-- 1.308576 s
currentSize : 22 <-- 11.334368 s
currentSize : 23 <-- 39.604988 s

maxsize : 23
nodes : 10321862.000000
filtered : 67709991.000000
time : 47.319862
