Parameters: GAD=1 vflib=1 dir=0 label=0 vlabel=1 lowerbound=1 fileNameGp=../../cp2016-max-common-connected-subgraph-paper/datasets/graphsdb/mcs30/m3D/m3D/mcs30_m3D_s100.A06 fileNameGt=../../cp2016-max-common-connected-subgraph-paper/datasets/graphsdb/mcs30/m3D/m3D/mcs30_m3D_s100.B06
Reading graphs...
100 :  235
100 :  234
Initializing...
maxdom : 9
D->valSize : 337
Solving...
Blb : 2 (clique : 30)
currentSize : 30 <-- 0.003541 s
currentSize : 31 <-- 0.259767 s
currentSize : 32 <-- 1.190513 s
currentSize : 33 <-- 1.194447 s
currentSize : 34 <-- 1.360470 s
currentSize : 35 <-- 14.403327 s

TIMEOUT
maxsize : 35
nodes : 197662370.000000
filtered : 729489563.000000
time : 1000.000061
