Parameters: GAD=1 vflib=1 dir=0 label=0 vlabel=1 lowerbound=1 fileNameGp=../../cp2016-max-common-connected-subgraph-paper/datasets/graphsdb/mcs30/m3D/m3Dr6/mcs30_m3Dr6_s70.A00 fileNameGt=../../cp2016-max-common-connected-subgraph-paper/datasets/graphsdb/mcs30/m3D/m3Dr6/mcs30_m3Dr6_s70.B00
Reading graphs...
70 :  199
70 :  200
Initializing...
maxdom : 8
D->valSize : 332
Solving...
Blb : 5 (clique : 22)
currentSize : 22 <-- 0.002869 s
currentSize : 23 <-- 0.013114 s
currentSize : 24 <-- 0.026628 s
currentSize : 25 <-- 1.447878 s
currentSize : 26 <-- 12.172959 s
currentSize : 27 <-- 12.179173 s
currentSize : 28 <-- 23.095482 s
currentSize : 29 <-- 24.071228 s
currentSize : 30 <-- 57.684307 s
currentSize : 31 <-- 68.432961 s

TIMEOUT
maxsize : 31
nodes : 186808227.000000
filtered : 1588766964.000000
time : 1000.000000
