Parameters: GAD=1 vflib=1 dir=0 label=0 vlabel=1 lowerbound=1 fileNameGp=../../cp2016-max-common-connected-subgraph-paper/datasets/graphsdb/mcs30/m4D/m4Dr6/mcs30_m4Dr6_s60.A06 fileNameGt=../../cp2016-max-common-connected-subgraph-paper/datasets/graphsdb/mcs30/m4D/m4Dr6/mcs30_m4Dr6_s60.B06
Reading graphs...
60 :  137
60 :  135
Initializing...
maxdom : 8
D->valSize : 219
Solving...
Blb : 2 (clique : 20)
currentSize : 20 <-- 0.001613 s
currentSize : 21 <-- 0.001976 s
currentSize : 22 <-- 0.003905 s
currentSize : 23 <-- 0.006160 s
currentSize : 24 <-- 0.412533 s
currentSize : 25 <-- 8.660029 s
currentSize : 26 <-- 20.102396 s
currentSize : 27 <-- 97.077347 s

maxsize : 27
nodes : 26498667.000000
filtered : 162604842.000000
time : 116.558434
