Parameters: GAD=1 vflib=1 dir=0 label=0 vlabel=1 lowerbound=1 fileNameGp=../../cp2016-max-common-connected-subgraph-paper/datasets/graphsdb/mcs30/bvg/b09/mcs30_b09_s60.A03 fileNameGt=../../cp2016-max-common-connected-subgraph-paper/datasets/graphsdb/mcs30/bvg/b09/mcs30_b09_s60.B03
Reading graphs...
60 :  263
60 :  261
Initializing...
maxdom : 7
D->valSize : 269
Solving...
Blb : 2 (clique : 14)
currentSize : 14 <-- 0.001862 s
currentSize : 15 <-- 0.003437 s
currentSize : 16 <-- 0.004592 s
currentSize : 17 <-- 0.016377 s
currentSize : 18 <-- 0.026997 s
currentSize : 19 <-- 0.027083 s
currentSize : 20 <-- 0.929639 s
currentSize : 21 <-- 5.462161 s
currentSize : 22 <-- 8.197427 s
currentSize : 23 <-- 10.037828 s

maxsize : 23
nodes : 3827596.000000
filtered : 34582052.000000
time : 19.256708
