Parameters: GAD=1 vflib=1 dir=0 label=0 vlabel=1 lowerbound=1 fileNameGp=../../cp2016-max-common-connected-subgraph-paper/datasets/graphsdb/mcs30/bvg/b06m/mcs30_b06m_s70.A09 fileNameGt=../../cp2016-max-common-connected-subgraph-paper/datasets/graphsdb/mcs30/bvg/b06m/mcs30_b06m_s70.B09
Reading graphs...
70 :  204
70 :  205
Initializing...
maxdom : 8
D->valSize : 309
Solving...
Blb : 2 (clique : 22)
currentSize : 22 <-- 0.002509 s
currentSize : 23 <-- 0.006976 s
currentSize : 24 <-- 0.007144 s
currentSize : 25 <-- 0.106696 s
currentSize : 26 <-- 4.726502 s
currentSize : 27 <-- 22.794146 s
currentSize : 28 <-- 47.282024 s
currentSize : 29 <-- 178.845657 s
currentSize : 30 <-- 950.876587 s

TIMEOUT
maxsize : 30
nodes : 191970141.000000
filtered : 1446997405.000000
time : 1000.000000
