Parameters: GAD=1 vflib=1 dir=0 label=0 vlabel=1 lowerbound=1 fileNameGp=../../cp2016-max-common-connected-subgraph-paper/datasets/graphsdb/mcs30/m4D/m4Dr2/mcs30_m4Dr2_s90.A09 fileNameGt=../../cp2016-max-common-connected-subgraph-paper/datasets/graphsdb/mcs30/m4D/m4Dr2/mcs30_m4Dr2_s90.B09
Reading graphs...
90 :  163
90 :  163
Initializing...
maxdom : 9
D->valSize : 486
Solving...
Blb : 2 (clique : 35)
currentSize : 35 <-- 0.005340 s
currentSize : 36 <-- 0.007356 s
currentSize : 37 <-- 0.011443 s
currentSize : 38 <-- 0.517951 s
currentSize : 39 <-- 10.157302 s
currentSize : 40 <-- 208.463486 s

TIMEOUT
maxsize : 40
nodes : 170872559.000000
filtered : 1297868744.000000
time : 1000.000061
