Parameters: GAD=1 vflib=1 dir=0 label=0 vlabel=1 lowerbound=1 fileNameGp=../../cp2016-max-common-connected-subgraph-paper/datasets/graphsdb/mcs30/bvg/b03/mcs30_b03_s70.A07 fileNameGt=../../cp2016-max-common-connected-subgraph-paper/datasets/graphsdb/mcs30/bvg/b03/mcs30_b03_s70.B07
Reading graphs...
70 :  105
70 :  105
Initializing...
maxdom : 9
D->valSize : 341
Solving...
Blb : 5 (clique : 29)
currentSize : 29 <-- 0.004837 s
currentSize : 30 <-- 0.108982 s
currentSize : 31 <-- 0.903477 s
currentSize : 32 <-- 7.841868 s
currentSize : 33 <-- 219.828568 s
currentSize : 34 <-- 222.010147 s
currentSize : 35 <-- 238.355606 s

TIMEOUT
maxsize : 35
nodes : 197242760.000000
filtered : 1561131249.000000
time : 1000.000061
