Parameters: GAD=1 vflib=1 dir=0 label=0 vlabel=1 lowerbound=1 fileNameGp=../../cp2016-max-common-connected-subgraph-paper/datasets/graphsdb/mcs30/m4D/m4Dr2/mcs30_m4Dr2_s50.A04 fileNameGt=../../cp2016-max-common-connected-subgraph-paper/datasets/graphsdb/mcs30/m4D/m4Dr2/mcs30_m4Dr2_s50.B04
Reading graphs...
50 :  95
50 :  95
Initializing...
maxdom : 11
D->valSize : 348
Solving...
Blb : 2 (clique : 20)
currentSize : 20 <-- 0.002856 s
currentSize : 21 <-- 0.003088 s
currentSize : 22 <-- 0.003242 s
currentSize : 23 <-- 0.003519 s
currentSize : 24 <-- 0.037380 s
currentSize : 25 <-- 1.652674 s
currentSize : 26 <-- 67.349991 s

maxsize : 26
nodes : 120739428.000000
filtered : 1700165795.000000
time : 644.787048
