Parameters: GAD=1 vflib=1 dir=0 label=0 vlabel=1 lowerbound=1 fileNameGp=../../cp2016-max-common-connected-subgraph-paper/datasets/graphsdb/mcs30/bvg/b06/mcs30_b06_s50.A06 fileNameGt=../../cp2016-max-common-connected-subgraph-paper/datasets/graphsdb/mcs30/bvg/b06/mcs30_b06_s50.B06
Reading graphs...
50 :  148
50 :  148
Initializing...
maxdom : 10
D->valSize : 327
Solving...
Blb : 2 (clique : 17)
currentSize : 17 <-- 0.002530 s
currentSize : 18 <-- 0.003823 s
currentSize : 19 <-- 0.022267 s
currentSize : 20 <-- 0.257153 s
currentSize : 21 <-- 0.762076 s
currentSize : 22 <-- 2.689199 s
currentSize : 23 <-- 70.594559 s

maxsize : 23
nodes : 17152895.000000
filtered : 213927016.000000
time : 86.019211
