Parameters: GAD=1 vflib=1 dir=0 label=0 vlabel=1 lowerbound=1 fileNameGp=../../cp2016-max-common-connected-subgraph-paper/datasets/graphsdb/mcs30/m4D/m4Dr4/mcs30_m4Dr4_s60.A08 fileNameGt=../../cp2016-max-common-connected-subgraph-paper/datasets/graphsdb/mcs30/m4D/m4Dr4/mcs30_m4Dr4_s60.B08
Reading graphs...
60 :  124
60 :  124
Initializing...
maxdom : 8
D->valSize : 261
Solving...
Blb : 3 (clique : 22)
currentSize : 22 <-- 0.003070 s
currentSize : 23 <-- 0.013836 s
currentSize : 24 <-- 0.163123 s
currentSize : 25 <-- 0.342108 s
currentSize : 26 <-- 0.694149 s
currentSize : 27 <-- 28.450703 s
currentSize : 28 <-- 28.694649 s

maxsize : 28
nodes : 9303556.000000
filtered : 84219036.000000
time : 46.001217
