Parameters: GAD=1 vflib=1 dir=0 label=0 vlabel=1 lowerbound=1 fileNameGp=../../cp2016-max-common-connected-subgraph-paper/datasets/graphsdb/mcs30/rand/r01/mcs30_r01_s60.A01 fileNameGt=../../cp2016-max-common-connected-subgraph-paper/datasets/graphsdb/mcs30/rand/r01/mcs30_r01_s60.B01
Reading graphs...
60 :  331
60 :  328
Initializing...
maxdom : 8
D->valSize : 260
Solving...
Blb : 2 (clique : 13)
currentSize : 13 <-- 0.001968 s
currentSize : 14 <-- 0.002059 s
currentSize : 15 <-- 0.002201 s
currentSize : 16 <-- 0.002656 s
currentSize : 17 <-- 0.335684 s
currentSize : 18 <-- 8.784864 s
currentSize : 19 <-- 10.965544 s

maxsize : 19
nodes : 3904838.000000
filtered : 30094820.000000
time : 18.891296
