Parameters: GAD=1 vflib=1 dir=0 label=0 vlabel=1 lowerbound=1 fileNameGp=../../cp2016-max-common-connected-subgraph-paper/datasets/graphsdb/mcs30/m4D/m4Dr4/mcs30_m4Dr4_s90.A09 fileNameGt=../../cp2016-max-common-connected-subgraph-paper/datasets/graphsdb/mcs30/m4D/m4Dr4/mcs30_m4Dr4_s90.B09
Reading graphs...
90 :  179
90 :  177
Initializing...
maxdom : 8
D->valSize : 544
Solving...
Blb : 2 (clique : 32)
currentSize : 32 <-- 0.010631 s
currentSize : 33 <-- 0.011058 s
currentSize : 34 <-- 0.011239 s
currentSize : 35 <-- 0.054128 s
currentSize : 36 <-- 1.495223 s
currentSize : 37 <-- 3.163988 s
currentSize : 38 <-- 474.925507 s

TIMEOUT
maxsize : 38
nodes : 192663707.000000
filtered : 1120788135.000000
time : 1000.000061
