Parameters: GAD=1 vflib=1 dir=0 label=0 vlabel=1 lowerbound=1 fileNameGp=../../cp2016-max-common-connected-subgraph-paper/datasets/graphsdb/mcs30/bvg/b06/mcs30_b06_s100.A06 fileNameGt=../../cp2016-max-common-connected-subgraph-paper/datasets/graphsdb/mcs30/bvg/b06/mcs30_b06_s100.B06
Reading graphs...
100 :  297
100 :  296
Initializing...
maxdom : 8
D->valSize : 333
Solving...
Blb : 2 (clique : 29)
currentSize : 29 <-- 0.003500 s
currentSize : 30 <-- 0.004627 s
currentSize : 31 <-- 0.013971 s
currentSize : 32 <-- 0.017851 s
currentSize : 33 <-- 0.084098 s
currentSize : 34 <-- 0.815926 s
currentSize : 35 <-- 2.344145 s
currentSize : 36 <-- 4.156779 s
currentSize : 37 <-- 27.688347 s
currentSize : 38 <-- 230.524384 s

TIMEOUT
maxsize : 38
nodes : 186013230.000000
filtered : 859898665.000000
time : 1000.000061
