Parameters: GAD=1 vflib=1 dir=0 label=0 vlabel=1 lowerbound=1 fileNameGp=../../cp2016-max-common-connected-subgraph-paper/datasets/graphsdb/mcs30/m3D/m3Dr6/mcs30_m3Dr6_s70.A03 fileNameGt=../../cp2016-max-common-connected-subgraph-paper/datasets/graphsdb/mcs30/m3D/m3Dr6/mcs30_m3Dr6_s70.B03
Reading graphs...
70 :  198
70 :  197
Initializing...
maxdom : 7
D->valSize : 343
Solving...
Blb : 2 (clique : 23)
currentSize : 23 <-- 0.002898 s
currentSize : 24 <-- 0.003080 s
currentSize : 25 <-- 0.003132 s
currentSize : 26 <-- 0.003205 s
currentSize : 27 <-- 0.048878 s
currentSize : 28 <-- 0.173577 s
currentSize : 29 <-- 0.173657 s
currentSize : 30 <-- 0.880680 s
currentSize : 31 <-- 3.050032 s
currentSize : 32 <-- 4.945931 s
currentSize : 33 <-- 4.945996 s

maxsize : 33
nodes : 52873380.000000
filtered : 445026588.000000
time : 291.145020
