Parameters: GAD=1 vflib=1 dir=0 label=0 vlabel=1 lowerbound=1 fileNameGp=../../cp2016-max-common-connected-subgraph-paper/datasets/graphsdb/mcs30/bvg/b06/mcs30_b06_s70.A00 fileNameGt=../../cp2016-max-common-connected-subgraph-paper/datasets/graphsdb/mcs30/bvg/b06/mcs30_b06_s70.B00
Reading graphs...
70 :  205
70 :  208
Initializing...
maxdom : 9
D->valSize : 355
Solving...
Blb : 2 (clique : 21)
currentSize : 21 <-- 0.004974 s
currentSize : 22 <-- 0.014102 s
currentSize : 23 <-- 0.120622 s
currentSize : 24 <-- 0.153937 s
currentSize : 25 <-- 0.214160 s
currentSize : 26 <-- 1.563895 s
currentSize : 27 <-- 27.675785 s
currentSize : 28 <-- 29.500036 s
currentSize : 29 <-- 134.128998 s

TIMEOUT
maxsize : 29
nodes : 191954253.000000
filtered : 1774962414.000000
time : 1000.000061
