Parameters: GAD=1 vflib=1 dir=0 label=0 vlabel=1 lowerbound=1 fileNameGp=../../cp2016-max-common-connected-subgraph-paper/datasets/graphsdb/mcs30/m4D/m4Dr6/mcs30_m4Dr6_s60.A07 fileNameGt=../../cp2016-max-common-connected-subgraph-paper/datasets/graphsdb/mcs30/m4D/m4Dr6/mcs30_m4Dr6_s60.B07
Reading graphs...
60 :  136
60 :  135
Initializing...
maxdom : 8
D->valSize : 234
Solving...
Blb : 5 (clique : 21)
currentSize : 21 <-- 0.001905 s
currentSize : 22 <-- 0.069012 s
currentSize : 23 <-- 0.206817 s
currentSize : 24 <-- 0.209927 s
currentSize : 25 <-- 10.501896 s
currentSize : 26 <-- 133.274994 s

maxsize : 26
nodes : 49616592.000000
filtered : 390681375.000000
time : 235.628937
