Parameters: GAD=1 vflib=1 dir=0 label=0 vlabel=1 lowerbound=1 fileNameGp=../../cp2016-max-common-connected-subgraph-paper/datasets/graphsdb/mcs30/m2D/m2Dr4/mcs30_m2Dr4_s50.A00 fileNameGt=../../cp2016-max-common-connected-subgraph-paper/datasets/graphsdb/mcs30/m2D/m2Dr4/mcs30_m2Dr4_s50.B00
Reading graphs...
50 :  102
50 :  103
Initializing...
maxdom : 10
D->valSize : 342
Solving...
Blb : 2 (clique : 18)
currentSize : 18 <-- 0.002498 s
currentSize : 19 <-- 0.002613 s
currentSize : 20 <-- 0.003081 s
currentSize : 21 <-- 0.005728 s
currentSize : 22 <-- 0.299891 s
currentSize : 23 <-- 1.335233 s
currentSize : 24 <-- 1.336072 s
currentSize : 25 <-- 41.011368 s

maxsize : 25
nodes : 25572816.000000
filtered : 316329976.000000
time : 135.686005
