Parameters: GAD=1 vflib=1 dir=0 label=0 vlabel=1 lowerbound=1 fileNameGp=../../cp2016-max-common-connected-subgraph-paper/datasets/graphsdb/mcs30/m2D/m2Dr2/mcs30_m2Dr2_s70.A00 fileNameGt=../../cp2016-max-common-connected-subgraph-paper/datasets/graphsdb/mcs30/m2D/m2Dr2/mcs30_m2Dr2_s70.B00
Reading graphs...
70 :  137
70 :  137
Initializing...
maxdom : 7
D->valSize : 304
Solving...
Blb : 2 (clique : 21)
currentSize : 21 <-- 0.002523 s
currentSize : 22 <-- 0.002706 s
currentSize : 23 <-- 0.003040 s
currentSize : 24 <-- 0.003531 s
currentSize : 25 <-- 0.006208 s
currentSize : 26 <-- 0.050356 s
currentSize : 27 <-- 0.061894 s
currentSize : 28 <-- 0.072314 s
currentSize : 29 <-- 0.079801 s
currentSize : 30 <-- 1.567888 s
currentSize : 31 <-- 142.433716 s

maxsize : 31
nodes : 111956035.000000
filtered : 923189661.000000
time : 609.835938
