Parameters: GAD=1 vflib=1 dir=0 label=0 vlabel=1 lowerbound=1 fileNameGp=../../cp2016-max-common-connected-subgraph-paper/datasets/graphsdb/mcs30/bvg/b06m/mcs30_b06m_s50.A02 fileNameGt=../../cp2016-max-common-connected-subgraph-paper/datasets/graphsdb/mcs30/bvg/b06m/mcs30_b06m_s50.B02
Reading graphs...
50 :  145
50 :  147
Initializing...
maxdom : 9
D->valSize : 314
Solving...
Blb : 2 (clique : 16)
currentSize : 16 <-- 0.003525 s
currentSize : 17 <-- 0.003690 s
currentSize : 18 <-- 0.006974 s
currentSize : 19 <-- 0.007474 s
currentSize : 20 <-- 0.024296 s
currentSize : 21 <-- 1.252885 s
currentSize : 22 <-- 9.279336 s

maxsize : 22
nodes : 35101748.000000
filtered : 416657846.000000
time : 172.348022
