Parameters: GAD=1 vflib=1 dir=0 label=0 vlabel=1 lowerbound=1 fileNameGp=../../cp2016-max-common-connected-subgraph-paper/datasets/graphsdb/mcs30/m2D/m2Dr6/mcs30_m2Dr6_s90.A06 fileNameGt=../../cp2016-max-common-connected-subgraph-paper/datasets/graphsdb/mcs30/m2D/m2Dr6/mcs30_m2Dr6_s90.B06
Reading graphs...
90 :  213
90 :  211
Initializing...
maxdom : 9
D->valSize : 501
Solving...
Blb : 2 (clique : 32)
currentSize : 32 <-- 0.009416 s
currentSize : 33 <-- 0.009875 s
currentSize : 34 <-- 0.010247 s
currentSize : 35 <-- 0.810151 s
currentSize : 36 <-- 160.564606 s
currentSize : 37 <-- 537.158264 s

TIMEOUT
maxsize : 37
nodes : 180982856.000000
filtered : 1167953624.000000
time : 1000.000061
