Parameters: GAD=1 vflib=1 dir=0 label=0 vlabel=1 lowerbound=1 fileNameGp=../../cp2016-max-common-connected-subgraph-paper/datasets/graphsdb/mcs30/bvg/b09m/mcs30_b09m_s80.A04 fileNameGt=../../cp2016-max-common-connected-subgraph-paper/datasets/graphsdb/mcs30/bvg/b09m/mcs30_b09m_s80.B04
Reading graphs...
80 :  351
80 :  353
Initializing...
maxdom : 9
D->valSize : 423
Solving...
Blb : 2 (clique : 21)
currentSize : 21 <-- 0.004496 s
currentSize : 22 <-- 0.004856 s
currentSize : 23 <-- 0.019191 s
currentSize : 24 <-- 0.086516 s
currentSize : 25 <-- 0.425337 s
currentSize : 26 <-- 26.046673 s
currentSize : 27 <-- 32.361725 s
currentSize : 28 <-- 339.273468 s
currentSize : 29 <-- 342.485199 s

TIMEOUT
maxsize : 29
nodes : 174212169.000000
filtered : 1468556352.000000
time : 1000.000061
