Parameters: GAD=1 vflib=1 dir=0 label=0 vlabel=1 lowerbound=1 fileNameGp=../../cp2016-max-common-connected-subgraph-paper/datasets/graphsdb/mcs30/m4D/m4Dr6/mcs30_m4Dr6_s80.A01 fileNameGt=../../cp2016-max-common-connected-subgraph-paper/datasets/graphsdb/mcs30/m4D/m4Dr6/mcs30_m4Dr6_s80.B01
Reading graphs...
80 :  177
80 :  177
Initializing...
maxdom : 10
D->valSize : 377
Solving...
Blb : 2 (clique : 29)
currentSize : 29 <-- 0.003665 s
currentSize : 30 <-- 0.033247 s
currentSize : 31 <-- 0.046627 s
currentSize : 32 <-- 0.061053 s
currentSize : 33 <-- 129.270355 s
currentSize : 34 <-- 663.811829 s

TIMEOUT
maxsize : 34
nodes : 193374844.000000
filtered : 1205968666.000000
time : 1000.000000
