Parameters: GAD=1 vflib=1 dir=0 label=0 vlabel=1 lowerbound=1 fileNameGp=../../cp2016-max-common-connected-subgraph-paper/datasets/graphsdb/mcs30/rand/r005/mcs30_r005_s70.A03 fileNameGt=../../cp2016-max-common-connected-subgraph-paper/datasets/graphsdb/mcs30/rand/r005/mcs30_r005_s70.B03
Reading graphs...
70 :  234
70 :  231
Initializing...
maxdom : 7
D->valSize : 337
Solving...
Blb : 2 (clique : 20)
currentSize : 20 <-- 0.002812 s
currentSize : 21 <-- 0.002982 s
currentSize : 22 <-- 0.003220 s
currentSize : 23 <-- 0.005100 s
currentSize : 24 <-- 0.421273 s
currentSize : 25 <-- 0.819364 s
currentSize : 26 <-- 3.485045 s
currentSize : 27 <-- 315.636627 s
currentSize : 28 <-- 525.844727 s
currentSize : 29 <-- 562.710266 s

TIMEOUT
maxsize : 29
nodes : 181447923.000000
filtered : 1683997837.000000
time : 1000.000000
