Parameters: GAD=1 vflib=1 dir=0 label=0 vlabel=1 lowerbound=1 fileNameGp=../../cp2016-max-common-connected-subgraph-paper/datasets/graphsdb/mcs30/rand/r005/mcs30_r005_s60.A04 fileNameGt=../../cp2016-max-common-connected-subgraph-paper/datasets/graphsdb/mcs30/rand/r005/mcs30_r005_s60.B04
Reading graphs...
60 :  171
60 :  177
Initializing...
maxdom : 7
D->valSize : 227
Solving...
Blb : 2 (clique : 17)
currentSize : 17 <-- 0.001694 s
currentSize : 18 <-- 0.001830 s
currentSize : 19 <-- 0.001996 s
currentSize : 20 <-- 0.019686 s
currentSize : 21 <-- 0.179729 s
currentSize : 22 <-- 0.203515 s
currentSize : 23 <-- 0.290310 s

maxsize : 23
nodes : 17516918.000000
filtered : 118136834.000000
time : 79.384552
