Parameters: GAD=1 vflib=1 dir=0 label=0 vlabel=1 lowerbound=1 fileNameGp=../../cp2016-max-common-connected-subgraph-paper/datasets/graphsdb/mcs30/m2D/m2Dr2/mcs30_m2Dr2_s60.A06 fileNameGt=../../cp2016-max-common-connected-subgraph-paper/datasets/graphsdb/mcs30/m2D/m2Dr2/mcs30_m2Dr2_s60.B06
Reading graphs...
60 :  115
60 :  114
Initializing...
maxdom : 6
D->valSize : 241
Solving...
Blb : 5 (clique : 22)
currentSize : 22 <-- 0.002784 s
currentSize : 23 <-- 0.003348 s
currentSize : 24 <-- 0.004236 s
currentSize : 25 <-- 0.017203 s
currentSize : 26 <-- 0.129782 s
currentSize : 27 <-- 0.418065 s

maxsize : 27
nodes : 52767605.000000
filtered : 352524806.000000
time : 232.066650
