Parameters: GAD=1 vflib=1 dir=0 label=0 vlabel=1 lowerbound=1 fileNameGp=../../cp2016-max-common-connected-subgraph-paper/datasets/graphsdb/mcs30/bvg/b09/mcs30_b09_s60.A08 fileNameGt=../../cp2016-max-common-connected-subgraph-paper/datasets/graphsdb/mcs30/bvg/b09/mcs30_b09_s60.B08
Reading graphs...
60 :  263
60 :  261
Initializing...
maxdom : 10
D->valSize : 257
Solving...
Blb : 2 (clique : 16)
currentSize : 16 <-- 0.001943 s
currentSize : 17 <-- 0.002389 s
currentSize : 18 <-- 0.002446 s
currentSize : 19 <-- 0.015469 s
currentSize : 20 <-- 0.580239 s
currentSize : 21 <-- 15.248946 s

maxsize : 21
nodes : 5727859.000000
filtered : 51092145.000000
time : 27.739172
