Parameters: GAD=1 vflib=1 dir=0 label=0 vlabel=1 lowerbound=1 fileNameGp=../../cp2016-max-common-connected-subgraph-paper/datasets/graphsdb/mcs30/m4D/m4Dr6/mcs30_m4Dr6_s60.A03 fileNameGt=../../cp2016-max-common-connected-subgraph-paper/datasets/graphsdb/mcs30/m4D/m4Dr6/mcs30_m4Dr6_s60.B03
Reading graphs...
60 :  133
60 :  132
Initializing...
maxdom : 9
D->valSize : 241
Solving...
Blb : 2 (clique : 21)
currentSize : 21 <-- 0.002857 s
currentSize : 22 <-- 0.003622 s
currentSize : 23 <-- 0.021417 s
currentSize : 24 <-- 0.164709 s
currentSize : 25 <-- 0.802811 s
currentSize : 26 <-- 0.991081 s

maxsize : 26
nodes : 12421023.000000
filtered : 104603958.000000
time : 59.596340
