Parameters: GAD=1 vflib=1 dir=0 label=0 vlabel=1 lowerbound=1 fileNameGp=../../cp2016-max-common-connected-subgraph-paper/datasets/graphsdb/mcs30/bvg/b06m/mcs30_b06m_s70.A02 fileNameGt=../../cp2016-max-common-connected-subgraph-paper/datasets/graphsdb/mcs30/bvg/b06m/mcs30_b06m_s70.B02
Reading graphs...
70 :  208
70 :  208
Initializing...
maxdom : 9
D->valSize : 359
Solving...
Blb : 2 (clique : 23)
currentSize : 23 <-- 0.005052 s
currentSize : 24 <-- 0.005370 s
currentSize : 25 <-- 0.123066 s
currentSize : 26 <-- 25.458303 s
currentSize : 27 <-- 35.855015 s
currentSize : 28 <-- 61.218452 s
currentSize : 29 <-- 405.921173 s

TIMEOUT
maxsize : 29
nodes : 183422266.000000
filtered : 1719311629.000000
time : 1000.000000
