Parameters: GAD=1 vflib=1 dir=0 label=0 vlabel=1 lowerbound=1 fileNameGp=../../cp2016-max-common-connected-subgraph-paper/datasets/graphsdb/mcs30/rand/r01/mcs30_r01_s80.A00 fileNameGt=../../cp2016-max-common-connected-subgraph-paper/datasets/graphsdb/mcs30/rand/r01/mcs30_r01_s80.B00
Reading graphs...
80 :  600
80 :  602
Initializing...
maxdom : 10
D->valSize : 415
Solving...
Blb : 2 (clique : 15)
currentSize : 15 <-- 0.006181 s
currentSize : 16 <-- 0.006982 s
currentSize : 17 <-- 0.007674 s
currentSize : 18 <-- 0.039343 s
currentSize : 19 <-- 0.041617 s
currentSize : 20 <-- 0.136827 s
currentSize : 21 <-- 3.536801 s
currentSize : 22 <-- 6.672290 s
currentSize : 23 <-- 6.754703 s
currentSize : 24 <-- 7.311325 s

maxsize : 24
nodes : 57108753.000000
filtered : 624252961.000000
time : 348.039001
