Parameters: GAD=1 vflib=1 dir=0 label=0 vlabel=1 lowerbound=1 fileNameGp=../../cp2016-max-common-connected-subgraph-paper/datasets/graphsdb/mcs30/m2D/m2D/mcs30_m2D_s80.A05 fileNameGt=../../cp2016-max-common-connected-subgraph-paper/datasets/graphsdb/mcs30/m2D/m2D/mcs30_m2D_s80.B05
Reading graphs...
80 :  142
80 :  140
Initializing...
maxdom : 8
D->valSize : 412
Solving...
Blb : 2 (clique : 32)
currentSize : 32 <-- 0.004138 s
currentSize : 33 <-- 0.004381 s
currentSize : 34 <-- 0.006947 s
currentSize : 35 <-- 0.101627 s
currentSize : 36 <-- 5.465825 s
currentSize : 37 <-- 63.536705 s
currentSize : 38 <-- 103.346069 s

TIMEOUT
maxsize : 38
nodes : 199419390.000000
filtered : 1165740258.000000
time : 1000.000061
