Parameters: GAD=1 vflib=1 dir=0 label=0 vlabel=1 lowerbound=1 fileNameGp=../../cp2016-max-common-connected-subgraph-paper/datasets/graphsdb/mcs30/m2D/m2Dr6/mcs30_m2Dr6_s60.A02 fileNameGt=../../cp2016-max-common-connected-subgraph-paper/datasets/graphsdb/mcs30/m2D/m2Dr6/mcs30_m2Dr6_s60.B02
Reading graphs...
60 :  138
60 :  137
Initializing...
maxdom : 9
D->valSize : 246
Solving...
Blb : 2 (clique : 21)
currentSize : 21 <-- 0.001837 s
currentSize : 22 <-- 0.002026 s
currentSize : 23 <-- 0.004900 s
currentSize : 24 <-- 0.030621 s
currentSize : 25 <-- 0.499443 s
currentSize : 26 <-- 2.965171 s
currentSize : 27 <-- 8.550136 s

maxsize : 27
nodes : 17874261.000000
filtered : 155012686.000000
time : 86.891571
