Parameters: GAD=1 vflib=1 dir=0 label=0 vlabel=1 lowerbound=1 fileNameGp=../../cp2016-max-common-connected-subgraph-paper/datasets/graphsdb/mcs30/m3D/m3Dr6/mcs30_m3Dr6_s70.A01 fileNameGt=../../cp2016-max-common-connected-subgraph-paper/datasets/graphsdb/mcs30/m3D/m3Dr6/mcs30_m3Dr6_s70.B01
Reading graphs...
70 :  198
70 :  200
Initializing...
maxdom : 9
D->valSize : 329
Solving...
Blb : 2 (clique : 21)
currentSize : 21 <-- 0.002772 s
currentSize : 22 <-- 0.004912 s
currentSize : 23 <-- 0.005168 s
currentSize : 24 <-- 0.015876 s
currentSize : 25 <-- 0.052532 s
currentSize : 26 <-- 0.414678 s
currentSize : 27 <-- 2.186786 s
currentSize : 28 <-- 9.881200 s
currentSize : 29 <-- 9.890234 s
currentSize : 30 <-- 39.845940 s
currentSize : 31 <-- 40.151524 s
currentSize : 32 <-- 40.434029 s
currentSize : 33 <-- 197.726471 s

maxsize : 33
nodes : 70847010.000000
filtered : 649854862.000000
time : 384.447296
