Parameters: GAD=1 vflib=1 dir=0 label=0 vlabel=1 lowerbound=1 fileNameGp=../../cp2016-max-common-connected-subgraph-paper/datasets/graphsdb/mcs30/m4D/m4D/mcs30_m4D_s90.A01 fileNameGt=../../cp2016-max-common-connected-subgraph-paper/datasets/graphsdb/mcs30/m4D/m4D/mcs30_m4D_s90.B01
Reading graphs...
90 :  146
90 :  145
Initializing...
maxdom : 9
D->valSize : 517
Solving...
Blb : 2 (clique : 38)
currentSize : 38 <-- 0.005939 s
currentSize : 39 <-- 0.009219 s
currentSize : 40 <-- 0.010205 s
currentSize : 41 <-- 0.011709 s
currentSize : 42 <-- 0.039899 s
currentSize : 43 <-- 0.052155 s
currentSize : 44 <-- 0.052777 s
currentSize : 45 <-- 0.065489 s

TIMEOUT
maxsize : 45
nodes : 175367729.000000
filtered : 1175123816.000000
time : 1000.000061
