Parameters: GAD=1 vflib=1 dir=0 label=0 vlabel=1 lowerbound=1 fileNameGp=../../cp2016-max-common-connected-subgraph-paper/datasets/graphsdb/mcs30/m2D/m2D/mcs30_m2D_s90.A09 fileNameGt=../../cp2016-max-common-connected-subgraph-paper/datasets/graphsdb/mcs30/m2D/m2D/mcs30_m2D_s90.B09
Reading graphs...
90 :  161
90 :  160
Initializing...
maxdom : 9
D->valSize : 508
Solving...
Blb : 2 (clique : 36)
currentSize : 36 <-- 0.009662 s
currentSize : 37 <-- 0.558102 s
currentSize : 38 <-- 1.689284 s
currentSize : 39 <-- 2.406109 s
currentSize : 40 <-- 8.157131 s
currentSize : 41 <-- 91.710442 s
currentSize : 42 <-- 162.580353 s

TIMEOUT
maxsize : 42
nodes : 168823763.000000
filtered : 1212350840.000000
time : 1000.000061
