Parameters: GAD=1 vflib=1 dir=0 label=0 vlabel=1 lowerbound=1 fileNameGp=../../cp2016-max-common-connected-subgraph-paper/datasets/graphsdb/mcs30/bvg/b09/mcs30_b09_s60.A04 fileNameGt=../../cp2016-max-common-connected-subgraph-paper/datasets/graphsdb/mcs30/bvg/b09/mcs30_b09_s60.B04
Reading graphs...
60 :  266
60 :  262
Initializing...
maxdom : 5
D->valSize : 241
Solving...
Blb : 2 (clique : 16)
currentSize : 16 <-- 0.002623 s
currentSize : 17 <-- 0.002933 s
currentSize : 18 <-- 0.097815 s
currentSize : 19 <-- 0.110562 s
currentSize : 20 <-- 0.118315 s
currentSize : 21 <-- 9.237659 s
currentSize : 22 <-- 9.252718 s

maxsize : 22
nodes : 3959130.000000
filtered : 24393622.000000
time : 17.761284
