Parameters: GAD=1 vflib=1 dir=0 label=0 vlabel=1 lowerbound=1 fileNameGp=../../cp2016-max-common-connected-subgraph-paper/datasets/graphsdb/mcs30/rand/r005/mcs30_r005_s60.A00 fileNameGt=../../cp2016-max-common-connected-subgraph-paper/datasets/graphsdb/mcs30/rand/r005/mcs30_r005_s60.B00
Reading graphs...
60 :  175
60 :  175
Initializing...
maxdom : 6
D->valSize : 234
Solving...
Blb : 2 (clique : 17)
currentSize : 17 <-- 0.002813 s
currentSize : 18 <-- 0.003019 s
currentSize : 19 <-- 0.003155 s
currentSize : 20 <-- 0.003875 s
currentSize : 21 <-- 0.058024 s
currentSize : 22 <-- 2.804246 s
currentSize : 23 <-- 7.110941 s
currentSize : 24 <-- 7.219324 s

maxsize : 24
nodes : 21906820.000000
filtered : 163752084.000000
time : 103.995667
