Parameters: GAD=1 vflib=1 dir=0 label=0 vlabel=1 lowerbound=1 fileNameGp=../../cp2016-max-common-connected-subgraph-paper/datasets/graphsdb/mcs30/m4D/m4Dr4/mcs30_m4Dr4_s70.A03 fileNameGt=../../cp2016-max-common-connected-subgraph-paper/datasets/graphsdb/mcs30/m4D/m4Dr4/mcs30_m4Dr4_s70.B03
Reading graphs...
70 :  145
70 :  145
Initializing...
maxdom : 9
D->valSize : 328
Solving...
Blb : 2 (clique : 27)
currentSize : 27 <-- 0.002963 s
currentSize : 28 <-- 0.003207 s
currentSize : 29 <-- 0.020786 s
currentSize : 30 <-- 44.943279 s
currentSize : 31 <-- 218.536545 s
currentSize : 32 <-- 287.766113 s

TIMEOUT
maxsize : 32
nodes : 193453186.000000
filtered : 1611272842.000000
time : 1000.000000
