Parameters: GAD=1 vflib=1 dir=0 label=0 vlabel=1 lowerbound=1 fileNameGp=../../cp2016-max-common-connected-subgraph-paper/datasets/graphsdb/mcs30/bvg/b03/mcs30_b03_s80.A00 fileNameGt=../../cp2016-max-common-connected-subgraph-paper/datasets/graphsdb/mcs30/bvg/b03/mcs30_b03_s80.B00
Reading graphs...
80 :  120
80 :  119
Initializing...
maxdom : 10
D->valSize : 378
Solving...
Blb : 2 (clique : 33)
currentSize : 33 <-- 0.003795 s
currentSize : 34 <-- 0.004090 s
currentSize : 35 <-- 0.042046 s
currentSize : 36 <-- 0.090951 s
currentSize : 37 <-- 69.808937 s
currentSize : 38 <-- 287.661224 s

TIMEOUT
maxsize : 38
nodes : 195432529.000000
filtered : 1240107163.000000
time : 1000.000061
