Parameters: GAD=1 vflib=1 dir=0 label=0 vlabel=1 lowerbound=1 fileNameGp=../../cp2016-max-common-connected-subgraph-paper/datasets/graphsdb/mcs30/m3D/m3D/mcs30_m3D_s90.A03 fileNameGt=../../cp2016-max-common-connected-subgraph-paper/datasets/graphsdb/mcs30/m3D/m3D/mcs30_m3D_s90.B03
Reading graphs...
90 :  208
90 :  205
Initializing...
maxdom : 9
D->valSize : 545
Solving...
Blb : 2 (clique : 29)
currentSize : 29 <-- 0.006444 s
currentSize : 30 <-- 0.006731 s
currentSize : 31 <-- 0.287206 s
currentSize : 32 <-- 1.656767 s
currentSize : 33 <-- 3.047279 s
currentSize : 34 <-- 3.871686 s
currentSize : 35 <-- 26.663809 s
currentSize : 36 <-- 163.603409 s
currentSize : 37 <-- 163.755295 s
currentSize : 38 <-- 224.853958 s

TIMEOUT
maxsize : 38
nodes : 173547378.000000
filtered : 1240584240.000000
time : 1000.000061
