Parameters: GAD=1 vflib=1 dir=0 label=0 vlabel=1 lowerbound=1 fileNameGp=../../cp2016-max-common-connected-subgraph-paper/datasets/graphsdb/mcs30/m3D/m3Dr2/mcs30_m3Dr2_s100.A04 fileNameGt=../../cp2016-max-common-connected-subgraph-paper/datasets/graphsdb/mcs30/m3D/m3Dr2/mcs30_m3Dr2_s100.B04
Reading graphs...
100 :  252
100 :  251
Initializing...
maxdom : 10
D->valSize : 371
Solving...
Blb : 2 (clique : 28)
currentSize : 28 <-- 0.003775 s
currentSize : 29 <-- 0.004071 s
currentSize : 30 <-- 0.004245 s
currentSize : 31 <-- 0.004986 s
currentSize : 32 <-- 0.005183 s
currentSize : 33 <-- 0.041671 s
currentSize : 34 <-- 1.067973 s
currentSize : 35 <-- 1.102989 s

TIMEOUT
maxsize : 35
nodes : 176590304.000000
filtered : 934671134.000000
time : 1000.000122
