Parameters: GAD=1 vflib=1 dir=0 label=0 vlabel=1 lowerbound=1 fileNameGp=../../cp2016-max-common-connected-subgraph-paper/datasets/graphsdb/mcs30/rand/r02/mcs30_r02_s70.A05 fileNameGt=../../cp2016-max-common-connected-subgraph-paper/datasets/graphsdb/mcs30/rand/r02/mcs30_r02_s70.B05
Reading graphs...
70 :  872
70 :  863
Initializing...
maxdom : 10
D->valSize : 319
Solving...
Blb : 2 (clique : 10)
currentSize : 10 <-- 0.003819 s
currentSize : 11 <-- 0.013273 s
currentSize : 12 <-- 0.016897 s
currentSize : 13 <-- 0.137057 s
currentSize : 14 <-- 0.626102 s
currentSize : 15 <-- 0.826917 s
currentSize : 17 <-- 0.827676 s
currentSize : 18 <-- 0.842553 s
currentSize : 20 <-- 1.163622 s
currentSize : 21 <-- 1.164222 s

maxsize : 21
nodes : 392569.000000
filtered : 3669010.000000
time : 2.248169
