Parameters: GAD=1 vflib=1 dir=0 label=0 vlabel=1 lowerbound=1 fileNameGp=../../cp2016-max-common-connected-subgraph-paper/datasets/graphsdb/mcs30/rand/r01/mcs30_r01_s90.A02 fileNameGt=../../cp2016-max-common-connected-subgraph-paper/datasets/graphsdb/mcs30/rand/r01/mcs30_r01_s90.B02
Reading graphs...
90 :  762
90 :  752
Initializing...
maxdom : 9
D->valSize : 481
Solving...
Blb : 2 (clique : 15)
currentSize : 15 <-- 0.007953 s
currentSize : 17 <-- 0.008178 s
currentSize : 18 <-- 0.029014 s
currentSize : 19 <-- 0.071766 s
currentSize : 20 <-- 26.331911 s
currentSize : 21 <-- 37.957508 s
currentSize : 22 <-- 531.447754 s
currentSize : 23 <-- 574.934265 s
currentSize : 24 <-- 574.934387 s
currentSize : 25 <-- 607.345154 s
currentSize : 26 <-- 642.991821 s
currentSize : 28 <-- 642.994507 s

maxsize : 28
nodes : 141645344.000000
filtered : 1381514471.000000
time : 899.944824
