Parameters: GAD=1 vflib=1 dir=0 label=0 vlabel=1 lowerbound=1 fileNameGp=../../cp2016-max-common-connected-subgraph-paper/datasets/graphsdb/mcs30/rand/r005/mcs30_r005_s60.A05 fileNameGt=../../cp2016-max-common-connected-subgraph-paper/datasets/graphsdb/mcs30/rand/r005/mcs30_r005_s60.B05
Reading graphs...
60 :  176
60 :  172
Initializing...
maxdom : 6
D->valSize : 214
Solving...
Blb : 2 (clique : 18)
currentSize : 18 <-- 0.001507 s
currentSize : 19 <-- 0.002138 s
currentSize : 20 <-- 0.193312 s
currentSize : 21 <-- 1.286629 s
currentSize : 22 <-- 1.664951 s
currentSize : 23 <-- 10.430373 s

maxsize : 23
nodes : 25099406.000000
filtered : 170706079.000000
time : 114.707771
