Parameters: GAD=1 vflib=1 dir=0 label=0 vlabel=1 lowerbound=1 fileNameGp=../../cp2016-max-common-connected-subgraph-paper/datasets/graphsdb/mcs30/bvg/b09/mcs30_b09_s80.A04 fileNameGt=../../cp2016-max-common-connected-subgraph-paper/datasets/graphsdb/mcs30/bvg/b09/mcs30_b09_s80.B04
Reading graphs...
80 :  353
80 :  352
Initializing...
maxdom : 10
D->valSize : 454
Solving...
Blb : 3 (clique : 25)
currentSize : 25 <-- 0.007279 s
currentSize : 26 <-- 94.408119 s
currentSize : 27 <-- 763.904358 s
currentSize : 28 <-- 763.907227 s
currentSize : 29 <-- 763.937500 s
currentSize : 30 <-- 764.168274 s

TIMEOUT
maxsize : 30
nodes : 179679692.000000
filtered : 1399264705.000000
time : 1000.000000
