Parameters: GAD=1 vflib=1 dir=0 label=0 vlabel=1 lowerbound=1 fileNameGp=../../cp2016-max-common-connected-subgraph-paper/datasets/graphsdb/mcs30/m4D/m4Dr6/mcs30_m4Dr6_s50.A06 fileNameGt=../../cp2016-max-common-connected-subgraph-paper/datasets/graphsdb/mcs30/m4D/m4Dr6/mcs30_m4Dr6_s50.B06
Reading graphs...
50 :  113
50 :  113
Initializing...
maxdom : 9
D->valSize : 278
Solving...
Blb : 2 (clique : 17)
currentSize : 17 <-- 0.003029 s
currentSize : 18 <-- 0.022515 s
currentSize : 19 <-- 0.084293 s
currentSize : 20 <-- 0.084406 s
currentSize : 21 <-- 0.408624 s
currentSize : 22 <-- 0.467118 s
currentSize : 23 <-- 7.298849 s

maxsize : 23
nodes : 2351684.000000
filtered : 24802199.000000
time : 11.215734
