Parameters: GAD=1 vflib=1 dir=0 label=0 vlabel=1 lowerbound=1 fileNameGp=../../cp2016-max-common-connected-subgraph-paper/datasets/graphsdb/mcs30/m4D/m4Dr2/mcs30_m4Dr2_s80.A01 fileNameGt=../../cp2016-max-common-connected-subgraph-paper/datasets/graphsdb/mcs30/m4D/m4Dr2/mcs30_m4Dr2_s80.B01
Reading graphs...
80 :  145
80 :  144
Initializing...
maxdom : 8
D->valSize : 396
Solving...
Blb : 3 (clique : 29)
currentSize : 29 <-- 0.003817 s
currentSize : 30 <-- 0.010268 s
currentSize : 31 <-- 0.156155 s
currentSize : 32 <-- 0.415908 s
currentSize : 33 <-- 1.470932 s
currentSize : 34 <-- 62.170189 s
currentSize : 35 <-- 62.236778 s
currentSize : 36 <-- 818.657043 s

TIMEOUT
maxsize : 36
nodes : 181296086.000000
filtered : 1431634439.000000
time : 1000.000061
