Parameters: GAD=1 vflib=1 dir=0 label=0 vlabel=1 lowerbound=1 fileNameGp=../../cp2016-max-common-connected-subgraph-paper/datasets/graphsdb/mcs30/m4D/m4Dr6/mcs30_m4Dr6_s60.A01 fileNameGt=../../cp2016-max-common-connected-subgraph-paper/datasets/graphsdb/mcs30/m4D/m4Dr6/mcs30_m4Dr6_s60.B01
Reading graphs...
60 :  135
60 :  131
Initializing...
maxdom : 7
D->valSize : 236
Solving...
Blb : 2 (clique : 21)
currentSize : 21 <-- 0.001689 s
currentSize : 22 <-- 0.001825 s
currentSize : 23 <-- 0.002043 s
currentSize : 24 <-- 0.016289 s
currentSize : 25 <-- 0.110204 s
currentSize : 26 <-- 5.656172 s
currentSize : 27 <-- 16.639788 s

maxsize : 27
nodes : 21942631.000000
filtered : 157124535.000000
time : 102.367157
