Parameters: GAD=1 vflib=1 dir=0 label=0 vlabel=1 lowerbound=1 fileNameGp=../../cp2016-max-common-connected-subgraph-paper/datasets/graphsdb/mcs30/m2D/m2Dr2/mcs30_m2Dr2_s50.A03 fileNameGt=../../cp2016-max-common-connected-subgraph-paper/datasets/graphsdb/mcs30/m2D/m2Dr2/mcs30_m2Dr2_s50.B03
Reading graphs...
50 :  94
50 :  93
Initializing...
maxdom : 9
D->valSize : 318
Solving...
Blb : 5 (clique : 22)
currentSize : 22 <-- 0.003874 s
currentSize : 23 <-- 0.253408 s
currentSize : 24 <-- 0.257587 s
currentSize : 25 <-- 3.579032 s
currentSize : 26 <-- 20.758137 s
currentSize : 27 <-- 145.183777 s

maxsize : 27
nodes : 62834161.000000
filtered : 753156420.000000
time : 302.123749
