Parameters: GAD=1 vflib=1 dir=0 label=0 vlabel=1 lowerbound=1 fileNameGp=../../cp2016-max-common-connected-subgraph-paper/datasets/graphsdb/mcs30/bvg/b06/mcs30_b06_s70.A08 fileNameGt=../../cp2016-max-common-connected-subgraph-paper/datasets/graphsdb/mcs30/bvg/b06/mcs30_b06_s70.B08
Reading graphs...
70 :  209
70 :  209
Initializing...
maxdom : 8
D->valSize : 324
Solving...
Blb : 2 (clique : 22)
currentSize : 22 <-- 0.004239 s
currentSize : 23 <-- 0.004466 s
currentSize : 24 <-- 0.005008 s
currentSize : 25 <-- 0.007754 s
currentSize : 26 <-- 5.185074 s
currentSize : 27 <-- 248.052048 s
currentSize : 28 <-- 265.424164 s
currentSize : 29 <-- 265.866425 s

maxsize : 29
nodes : 161751155.000000
filtered : 1492486325.000000
time : 885.789490
