Parameters: GAD=1 vflib=1 dir=0 label=0 vlabel=1 lowerbound=1 fileNameGp=../../cp2016-max-common-connected-subgraph-paper/datasets/graphsdb/mcs30/m4D/m4Dr6/mcs30_m4Dr6_s90.A06 fileNameGt=../../cp2016-max-common-connected-subgraph-paper/datasets/graphsdb/mcs30/m4D/m4Dr6/mcs30_m4Dr6_s90.B06
Reading graphs...
90 :  195
90 :  195
Initializing...
maxdom : 15
D->valSize : 509
Solving...
Blb : 3 (clique : 32)
currentSize : 32 <-- 0.005747 s
currentSize : 33 <-- 0.006046 s
currentSize : 34 <-- 0.006282 s
currentSize : 35 <-- 0.006519 s
currentSize : 36 <-- 0.013362 s
currentSize : 37 <-- 0.013545 s
currentSize : 38 <-- 0.558436 s
currentSize : 39 <-- 5.599993 s

TIMEOUT
maxsize : 39
nodes : 180772808.000000
filtered : 1230720336.000000
time : 1000.000061
