Parameters: GAD=1 vflib=1 dir=0 label=0 vlabel=1 lowerbound=1 fileNameGp=../../cp2016-max-common-connected-subgraph-paper/datasets/graphsdb/mcs30/m2D/m2Dr6/mcs30_m2Dr6_s50.A02 fileNameGt=../../cp2016-max-common-connected-subgraph-paper/datasets/graphsdb/mcs30/m2D/m2Dr6/mcs30_m2Dr6_s50.B02
Reading graphs...
50 :  114
50 :  112
Initializing...
maxdom : 12
D->valSize : 351
Solving...
Blb : 5 (clique : 18)
currentSize : 18 <-- 0.002771 s
currentSize : 19 <-- 0.002891 s
currentSize : 20 <-- 0.002966 s
currentSize : 21 <-- 0.003086 s
currentSize : 23 <-- 0.004883 s
currentSize : 24 <-- 0.147822 s
currentSize : 25 <-- 129.809036 s

maxsize : 25
nodes : 32092965.000000
filtered : 400927644.000000
time : 171.809906
