Parameters: GAD=1 vflib=1 dir=0 label=0 vlabel=1 lowerbound=1 fileNameGp=../../cp2016-max-common-connected-subgraph-paper/datasets/graphsdb/mcs30/rand/r005/mcs30_r005_s100.A03 fileNameGt=../../cp2016-max-common-connected-subgraph-paper/datasets/graphsdb/mcs30/rand/r005/mcs30_r005_s100.B03
Reading graphs...
100 :  476
100 :  483
Initializing...
maxdom : 8
D->valSize : 329
Solving...
Blb : 2 (clique : 20)
currentSize : 20 <-- 0.003336 s
currentSize : 21 <-- 0.003550 s
currentSize : 22 <-- 0.003982 s
currentSize : 23 <-- 0.005999 s
currentSize : 24 <-- 0.006258 s
currentSize : 25 <-- 0.119797 s
currentSize : 26 <-- 12.039233 s
currentSize : 27 <-- 20.141886 s
currentSize : 28 <-- 262.287262 s

TIMEOUT
maxsize : 28
nodes : 170992010.000000
filtered : 904197354.000000
time : 1000.000061
