Parameters: GAD=1 vflib=1 dir=0 label=0 vlabel=1 lowerbound=1 fileNameGp=../../cp2016-max-common-connected-subgraph-paper/datasets/graphsdb/mcs30/m3D/m3Dr4/mcs30_m3Dr4_s80.A06 fileNameGt=../../cp2016-max-common-connected-subgraph-paper/datasets/graphsdb/mcs30/m3D/m3Dr4/mcs30_m3Dr4_s80.B06
Reading graphs...
80 :  212
80 :  211
Initializing...
maxdom : 8
D->valSize : 405
Solving...
Blb : 2 (clique : 23)
currentSize : 23 <-- 0.003788 s
currentSize : 24 <-- 0.004317 s
currentSize : 25 <-- 0.004958 s
currentSize : 26 <-- 0.005334 s
currentSize : 27 <-- 0.103948 s
currentSize : 28 <-- 0.432515 s
currentSize : 29 <-- 7.132075 s
currentSize : 30 <-- 96.100594 s

TIMEOUT
maxsize : 30
nodes : 181857101.000000
filtered : 1289533983.000000
time : 1000.000000
