Parameters: GAD=1 vflib=1 dir=0 label=0 vlabel=1 lowerbound=1 fileNameGp=../../cp2016-max-common-connected-subgraph-paper/datasets/graphsdb/mcs30/m3D/m3Dr4/mcs30_m3Dr4_s70.A03 fileNameGt=../../cp2016-max-common-connected-subgraph-paper/datasets/graphsdb/mcs30/m3D/m3Dr4/mcs30_m3Dr4_s70.B03
Reading graphs...
70 :  187
70 :  184
Initializing...
maxdom : 8
D->valSize : 326
Solving...
Blb : 2 (clique : 21)
currentSize : 21 <-- 0.004381 s
currentSize : 22 <-- 0.005078 s
currentSize : 23 <-- 0.020519 s
currentSize : 24 <-- 0.067463 s
currentSize : 25 <-- 1.874970 s
currentSize : 26 <-- 2.233048 s
currentSize : 27 <-- 3.216493 s
currentSize : 28 <-- 70.776169 s
currentSize : 29 <-- 512.107300 s
currentSize : 30 <-- 875.689758 s
currentSize : 31 <-- 876.752808 s
currentSize : 32 <-- 955.105896 s

TIMEOUT
maxsize : 32
nodes : 186526350.000000
filtered : 1381472473.000000
time : 1000.000061
