Parameters: GAD=1 vflib=1 dir=0 label=0 vlabel=1 lowerbound=1 fileNameGp=../../cp2016-max-common-connected-subgraph-paper/datasets/graphsdb/mcs30/m2D/m2Dr2/mcs30_m2Dr2_s80.A05 fileNameGt=../../cp2016-max-common-connected-subgraph-paper/datasets/graphsdb/mcs30/m2D/m2Dr2/mcs30_m2Dr2_s80.B05
Reading graphs...
80 :  157
80 :  157
Initializing...
maxdom : 10
D->valSize : 456
Solving...
Blb : 2 (clique : 27)
currentSize : 27 <-- 0.005774 s
currentSize : 28 <-- 0.005974 s
currentSize : 29 <-- 0.006037 s
currentSize : 30 <-- 0.006142 s
currentSize : 31 <-- 0.023889 s
currentSize : 32 <-- 0.029189 s
currentSize : 33 <-- 3.694179 s
currentSize : 34 <-- 19.960474 s
currentSize : 35 <-- 90.476326 s
currentSize : 36 <-- 93.189995 s

TIMEOUT
maxsize : 36
nodes : 173204883.000000
filtered : 1418185608.000000
time : 1000.000061
