Parameters: GAD=1 vflib=1 dir=0 label=0 vlabel=1 lowerbound=1 fileNameGp=../../cp2016-max-common-connected-subgraph-paper/datasets/graphsdb/mcs30/bvg/b06m/mcs30_b06m_s100.A00 fileNameGt=../../cp2016-max-common-connected-subgraph-paper/datasets/graphsdb/mcs30/bvg/b06m/mcs30_b06m_s100.B00
Reading graphs...
100 :  294
100 :  294
Initializing...
maxdom : 10
D->valSize : 356
Solving...
Blb : 2 (clique : 29)
currentSize : 29 <-- 0.003761 s
currentSize : 30 <-- 0.004708 s
currentSize : 31 <-- 0.114005 s
currentSize : 32 <-- 0.195878 s
currentSize : 33 <-- 0.810524 s
currentSize : 34 <-- 817.176514 s
currentSize : 35 <-- 933.363953 s

TIMEOUT
maxsize : 35
nodes : 184768047.000000
filtered : 739499258.000000
time : 1000.000061
