Parameters: GAD=1 vflib=1 dir=0 label=0 vlabel=1 lowerbound=1 fileNameGp=../../cp2016-max-common-connected-subgraph-paper/datasets/graphsdb/mcs30/m3D/m3Dr6/mcs30_m3Dr6_s100.A03 fileNameGt=../../cp2016-max-common-connected-subgraph-paper/datasets/graphsdb/mcs30/m3D/m3Dr6/mcs30_m3Dr6_s100.B03
Reading graphs...
100 :  288
100 :  290
Initializing...
maxdom : 8
D->valSize : 331
Solving...
Blb : 2 (clique : 26)
currentSize : 26 <-- 0.003480 s
currentSize : 28 <-- 0.003674 s
currentSize : 29 <-- 0.004002 s
currentSize : 30 <-- 0.004480 s
currentSize : 31 <-- 0.037095 s
currentSize : 32 <-- 0.067260 s
currentSize : 33 <-- 0.596882 s
currentSize : 34 <-- 0.601960 s
currentSize : 35 <-- 0.602123 s
currentSize : 36 <-- 0.753194 s
currentSize : 37 <-- 660.587097 s

TIMEOUT
maxsize : 37
nodes : 188266060.000000
filtered : 713534203.000000
time : 1000.000061
