Parameters: GAD=1 vflib=1 dir=0 label=0 vlabel=1 lowerbound=1 fileNameGp=../../cp2016-max-common-connected-subgraph-paper/datasets/graphsdb/mcs30/m3D/m3Dr6/mcs30_m3Dr6_s100.A08 fileNameGt=../../cp2016-max-common-connected-subgraph-paper/datasets/graphsdb/mcs30/m3D/m3Dr6/mcs30_m3Dr6_s100.B08
Reading graphs...
100 :  291
100 :  288
Initializing...
maxdom : 8
D->valSize : 343
Solving...
Blb : 3 (clique : 26)
currentSize : 26 <-- 0.005547 s
currentSize : 27 <-- 0.006572 s
currentSize : 28 <-- 0.018729 s
currentSize : 29 <-- 0.077224 s
currentSize : 30 <-- 0.078375 s
currentSize : 31 <-- 7.223553 s
currentSize : 32 <-- 7.427299 s
currentSize : 33 <-- 200.424149 s
currentSize : 34 <-- 201.125153 s
currentSize : 35 <-- 706.213440 s

TIMEOUT
maxsize : 35
nodes : 168133605.000000
filtered : 1087391611.000000
time : 1000.000061
