Parameters: GAD=1 vflib=1 dir=0 label=0 vlabel=1 lowerbound=1 fileNameGp=../../cp2016-max-common-connected-subgraph-paper/datasets/graphsdb/mcs30/m3D/m3D/mcs30_m3D_s70.A08 fileNameGt=../../cp2016-max-common-connected-subgraph-paper/datasets/graphsdb/mcs30/m3D/m3D/mcs30_m3D_s70.B08
Reading graphs...
70 :  158
70 :  158
Initializing...
maxdom : 8
D->valSize : 348
Solving...
Blb : 2 (clique : 29)
currentSize : 29 <-- 0.003093 s
currentSize : 30 <-- 2.069864 s
currentSize : 31 <-- 14.480940 s
currentSize : 32 <-- 14.481009 s
currentSize : 33 <-- 33.904171 s
currentSize : 34 <-- 176.957764 s

TIMEOUT
maxsize : 34
nodes : 177828922.000000
filtered : 1597426619.000000
time : 1000.000061
