Parameters: GAD=1 vflib=1 dir=0 label=0 vlabel=1 lowerbound=1 fileNameGp=../../cp2016-max-common-connected-subgraph-paper/datasets/graphsdb/mcs30/rand/r01/mcs30_r01_s100.A05 fileNameGt=../../cp2016-max-common-connected-subgraph-paper/datasets/graphsdb/mcs30/rand/r01/mcs30_r01_s100.B05
Reading graphs...
100 :  938
100 :  941
Initializing...
maxdom : 6
D->valSize : 328
Solving...
Blb : 2 (clique : 14)
currentSize : 14 <-- 0.005030 s
currentSize : 15 <-- 0.005354 s
currentSize : 16 <-- 0.005782 s
currentSize : 17 <-- 0.007289 s
currentSize : 18 <-- 0.672682 s
currentSize : 19 <-- 0.672795 s
currentSize : 20 <-- 0.694721 s
currentSize : 21 <-- 40.477440 s
currentSize : 22 <-- 81.656517 s
currentSize : 23 <-- 104.823730 s
currentSize : 27 <-- 104.824738 s
currentSize : 28 <-- 105.053917 s
currentSize : 30 <-- 105.054016 s

maxsize : 30
nodes : 22144380.000000
filtered : 143809319.000000
time : 139.676010
