Parameters: GAD=1 vflib=1 dir=0 label=0 vlabel=1 lowerbound=1 fileNameGp=../../cp2016-max-common-connected-subgraph-paper/datasets/graphsdb/mcs30/m3D/m3Dr6/mcs30_m3Dr6_s100.A07 fileNameGt=../../cp2016-max-common-connected-subgraph-paper/datasets/graphsdb/mcs30/m3D/m3Dr6/mcs30_m3Dr6_s100.B07
Reading graphs...
100 :  288
100 :  290
Initializing...
maxdom : 8
D->valSize : 340
Solving...
Blb : 2 (clique : 30)
currentSize : 30 <-- 0.003370 s
currentSize : 31 <-- 0.003713 s
currentSize : 32 <-- 0.004171 s
currentSize : 33 <-- 0.034225 s
currentSize : 34 <-- 0.059192 s
currentSize : 35 <-- 0.640055 s
currentSize : 36 <-- 3.996613 s

TIMEOUT
maxsize : 36
nodes : 189227288.000000
filtered : 719804706.000000
time : 1000.000061
