Parameters: GAD=1 vflib=1 dir=0 label=0 vlabel=1 lowerbound=1 fileNameGp=../../cp2016-max-common-connected-subgraph-paper/datasets/graphsdb/mcs30/m2D/m2Dr4/mcs30_m2Dr4_s60.A04 fileNameGt=../../cp2016-max-common-connected-subgraph-paper/datasets/graphsdb/mcs30/m2D/m2Dr4/mcs30_m2Dr4_s60.B04
Reading graphs...
60 :  127
60 :  125
Initializing...
maxdom : 8
D->valSize : 272
Solving...
Blb : 2 (clique : 22)
currentSize : 22 <-- 0.002208 s
currentSize : 24 <-- 0.002381 s
currentSize : 25 <-- 0.002865 s
currentSize : 26 <-- 0.625187 s
currentSize : 27 <-- 187.784210 s

maxsize : 27
nodes : 68889960.000000
filtered : 486642428.000000
time : 326.015076
