Parameters: GAD=1 vflib=1 dir=0 label=0 vlabel=1 lowerbound=1 fileNameGp=../../cp2016-max-common-connected-subgraph-paper/datasets/graphsdb/mcs30/m2D/m2D/mcs30_m2D_s50.A00 fileNameGt=../../cp2016-max-common-connected-subgraph-paper/datasets/graphsdb/mcs30/m2D/m2D/mcs30_m2D_s50.B00
Reading graphs...
50 :  85
50 :  83
Initializing...
maxdom : 12
D->valSize : 341
Solving...
Blb : 2 (clique : 21)
currentSize : 21 <-- 0.004230 s
currentSize : 22 <-- 0.622382 s
currentSize : 23 <-- 1.777907 s
currentSize : 24 <-- 2.450662 s
currentSize : 25 <-- 41.969975 s
currentSize : 26 <-- 195.237808 s
currentSize : 27 <-- 226.522995 s

maxsize : 27
nodes : 53561193.000000
filtered : 651130254.000000
time : 298.916962
