Parameters: GAD=1 vflib=1 dir=0 label=0 vlabel=1 lowerbound=1 fileNameGp=../../cp2016-max-common-connected-subgraph-paper/datasets/graphsdb/mcs30/m2D/m2Dr6/mcs30_m2Dr6_s90.A07 fileNameGt=../../cp2016-max-common-connected-subgraph-paper/datasets/graphsdb/mcs30/m2D/m2Dr6/mcs30_m2Dr6_s90.B07
Reading graphs...
90 :  212
90 :  206
Initializing...
maxdom : 11
D->valSize : 547
Solving...
Blb : 2 (clique : 29)
currentSize : 29 <-- 0.006357 s
currentSize : 30 <-- 0.018138 s
currentSize : 31 <-- 0.023023 s
currentSize : 32 <-- 0.048547 s
currentSize : 33 <-- 0.530997 s
currentSize : 34 <-- 18.778946 s
currentSize : 35 <-- 170.057602 s

TIMEOUT
maxsize : 35
nodes : 165971381.000000
filtered : 1300627845.000000
time : 1000.000061
