Parameters: GAD=1 vflib=1 dir=0 label=0 vlabel=1 lowerbound=1 fileNameGp=../../cp2016-max-common-connected-subgraph-paper/datasets/graphsdb/mcs30/m3D/m3Dr2/mcs30_m3Dr2_s90.A05 fileNameGt=../../cp2016-max-common-connected-subgraph-paper/datasets/graphsdb/mcs30/m3D/m3Dr2/mcs30_m3Dr2_s90.B05
Reading graphs...
90 :  222
90 :  225
Initializing...
maxdom : 11
D->valSize : 521
Solving...
Blb : 2 (clique : 28)
currentSize : 28 <-- 0.006959 s
currentSize : 29 <-- 0.007218 s
currentSize : 30 <-- 0.007335 s
currentSize : 32 <-- 0.007451 s
currentSize : 33 <-- 0.010370 s
currentSize : 34 <-- 0.226969 s
currentSize : 35 <-- 14.949828 s

TIMEOUT
maxsize : 35
nodes : 180850403.000000
filtered : 1130602646.000000
time : 1000.000061
