Parameters: GAD=1 vflib=1 dir=0 label=0 vlabel=1 lowerbound=1 fileNameGp=../../cp2016-max-common-connected-subgraph-paper/datasets/graphsdb/mcs30/rand/r01/mcs30_r01_s70.A05 fileNameGt=../../cp2016-max-common-connected-subgraph-paper/datasets/graphsdb/mcs30/rand/r01/mcs30_r01_s70.B05
Reading graphs...
70 :  463
70 :  454
Initializing...
maxdom : 9
D->valSize : 343
Solving...
Blb : 2 (clique : 14)
currentSize : 14 <-- 0.002791 s
currentSize : 15 <-- 0.005930 s
currentSize : 16 <-- 0.006263 s
currentSize : 17 <-- 0.499397 s
currentSize : 18 <-- 3.529079 s
currentSize : 19 <-- 17.260948 s
currentSize : 20 <-- 34.531689 s
currentSize : 21 <-- 37.036621 s
currentSize : 22 <-- 37.036751 s

maxsize : 22
nodes : 11208233.000000
filtered : 93802162.000000
time : 59.022575
