Parameters: GAD=1 vflib=1 dir=0 label=0 vlabel=1 lowerbound=1 fileNameGp=../../cp2016-max-common-connected-subgraph-paper/datasets/graphsdb/mcs30/m2D/m2Dr2/mcs30_m2Dr2_s50.A05 fileNameGt=../../cp2016-max-common-connected-subgraph-paper/datasets/graphsdb/mcs30/m2D/m2Dr2/mcs30_m2Dr2_s50.B05
Reading graphs...
50 :  94
50 :  93
Initializing...
maxdom : 9
D->valSize : 319
Solving...
Blb : 2 (clique : 18)
currentSize : 18 <-- 0.003788 s
currentSize : 20 <-- 0.003946 s
currentSize : 21 <-- 0.006866 s
currentSize : 22 <-- 0.047972 s
currentSize : 23 <-- 0.444309 s
currentSize : 24 <-- 0.444365 s
currentSize : 25 <-- 104.328514 s
currentSize : 26 <-- 149.190536 s

maxsize : 26
nodes : 50406275.000000
filtered : 510183786.000000
time : 233.175278
