Parameters: GAD=1 vflib=1 dir=0 label=0 vlabel=1 lowerbound=1 fileNameGp=../../cp2016-max-common-connected-subgraph-paper/datasets/graphsdb/mcs30/bvg/b09/mcs30_b09_s70.A05 fileNameGt=../../cp2016-max-common-connected-subgraph-paper/datasets/graphsdb/mcs30/bvg/b09/mcs30_b09_s70.B05
Reading graphs...
70 :  308
70 :  309
Initializing...
maxdom : 9
D->valSize : 339
Solving...
Blb : 2 (clique : 18)
currentSize : 18 <-- 0.002721 s
currentSize : 19 <-- 0.003024 s
currentSize : 20 <-- 0.007857 s
currentSize : 21 <-- 0.029430 s
currentSize : 22 <-- 2.296734 s
currentSize : 23 <-- 8.127589 s
currentSize : 24 <-- 8.303743 s
currentSize : 25 <-- 30.824516 s

maxsize : 25
nodes : 39897760.000000
filtered : 363416459.000000
time : 214.551407
