Parameters: GAD=1 vflib=1 dir=0 label=0 vlabel=1 lowerbound=1 fileNameGp=../../cp2016-max-common-connected-subgraph-paper/datasets/graphsdb/mcs30/m4D/m4D/mcs30_m4D_s50.A09 fileNameGt=../../cp2016-max-common-connected-subgraph-paper/datasets/graphsdb/mcs30/m4D/m4D/mcs30_m4D_s50.B09
Reading graphs...
50 :  87
50 :  87
Initializing...
maxdom : 9
D->valSize : 325
Solving...
Blb : 2 (clique : 20)
currentSize : 20 <-- 0.003356 s
currentSize : 21 <-- 0.015373 s
currentSize : 22 <-- 0.056041 s
currentSize : 23 <-- 0.057593 s
currentSize : 24 <-- 0.061967 s
currentSize : 25 <-- 0.324643 s
currentSize : 26 <-- 0.370326 s
currentSize : 27 <-- 0.410790 s

maxsize : 27
nodes : 24998727.000000
filtered : 357007767.000000
time : 162.587601
