Parameters: GAD=1 vflib=1 dir=0 label=0 vlabel=1 lowerbound=1 fileNameGp=../../cp2016-max-common-connected-subgraph-paper/datasets/graphsdb/mcs30/rand/r02/mcs30_r02_s60.A02 fileNameGt=../../cp2016-max-common-connected-subgraph-paper/datasets/graphsdb/mcs30/rand/r02/mcs30_r02_s60.B02
Reading graphs...
60 :  635
60 :  631
Initializing...
maxdom : 10
D->valSize : 244
Solving...
Blb : 3 (clique : 10)
currentSize : 10 <-- 0.001849 s
currentSize : 11 <-- 0.002385 s
currentSize : 12 <-- 0.141107 s
currentSize : 14 <-- 0.449547 s
currentSize : 15 <-- 0.754427 s
currentSize : 16 <-- 0.773668 s
currentSize : 17 <-- 0.773889 s
currentSize : 18 <-- 0.878138 s

maxsize : 18
nodes : 205643.000000
filtered : 1418840.000000
time : 0.998148
