Parameters: GAD=1 vflib=1 dir=0 label=0 vlabel=1 lowerbound=1 fileNameGp=../../cp2016-max-common-connected-subgraph-paper/datasets/graphsdb/mcs30/m3D/m3D/mcs30_m3D_s90.A07 fileNameGt=../../cp2016-max-common-connected-subgraph-paper/datasets/graphsdb/mcs30/m3D/m3D/mcs30_m3D_s90.B07
Reading graphs...
90 :  208
90 :  208
Initializing...
maxdom : 8
D->valSize : 508
Solving...
Blb : 2 (clique : 29)
currentSize : 29 <-- 0.005703 s
currentSize : 31 <-- 0.005928 s
currentSize : 32 <-- 0.006092 s
currentSize : 33 <-- 7.462212 s
currentSize : 34 <-- 12.579697 s
currentSize : 35 <-- 132.993423 s
currentSize : 36 <-- 271.117523 s

TIMEOUT
maxsize : 36
nodes : 188142212.000000
filtered : 1197358150.000000
time : 1000.000061
