Parameters: GAD=1 vflib=1 dir=0 label=0 vlabel=1 lowerbound=1 fileNameGp=../../cp2016-max-common-connected-subgraph-paper/datasets/graphsdb/mcs30/m3D/m3Dr6/mcs30_m3Dr6_s70.A06 fileNameGt=../../cp2016-max-common-connected-subgraph-paper/datasets/graphsdb/mcs30/m3D/m3Dr6/mcs30_m3Dr6_s70.B06
Reading graphs...
70 :  195
70 :  197
Initializing...
maxdom : 8
D->valSize : 324
Solving...
Blb : 2 (clique : 20)
currentSize : 20 <-- 0.002871 s
currentSize : 21 <-- 0.003022 s
currentSize : 22 <-- 0.003139 s
currentSize : 23 <-- 0.003635 s
currentSize : 24 <-- 0.006051 s
currentSize : 25 <-- 0.006110 s
currentSize : 26 <-- 0.012251 s
currentSize : 27 <-- 0.030415 s
currentSize : 28 <-- 1.138029 s
currentSize : 29 <-- 2.132051 s
currentSize : 30 <-- 244.094406 s
currentSize : 31 <-- 244.098434 s
currentSize : 32 <-- 251.689957 s

maxsize : 32
nodes : 111440101.000000
filtered : 887864359.000000
time : 580.423157
