Parameters: GAD=1 vflib=1 dir=0 label=0 vlabel=1 lowerbound=1 fileNameGp=../../cp2016-max-common-connected-subgraph-paper/datasets/graphsdb/mcs30/m3D/m3Dr6/mcs30_m3Dr6_s70.A02 fileNameGt=../../cp2016-max-common-connected-subgraph-paper/datasets/graphsdb/mcs30/m3D/m3Dr6/mcs30_m3Dr6_s70.B02
Reading graphs...
70 :  197
70 :  197
Initializing...
maxdom : 10
D->valSize : 311
Solving...
Blb : 2 (clique : 21)
currentSize : 21 <-- 0.002582 s
currentSize : 22 <-- 0.002770 s
currentSize : 24 <-- 0.016989 s
currentSize : 25 <-- 0.022804 s
currentSize : 26 <-- 0.138678 s
currentSize : 27 <-- 1.142438 s
currentSize : 28 <-- 1.924397 s
currentSize : 29 <-- 6.848461 s
currentSize : 30 <-- 6.848837 s

maxsize : 30
nodes : 13734216.000000
filtered : 109692727.000000
time : 71.724495
