Parameters: GAD=1 vflib=1 dir=0 label=0 vlabel=1 lowerbound=1 fileNameGp=../../cp2016-max-common-connected-subgraph-paper/datasets/graphsdb/mcs30/m4D/m4Dr4/mcs30_m4Dr4_s70.A02 fileNameGt=../../cp2016-max-common-connected-subgraph-paper/datasets/graphsdb/mcs30/m4D/m4Dr4/mcs30_m4Dr4_s70.B02
Reading graphs...
70 :  144
70 :  144
Initializing...
maxdom : 7
D->valSize : 333
Solving...
Blb : 2 (clique : 27)
currentSize : 27 <-- 0.002910 s
currentSize : 28 <-- 0.004245 s
currentSize : 29 <-- 0.235912 s
currentSize : 30 <-- 22.271896 s
currentSize : 31 <-- 30.688543 s
currentSize : 32 <-- 146.284073 s

TIMEOUT
maxsize : 32
nodes : 199825013.000000
filtered : 1506027188.000000
time : 1000.000000
