Parameters: GAD=1 vflib=1 dir=0 label=0 vlabel=1 lowerbound=1 fileNameGp=../../cp2016-max-common-connected-subgraph-paper/datasets/graphsdb/mcs30/bvg/b06m/mcs30_b06m_s60.A06 fileNameGt=../../cp2016-max-common-connected-subgraph-paper/datasets/graphsdb/mcs30/bvg/b06m/mcs30_b06m_s60.B06
Reading graphs...
60 :  179
60 :  177
Initializing...
maxdom : 8
D->valSize : 227
Solving...
Blb : 2 (clique : 18)
currentSize : 18 <-- 0.002623 s
currentSize : 19 <-- 0.086007 s
currentSize : 20 <-- 0.088431 s
currentSize : 22 <-- 0.119441 s
currentSize : 23 <-- 0.389114 s
currentSize : 24 <-- 1.080724 s
currentSize : 25 <-- 3.379278 s
currentSize : 26 <-- 6.372267 s

maxsize : 26
nodes : 4402889.000000
filtered : 31710179.000000
time : 20.633041
