Parameters: GAD=1 vflib=1 dir=0 label=0 vlabel=1 lowerbound=1 fileNameGp=../../cp2016-max-common-connected-subgraph-paper/datasets/graphsdb/mcs30/m4D/m4Dr2/mcs30_m4Dr2_s50.A01 fileNameGt=../../cp2016-max-common-connected-subgraph-paper/datasets/graphsdb/mcs30/m4D/m4Dr2/mcs30_m4Dr2_s50.B01
Reading graphs...
50 :  97
50 :  96
Initializing...
maxdom : 9
D->valSize : 303
Solving...
Blb : 2 (clique : 21)
currentSize : 21 <-- 0.003161 s
currentSize : 22 <-- 0.351901 s
currentSize : 23 <-- 1.709677 s
currentSize : 24 <-- 22.910255 s
currentSize : 25 <-- 36.629597 s
currentSize : 26 <-- 77.422005 s

maxsize : 26
nodes : 19678554.000000
filtered : 205675995.000000
time : 93.493118
