Parameters: GAD=1 vflib=1 dir=0 label=0 vlabel=1 lowerbound=1 fileNameGp=../../cp2016-max-common-connected-subgraph-paper/datasets/graphsdb/mcs30/rand/r005/mcs30_r005_s100.A00 fileNameGt=../../cp2016-max-common-connected-subgraph-paper/datasets/graphsdb/mcs30/rand/r005/mcs30_r005_s100.B00
Reading graphs...
100 :  489
100 :  486
Initializing...
maxdom : 8
D->valSize : 335
Solving...
Blb : 2 (clique : 21)
currentSize : 21 <-- 0.003385 s
currentSize : 22 <-- 0.003611 s
currentSize : 23 <-- 0.003938 s
currentSize : 24 <-- 0.013203 s
currentSize : 25 <-- 0.063825 s
currentSize : 26 <-- 0.420355 s
currentSize : 27 <-- 0.425595 s
currentSize : 28 <-- 0.775248 s
currentSize : 29 <-- 2.242134 s
currentSize : 30 <-- 268.951691 s
currentSize : 31 <-- 269.201508 s

TIMEOUT
maxsize : 31
nodes : 161232645.000000
filtered : 1046735127.000000
time : 1000.000061
