Parameters: GAD=1 vflib=1 dir=0 label=0 vlabel=1 lowerbound=1 fileNameGp=../../cp2016-max-common-connected-subgraph-paper/datasets/graphsdb/mcs30/bvg/b06/mcs30_b06_s50.A03 fileNameGt=../../cp2016-max-common-connected-subgraph-paper/datasets/graphsdb/mcs30/bvg/b06/mcs30_b06_s50.B03
Reading graphs...
50 :  147
50 :  146
Initializing...
maxdom : 10
D->valSize : 303
Solving...
Blb : 2 (clique : 15)
currentSize : 15 <-- 0.002164 s
currentSize : 16 <-- 0.002283 s
currentSize : 17 <-- 0.002386 s
currentSize : 18 <-- 0.002555 s
currentSize : 19 <-- 0.097991 s
currentSize : 20 <-- 0.659801 s
currentSize : 21 <-- 16.155464 s
currentSize : 22 <-- 39.151436 s

maxsize : 22
nodes : 39916484.000000
filtered : 450168171.000000
time : 196.833237
