Parameters: GAD=1 vflib=1 dir=0 label=0 vlabel=1 lowerbound=1 fileNameGp=../../cp2016-max-common-connected-subgraph-paper/datasets/graphsdb/mcs30/rand/r02/mcs30_r02_s90.A09 fileNameGt=../../cp2016-max-common-connected-subgraph-paper/datasets/graphsdb/mcs30/rand/r02/mcs30_r02_s90.B09
Reading graphs...
90 :  1428
90 :  1429
Initializing...
maxdom : 10
D->valSize : 592
Solving...
Blb : 3 (clique : 11)
currentSize : 11 <-- 0.007631 s
currentSize : 12 <-- 0.010466 s
currentSize : 13 <-- 0.010780 s
currentSize : 14 <-- 0.235991 s
currentSize : 15 <-- 3.293917 s
currentSize : 16 <-- 6.193085 s
currentSize : 18 <-- 6.257290 s
currentSize : 20 <-- 47.442867 s
currentSize : 22 <-- 48.591015 s
currentSize : 27 <-- 48.591816 s

maxsize : 27
nodes : 13928390.000000
filtered : 158684803.000000
time : 92.471214
