Parameters: GAD=1 vflib=1 dir=0 label=0 vlabel=1 lowerbound=1 fileNameGp=../../cp2016-max-common-connected-subgraph-paper/datasets/graphsdb/mcs30/m3D/m3Dr2/mcs30_m3Dr2_s80.A02 fileNameGt=../../cp2016-max-common-connected-subgraph-paper/datasets/graphsdb/mcs30/m3D/m3Dr2/mcs30_m3Dr2_s80.B02
Reading graphs...
80 :  198
80 :  196
Initializing...
maxdom : 9
D->valSize : 417
Solving...
Blb : 2 (clique : 29)
currentSize : 29 <-- 0.004189 s
currentSize : 30 <-- 0.214838 s
currentSize : 31 <-- 10.414058 s
currentSize : 32 <-- 17.949434 s
currentSize : 33 <-- 38.596493 s
currentSize : 34 <-- 371.971252 s

TIMEOUT
maxsize : 34
nodes : 168619011.000000
filtered : 1461980583.000000
time : 1000.000061
