Parameters: GAD=1 vflib=1 dir=0 label=0 vlabel=1 lowerbound=1 fileNameGp=../../cp2016-max-common-connected-subgraph-paper/datasets/graphsdb/mcs30/m4D/m4D/mcs30_m4D_s60.A01 fileNameGt=../../cp2016-max-common-connected-subgraph-paper/datasets/graphsdb/mcs30/m4D/m4D/mcs30_m4D_s60.B01
Reading graphs...
60 :  102
60 :  101
Initializing...
maxdom : 7
D->valSize : 236
Solving...
Blb : 2 (clique : 23)
currentSize : 23 <-- 0.002812 s
currentSize : 24 <-- 0.176206 s
currentSize : 25 <-- 3.220715 s
currentSize : 26 <-- 7.586018 s
currentSize : 27 <-- 10.675197 s
currentSize : 28 <-- 30.930893 s
currentSize : 29 <-- 157.960587 s

maxsize : 29
nodes : 47686649.000000
filtered : 312065268.000000
time : 224.294983
