Parameters: GAD=1 vflib=1 dir=0 label=0 vlabel=1 lowerbound=1 fileNameGp=../../cp2016-max-common-connected-subgraph-paper/datasets/graphsdb/mcs30/m3D/m3Dr2/mcs30_m3Dr2_s70.A08 fileNameGt=../../cp2016-max-common-connected-subgraph-paper/datasets/graphsdb/mcs30/m3D/m3Dr2/mcs30_m3Dr2_s70.B08
Reading graphs...
70 :  173
70 :  171
Initializing...
maxdom : 8
D->valSize : 350
Solving...
Blb : 2 (clique : 21)
currentSize : 21 <-- 0.003155 s
currentSize : 22 <-- 0.003314 s
currentSize : 23 <-- 0.005832 s
currentSize : 24 <-- 0.008858 s
currentSize : 25 <-- 0.012531 s
currentSize : 26 <-- 0.229418 s
currentSize : 27 <-- 0.506536 s
currentSize : 28 <-- 1.838994 s
currentSize : 29 <-- 40.697365 s
currentSize : 30 <-- 206.774490 s
currentSize : 31 <-- 290.635864 s
currentSize : 32 <-- 295.095551 s

TIMEOUT
maxsize : 32
nodes : 181368325.000000
filtered : 1688953473.000000
time : 1000.000000
