Parameters: GAD=1 vflib=1 dir=0 label=0 vlabel=1 lowerbound=1 fileNameGp=../../cp2016-max-common-connected-subgraph-paper/datasets/graphsdb/mcs30/m4D/m4Dr4/mcs30_m4Dr4_s90.A08 fileNameGt=../../cp2016-max-common-connected-subgraph-paper/datasets/graphsdb/mcs30/m4D/m4Dr4/mcs30_m4Dr4_s90.B08
Reading graphs...
90 :  180
90 :  181
Initializing...
maxdom : 10
D->valSize : 510
Solving...
Blb : 2 (clique : 34)
currentSize : 34 <-- 0.005855 s
currentSize : 35 <-- 0.042614 s
currentSize : 36 <-- 0.172918 s
currentSize : 37 <-- 0.893121 s
currentSize : 38 <-- 39.149128 s
currentSize : 39 <-- 110.723434 s
currentSize : 40 <-- 110.902725 s
currentSize : 41 <-- 111.133041 s
currentSize : 42 <-- 111.136597 s
currentSize : 43 <-- 111.601791 s
currentSize : 44 <-- 130.790436 s

TIMEOUT
maxsize : 44
nodes : 182702046.000000
filtered : 1289715041.000000
time : 1000.000061
