Parameters: GAD=1 vflib=1 dir=0 label=0 vlabel=1 lowerbound=1 fileNameGp=../../cp2016-max-common-connected-subgraph-paper/datasets/graphsdb/mcs30/bvg/b03m/mcs30_b03m_s80.A09 fileNameGt=../../cp2016-max-common-connected-subgraph-paper/datasets/graphsdb/mcs30/bvg/b03m/mcs30_b03m_s80.B09
Reading graphs...
80 :  119
80 :  119
Initializing...
maxdom : 10
D->valSize : 446
Solving...
Blb : 2 (clique : 31)
currentSize : 31 <-- 0.007721 s
currentSize : 32 <-- 0.008147 s
currentSize : 33 <-- 0.008364 s
currentSize : 34 <-- 0.020938 s
currentSize : 35 <-- 1.153566 s
currentSize : 36 <-- 6.217003 s
currentSize : 37 <-- 225.544662 s
currentSize : 38 <-- 732.966187 s

TIMEOUT
maxsize : 38
nodes : 187886806.000000
filtered : 1451831190.000000
time : 1000.000061
