Parameters: GAD=1 vflib=1 dir=0 label=0 vlabel=1 lowerbound=1 fileNameGp=../../cp2016-max-common-connected-subgraph-paper/datasets/graphsdb/mcs30/rand/r005/mcs30_r005_s50.A03 fileNameGt=../../cp2016-max-common-connected-subgraph-paper/datasets/graphsdb/mcs30/rand/r005/mcs30_r005_s50.B03
Reading graphs...
50 :  122
50 :  123
Initializing...
maxdom : 10
D->valSize : 340
Solving...
Blb : 2 (clique : 17)
currentSize : 17 <-- 0.002468 s
currentSize : 18 <-- 0.002577 s
currentSize : 19 <-- 0.002598 s
currentSize : 20 <-- 0.002635 s
currentSize : 21 <-- 0.011664 s
currentSize : 22 <-- 0.020204 s
currentSize : 23 <-- 57.016769 s

maxsize : 23
nodes : 135706658.000000
filtered : 1561331160.000000
time : 664.847473
