Parameters: GAD=1 vflib=1 dir=0 label=0 vlabel=1 lowerbound=1 fileNameGp=../../cp2016-max-common-connected-subgraph-paper/datasets/graphsdb/mcs30/bvg/b03/mcs30_b03_s100.A08 fileNameGt=../../cp2016-max-common-connected-subgraph-paper/datasets/graphsdb/mcs30/bvg/b03/mcs30_b03_s100.B08
Reading graphs...
100 :  148
100 :  150
Initializing...
maxdom : 7
D->valSize : 322
Solving...
Blb : 2 (clique : 35)
currentSize : 35 <-- 0.005379 s
currentSize : 36 <-- 0.015558 s
currentSize : 37 <-- 0.038899 s
currentSize : 38 <-- 0.044071 s
currentSize : 39 <-- 0.087978 s
currentSize : 40 <-- 0.752717 s
currentSize : 41 <-- 66.657822 s

TIMEOUT
maxsize : 41
nodes : 197384880.000000
filtered : 780323276.000000
time : 1000.000061
