Parameters: GAD=1 vflib=1 dir=0 label=0 vlabel=1 lowerbound=1 fileNameGp=../../cp2016-max-common-connected-subgraph-paper/datasets/graphsdb/mcs30/m4D/m4Dr2/mcs30_m4Dr2_s70.A02 fileNameGt=../../cp2016-max-common-connected-subgraph-paper/datasets/graphsdb/mcs30/m4D/m4Dr2/mcs30_m4Dr2_s70.B02
Reading graphs...
70 :  131
70 :  130
Initializing...
maxdom : 10
D->valSize : 321
Solving...
Blb : 2 (clique : 26)
currentSize : 26 <-- 0.002691 s
currentSize : 27 <-- 0.002911 s
currentSize : 28 <-- 0.051605 s
currentSize : 29 <-- 0.358953 s
currentSize : 30 <-- 0.426936 s
currentSize : 31 <-- 468.686554 s
currentSize : 32 <-- 501.501495 s

TIMEOUT
maxsize : 32
nodes : 201935520.000000
filtered : 1418163937.000000
time : 1000.000000
