Parameters: GAD=1 vflib=1 dir=0 label=0 vlabel=1 lowerbound=1 fileNameGp=../../cp2016-max-common-connected-subgraph-paper/datasets/graphsdb/mcs30/bvg/b03/mcs30_b03_s60.A09 fileNameGt=../../cp2016-max-common-connected-subgraph-paper/datasets/graphsdb/mcs30/bvg/b03/mcs30_b03_s60.B09
Reading graphs...
60 :  89
60 :  90
Initializing...
maxdom : 8
D->valSize : 234
Solving...
Blb : 2 (clique : 23)
currentSize : 23 <-- 0.002010 s
currentSize : 24 <-- 0.002794 s
currentSize : 25 <-- 0.003738 s
currentSize : 26 <-- 0.126804 s
currentSize : 27 <-- 3.933442 s
currentSize : 28 <-- 506.916870 s

maxsize : 28
nodes : 163835553.000000
filtered : 1195499826.000000
time : 752.904846
