Parameters: GAD=1 vflib=1 dir=0 label=0 vlabel=1 lowerbound=1 fileNameGp=../../cp2016-max-common-connected-subgraph-paper/datasets/graphsdb/mcs30/m3D/m3Dr6/mcs30_m3Dr6_s70.A05 fileNameGt=../../cp2016-max-common-connected-subgraph-paper/datasets/graphsdb/mcs30/m3D/m3Dr6/mcs30_m3Dr6_s70.B05
Reading graphs...
70 :  197
70 :  195
Initializing...
maxdom : 8
D->valSize : 316
Solving...
Blb : 2 (clique : 22)
currentSize : 22 <-- 0.002669 s
currentSize : 23 <-- 0.002861 s
currentSize : 24 <-- 0.010058 s
currentSize : 25 <-- 0.019565 s
currentSize : 26 <-- 0.054667 s
currentSize : 27 <-- 0.061700 s
currentSize : 28 <-- 0.957169 s
currentSize : 29 <-- 55.674545 s

TIMEOUT
maxsize : 29
nodes : 198008778.000000
filtered : 1363344118.000000
time : 1000.000061
