Parameters: GAD=1 vflib=1 dir=0 label=0 vlabel=1 lowerbound=1 fileNameGp=../../cp2016-max-common-connected-subgraph-paper/datasets/graphsdb/mcs30/bvg/b09m/mcs30_b09m_s80.A00 fileNameGt=../../cp2016-max-common-connected-subgraph-paper/datasets/graphsdb/mcs30/bvg/b09m/mcs30_b09m_s80.B00
Reading graphs...
80 :  346
80 :  352
Initializing...
maxdom : 8
D->valSize : 419
Solving...
Blb : 2 (clique : 21)
currentSize : 21 <-- 0.004260 s
currentSize : 22 <-- 0.004502 s
currentSize : 23 <-- 0.004879 s
currentSize : 24 <-- 0.005144 s
currentSize : 25 <-- 0.005695 s
currentSize : 26 <-- 0.793174 s
currentSize : 27 <-- 111.464920 s
currentSize : 28 <-- 237.662201 s
currentSize : 29 <-- 862.763733 s

TIMEOUT
maxsize : 29
nodes : 168737194.000000
filtered : 1609685254.000000
time : 1000.000061
