Parameters: GAD=1 vflib=1 dir=0 label=0 vlabel=1 lowerbound=1 fileNameGp=../../cp2016-max-common-connected-subgraph-paper/datasets/graphsdb/mcs30/rand/r005/mcs30_r005_s60.A08 fileNameGt=../../cp2016-max-common-connected-subgraph-paper/datasets/graphsdb/mcs30/rand/r005/mcs30_r005_s60.B08
Reading graphs...
60 :  174
60 :  176
Initializing...
maxdom : 7
D->valSize : 228
Solving...
Blb : 5 (clique : 17)
currentSize : 17 <-- 0.001794 s
currentSize : 18 <-- 0.003818 s
currentSize : 19 <-- 0.007396 s
currentSize : 20 <-- 0.116495 s
currentSize : 21 <-- 0.285157 s
currentSize : 22 <-- 2.393748 s
currentSize : 23 <-- 10.054038 s

maxsize : 23
nodes : 17697392.000000
filtered : 116354582.000000
time : 82.286858
