Parameters: GAD=1 vflib=1 dir=0 label=0 vlabel=1 lowerbound=1 fileNameGp=../../cp2016-max-common-connected-subgraph-paper/datasets/graphsdb/mcs30/bvg/b06m/mcs30_b06m_s70.A05 fileNameGt=../../cp2016-max-common-connected-subgraph-paper/datasets/graphsdb/mcs30/bvg/b06m/mcs30_b06m_s70.B05
Reading graphs...
70 :  206
70 :  206
Initializing...
maxdom : 9
D->valSize : 330
Solving...
Blb : 2 (clique : 21)
currentSize : 21 <-- 0.002693 s
currentSize : 22 <-- 0.010334 s
currentSize : 23 <-- 0.485515 s
currentSize : 24 <-- 0.974854 s
currentSize : 25 <-- 3.904040 s
currentSize : 26 <-- 71.536346 s
currentSize : 27 <-- 163.414398 s
currentSize : 28 <-- 241.020065 s

TIMEOUT
maxsize : 28
nodes : 193120026.000000
filtered : 1536080241.000000
time : 1000.000000
