Parameters: GAD=1 vflib=1 dir=0 label=0 vlabel=1 lowerbound=1 fileNameGp=../../cp2016-max-common-connected-subgraph-paper/datasets/graphsdb/mcs30/m3D/m3Dr4/mcs30_m3Dr4_s70.A02 fileNameGt=../../cp2016-max-common-connected-subgraph-paper/datasets/graphsdb/mcs30/m3D/m3Dr4/mcs30_m3Dr4_s70.B02
Reading graphs...
70 :  186
70 :  183
Initializing...
maxdom : 8
D->valSize : 353
Solving...
Blb : 2 (clique : 22)
currentSize : 22 <-- 0.003028 s
currentSize : 23 <-- 0.010201 s
currentSize : 24 <-- 0.131400 s
currentSize : 25 <-- 0.631787 s
currentSize : 26 <-- 1.239259 s
currentSize : 27 <-- 9.404482 s
currentSize : 28 <-- 33.343002 s
currentSize : 29 <-- 224.849213 s
currentSize : 30 <-- 238.422714 s
currentSize : 32 <-- 238.422882 s
currentSize : 33 <-- 238.481827 s

maxsize : 33
nodes : 105170571.000000
filtered : 1048566429.000000
time : 581.378906
