Parameters: GAD=1 vflib=1 dir=0 label=0 vlabel=1 lowerbound=1 fileNameGp=../../cp2016-max-common-connected-subgraph-paper/datasets/graphsdb/mcs30/bvg/b03m/mcs30_b03m_s60.A06 fileNameGt=../../cp2016-max-common-connected-subgraph-paper/datasets/graphsdb/mcs30/bvg/b03m/mcs30_b03m_s60.B06
Reading graphs...
60 :  89
60 :  89
Initializing...
maxdom : 9
D->valSize : 256
Solving...
Blb : 3 (clique : 25)
currentSize : 25 <-- 0.003268 s
currentSize : 26 <-- 0.008116 s
currentSize : 27 <-- 0.008547 s
currentSize : 28 <-- 0.014560 s
currentSize : 29 <-- 0.786269 s
currentSize : 30 <-- 421.701752 s

TIMEOUT
maxsize : 30
nodes : 215538808.000000
filtered : 1480766851.000000
time : 1000.000061
