Parameters: GAD=1 vflib=1 dir=0 label=0 vlabel=1 lowerbound=1 fileNameGp=../../cp2016-max-common-connected-subgraph-paper/datasets/graphsdb/mcs30/bvg/b09/mcs30_b09_s60.A05 fileNameGt=../../cp2016-max-common-connected-subgraph-paper/datasets/graphsdb/mcs30/bvg/b09/mcs30_b09_s60.B05
Reading graphs...
60 :  264
60 :  266
Initializing...
maxdom : 7
D->valSize : 234
Solving...
Blb : 2 (clique : 14)
currentSize : 14 <-- 0.001598 s
currentSize : 15 <-- 0.002185 s
currentSize : 16 <-- 0.011892 s
currentSize : 17 <-- 0.019500 s
currentSize : 18 <-- 0.019725 s
currentSize : 19 <-- 1.009762 s
currentSize : 20 <-- 3.771894 s
currentSize : 21 <-- 7.586210 s
currentSize : 22 <-- 7.652726 s

maxsize : 22
nodes : 3485035.000000
filtered : 26611028.000000
time : 16.503819
