Parameters: GAD=1 vflib=1 dir=0 label=0 vlabel=1 lowerbound=1 fileNameGp=../../cp2016-max-common-connected-subgraph-paper/datasets/graphsdb/mcs30/m2D/m2D/mcs30_m2D_s50.A03 fileNameGt=../../cp2016-max-common-connected-subgraph-paper/datasets/graphsdb/mcs30/m2D/m2D/mcs30_m2D_s50.B03
Reading graphs...
50 :  85
50 :  84
Initializing...
maxdom : 10
D->valSize : 324
Solving...
Blb : 5 (clique : 21)
currentSize : 21 <-- 0.002540 s
currentSize : 22 <-- 0.094633 s
currentSize : 23 <-- 0.240636 s
currentSize : 24 <-- 0.456746 s
currentSize : 25 <-- 0.498773 s
currentSize : 26 <-- 12.860739 s
currentSize : 27 <-- 51.066612 s

maxsize : 27
nodes : 35936475.000000
filtered : 480718892.000000
time : 183.114395
