Parameters: GAD=1 vflib=1 dir=0 label=0 vlabel=1 lowerbound=1 fileNameGp=../../cp2016-max-common-connected-subgraph-paper/datasets/graphsdb/mcs30/rand/r02/mcs30_r02_s80.A05 fileNameGt=../../cp2016-max-common-connected-subgraph-paper/datasets/graphsdb/mcs30/rand/r02/mcs30_r02_s80.B05
Reading graphs...
80 :  1140
80 :  1112
Initializing...
maxdom : 11
D->valSize : 462
Solving...
Blb : 2 (clique : 10)
currentSize : 10 <-- 0.004451 s
currentSize : 11 <-- 0.004588 s
currentSize : 13 <-- 0.007221 s
currentSize : 14 <-- 0.969015 s
currentSize : 15 <-- 2.740234 s
currentSize : 16 <-- 2.740458 s
currentSize : 17 <-- 2.755673 s
currentSize : 18 <-- 2.756029 s
currentSize : 24 <-- 8.642653 s

maxsize : 24
nodes : 2520068.000000
filtered : 27270526.000000
time : 15.309105
