Parameters: GAD=1 vflib=1 dir=0 label=0 vlabel=1 lowerbound=1 fileNameGp=../../cp2016-max-common-connected-subgraph-paper/datasets/graphsdb/mcs30/rand/r005/mcs30_r005_s100.A01 fileNameGt=../../cp2016-max-common-connected-subgraph-paper/datasets/graphsdb/mcs30/rand/r005/mcs30_r005_s100.B01
Reading graphs...
100 :  480
100 :  476
Initializing...
maxdom : 9
D->valSize : 347
Solving...
Blb : 2 (clique : 21)
currentSize : 21 <-- 0.003505 s
currentSize : 22 <-- 0.003888 s
currentSize : 23 <-- 0.096637 s
currentSize : 24 <-- 0.244383 s
currentSize : 25 <-- 0.278411 s
currentSize : 26 <-- 0.712154 s
currentSize : 27 <-- 123.323608 s
currentSize : 28 <-- 161.796097 s
currentSize : 29 <-- 215.310989 s
currentSize : 30 <-- 241.156937 s

TIMEOUT
maxsize : 30
nodes : 163876064.000000
filtered : 1069990479.000000
time : 1000.000061
