Parameters: GAD=1 vflib=1 dir=0 label=0 vlabel=1 lowerbound=1 fileNameGp=../../cp2016-max-common-connected-subgraph-paper/datasets/graphsdb/mcs30/m2D/m2Dr6/mcs30_m2Dr6_s50.A01 fileNameGt=../../cp2016-max-common-connected-subgraph-paper/datasets/graphsdb/mcs30/m2D/m2Dr6/mcs30_m2Dr6_s50.B01
Reading graphs...
50 :  112
50 :  110
Initializing...
maxdom : 8
D->valSize : 316
Solving...
Blb : 2 (clique : 20)
currentSize : 20 <-- 0.003647 s
currentSize : 21 <-- 0.035633 s
currentSize : 22 <-- 0.062556 s
currentSize : 23 <-- 0.429886 s
currentSize : 24 <-- 0.843090 s
currentSize : 25 <-- 0.940101 s

maxsize : 25
nodes : 10055901.000000
filtered : 118272543.000000
time : 51.379967
