Parameters: GAD=1 vflib=1 dir=0 label=0 vlabel=1 lowerbound=1 fileNameGp=../../cp2016-max-common-connected-subgraph-paper/datasets/graphsdb/mcs30/bvg/b03/mcs30_b03_s70.A03 fileNameGt=../../cp2016-max-common-connected-subgraph-paper/datasets/graphsdb/mcs30/bvg/b03/mcs30_b03_s70.B03
Reading graphs...
70 :  104
70 :  105
Initializing...
maxdom : 6
D->valSize : 300
Solving...
Blb : 2 (clique : 26)
currentSize : 26 <-- 0.004094 s
currentSize : 27 <-- 0.004373 s
currentSize : 28 <-- 0.004487 s
currentSize : 29 <-- 0.004654 s
currentSize : 30 <-- 0.004891 s
currentSize : 31 <-- 0.168651 s
currentSize : 32 <-- 1.201021 s
currentSize : 33 <-- 44.482147 s

TIMEOUT
maxsize : 33
nodes : 213937286.000000
filtered : 1366732827.000000
time : 1000.000061
