Parameters: GAD=1 vflib=1 dir=0 label=0 vlabel=1 lowerbound=1 fileNameGp=../../cp2016-max-common-connected-subgraph-paper/datasets/graphsdb/mcs30/rand/r005/mcs30_r005_s50.A08 fileNameGt=../../cp2016-max-common-connected-subgraph-paper/datasets/graphsdb/mcs30/rand/r005/mcs30_r005_s50.B08
Reading graphs...
50 :  121
50 :  122
Initializing...
maxdom : 9
D->valSize : 331
Solving...
Blb : 2 (clique : 18)
currentSize : 18 <-- 0.003899 s
currentSize : 19 <-- 0.005232 s
currentSize : 20 <-- 0.005392 s
currentSize : 21 <-- 0.073844 s
currentSize : 22 <-- 0.073984 s
currentSize : 23 <-- 4.957585 s
currentSize : 24 <-- 35.128155 s

maxsize : 24
nodes : 19046048.000000
filtered : 231870797.000000
time : 96.029060
