Parameters: GAD=1 vflib=1 dir=0 label=0 vlabel=1 lowerbound=1 fileNameGp=../../cp2016-max-common-connected-subgraph-paper/datasets/graphsdb/mcs30/m3D/m3Dr6/mcs30_m3Dr6_s80.A04 fileNameGt=../../cp2016-max-common-connected-subgraph-paper/datasets/graphsdb/mcs30/m3D/m3Dr6/mcs30_m3Dr6_s80.B04
Reading graphs...
80 :  230
80 :  228
Initializing...
maxdom : 9
D->valSize : 458
Solving...
Blb : 2 (clique : 24)
currentSize : 24 <-- 0.004658 s
currentSize : 25 <-- 0.004899 s
currentSize : 26 <-- 0.007164 s
currentSize : 27 <-- 0.007504 s
currentSize : 28 <-- 0.012599 s
currentSize : 29 <-- 1.581791 s
currentSize : 30 <-- 6.136561 s
currentSize : 31 <-- 297.581085 s
currentSize : 32 <-- 297.652130 s

TIMEOUT
maxsize : 32
nodes : 181782100.000000
filtered : 1403382228.000000
time : 1000.000000
