Parameters: GAD=1 vflib=1 dir=0 label=0 vlabel=1 lowerbound=1 fileNameGp=../../cp2016-max-common-connected-subgraph-paper/datasets/graphsdb/mcs30/m4D/m4Dr6/mcs30_m4Dr6_s60.A09 fileNameGt=../../cp2016-max-common-connected-subgraph-paper/datasets/graphsdb/mcs30/m4D/m4Dr6/mcs30_m4Dr6_s60.B09
Reading graphs...
60 :  135
60 :  135
Initializing...
maxdom : 8
D->valSize : 256
Solving...
Blb : 2 (clique : 20)
currentSize : 20 <-- 0.003006 s
currentSize : 21 <-- 0.006022 s
currentSize : 22 <-- 0.095570 s
currentSize : 23 <-- 0.763107 s
currentSize : 24 <-- 2.835601 s
currentSize : 25 <-- 28.722031 s
currentSize : 26 <-- 86.401382 s

maxsize : 26
nodes : 21928738.000000
filtered : 184233453.000000
time : 103.960159
