Parameters: GAD=1 vflib=1 dir=0 label=0 vlabel=1 lowerbound=1 fileNameGp=../../cp2016-max-common-connected-subgraph-paper/datasets/graphsdb/mcs30/m2D/m2Dr2/mcs30_m2Dr2_s70.A06 fileNameGt=../../cp2016-max-common-connected-subgraph-paper/datasets/graphsdb/mcs30/m2D/m2Dr2/mcs30_m2Dr2_s70.B06
Reading graphs...
70 :  137
70 :  135
Initializing...
maxdom : 8
D->valSize : 322
Solving...
Blb : 2 (clique : 26)
currentSize : 26 <-- 0.002940 s
currentSize : 27 <-- 0.004009 s
currentSize : 28 <-- 0.004151 s
currentSize : 29 <-- 0.004947 s
currentSize : 30 <-- 0.048396 s
currentSize : 31 <-- 0.111081 s
currentSize : 32 <-- 0.156104 s
currentSize : 33 <-- 0.352078 s
currentSize : 34 <-- 662.800110 s

TIMEOUT
maxsize : 34
nodes : 192329986.000000
filtered : 1553833511.000000
time : 1000.000000
