Parameters: GAD=1 vflib=1 dir=0 label=0 vlabel=1 lowerbound=1 fileNameGp=../../cp2016-max-common-connected-subgraph-paper/datasets/graphsdb/mcs30/m4D/m4Dr2/mcs30_m4Dr2_s60.A02 fileNameGt=../../cp2016-max-common-connected-subgraph-paper/datasets/graphsdb/mcs30/m4D/m4Dr2/mcs30_m4Dr2_s60.B02
Reading graphs...
60 :  112
60 :  112
Initializing...
maxdom : 7
D->valSize : 240
Solving...
Blb : 2 (clique : 20)
currentSize : 20 <-- 0.001898 s
currentSize : 21 <-- 0.002033 s
currentSize : 22 <-- 0.002643 s
currentSize : 23 <-- 0.008532 s
currentSize : 24 <-- 0.013757 s
currentSize : 25 <-- 0.341230 s
currentSize : 26 <-- 7.589217 s
currentSize : 27 <-- 36.805592 s

maxsize : 27
nodes : 34757412.000000
filtered : 231350929.000000
time : 155.212738
