Parameters: GAD=1 vflib=1 dir=0 label=0 vlabel=1 lowerbound=1 fileNameGp=../../cp2016-max-common-connected-subgraph-paper/datasets/graphsdb/mcs30/bvg/b09m/mcs30_b09m_s70.A08 fileNameGt=../../cp2016-max-common-connected-subgraph-paper/datasets/graphsdb/mcs30/bvg/b09m/mcs30_b09m_s70.B08
Reading graphs...
70 :  306
70 :  305
Initializing...
maxdom : 10
D->valSize : 340
Solving...
Blb : 2 (clique : 17)
currentSize : 17 <-- 0.002766 s
currentSize : 18 <-- 0.002905 s
currentSize : 19 <-- 0.003895 s
currentSize : 20 <-- 0.006358 s
currentSize : 21 <-- 0.016182 s
currentSize : 22 <-- 0.030534 s
currentSize : 23 <-- 0.112358 s
currentSize : 24 <-- 1.683138 s
currentSize : 25 <-- 14.763372 s
currentSize : 26 <-- 79.391403 s

maxsize : 26
nodes : 23300437.000000
filtered : 233037565.000000
time : 128.822662
