Parameters: GAD=1 vflib=1 dir=0 label=0 vlabel=1 lowerbound=1 fileNameGp=../../cp2016-max-common-connected-subgraph-paper/datasets/graphsdb/mcs30/bvg/b03/mcs30_b03_s50.A03 fileNameGt=../../cp2016-max-common-connected-subgraph-paper/datasets/graphsdb/mcs30/bvg/b03/mcs30_b03_s50.B03
Reading graphs...
50 :  74
50 :  75
Initializing...
maxdom : 9
D->valSize : 345
Solving...
Blb : 2 (clique : 21)
currentSize : 21 <-- 0.002552 s
currentSize : 23 <-- 0.002669 s
currentSize : 24 <-- 0.002728 s
currentSize : 25 <-- 0.002812 s
currentSize : 27 <-- 0.002878 s
currentSize : 28 <-- 0.022410 s
currentSize : 29 <-- 104.190559 s
currentSize : 30 <-- 125.482391 s

maxsize : 30
nodes : 56275838.000000
filtered : 617413430.000000
time : 294.190369
