Parameters: GAD=1 vflib=1 dir=0 label=0 vlabel=1 lowerbound=1 fileNameGp=../../cp2016-max-common-connected-subgraph-paper/datasets/graphsdb/mcs30/m4D/m4Dr4/mcs30_m4Dr4_s90.A02 fileNameGt=../../cp2016-max-common-connected-subgraph-paper/datasets/graphsdb/mcs30/m4D/m4Dr4/mcs30_m4Dr4_s90.B02
Reading graphs...
90 :  179
90 :  178
Initializing...
maxdom : 10
D->valSize : 529
Solving...
Blb : 2 (clique : 34)
currentSize : 34 <-- 0.006127 s
currentSize : 35 <-- 0.006597 s
currentSize : 36 <-- 0.006936 s
currentSize : 37 <-- 0.007358 s
currentSize : 38 <-- 0.034130 s
currentSize : 39 <-- 450.321503 s

TIMEOUT
maxsize : 39
nodes : 157816813.000000
filtered : 1289748661.000000
time : 1000.000061
