Parameters: GAD=1 vflib=1 dir=0 label=0 vlabel=1 lowerbound=1 fileNameGp=../../cp2016-max-common-connected-subgraph-paper/datasets/graphsdb/mcs30/m3D/m3Dr2/mcs30_m3Dr2_s100.A03 fileNameGt=../../cp2016-max-common-connected-subgraph-paper/datasets/graphsdb/mcs30/m3D/m3Dr2/mcs30_m3Dr2_s100.B03
Reading graphs...
100 :  252
100 :  251
Initializing...
maxdom : 7
D->valSize : 345
Solving...
Blb : 2 (clique : 28)
currentSize : 28 <-- 0.003458 s
currentSize : 29 <-- 0.003968 s
currentSize : 30 <-- 0.004259 s
currentSize : 31 <-- 0.004780 s
currentSize : 32 <-- 0.090778 s
currentSize : 33 <-- 2.064830 s
currentSize : 34 <-- 3.429098 s
currentSize : 35 <-- 12.813016 s
currentSize : 36 <-- 197.757339 s

TIMEOUT
maxsize : 36
nodes : 181283921.000000
filtered : 853087237.000000
time : 1000.000061
