Parameters: GAD=1 vflib=1 dir=0 label=0 vlabel=1 lowerbound=1 fileNameGp=../../cp2016-max-common-connected-subgraph-paper/datasets/graphsdb/mcs30/bvg/b03m/mcs30_b03m_s90.A01 fileNameGt=../../cp2016-max-common-connected-subgraph-paper/datasets/graphsdb/mcs30/bvg/b03m/mcs30_b03m_s90.B01
Reading graphs...
90 :  135
90 :  133
Initializing...
maxdom : 12
D->valSize : 558
Solving...
Blb : 5 (clique : 38)
currentSize : 38 <-- 0.006854 s
currentSize : 39 <-- 0.007262 s
currentSize : 40 <-- 0.380147 s
currentSize : 41 <-- 1.245580 s
currentSize : 42 <-- 29.323849 s
currentSize : 43 <-- 390.779999 s

TIMEOUT
maxsize : 43
nodes : 180445130.000000
filtered : 1269182116.000000
time : 1000.000061
