Parameters: GAD=1 vflib=1 dir=0 label=0 vlabel=1 lowerbound=1 fileNameGp=../../cp2016-max-common-connected-subgraph-paper/datasets/graphsdb/mcs30/bvg/b09/mcs30_b09_s90.A09 fileNameGt=../../cp2016-max-common-connected-subgraph-paper/datasets/graphsdb/mcs30/bvg/b09/mcs30_b09_s90.B09
Reading graphs...
90 :  397
90 :  399
Initializing...
maxdom : 11
D->valSize : 534
Solving...
Blb : 2 (clique : 22)
currentSize : 22 <-- 0.009739 s
currentSize : 23 <-- 0.010192 s
currentSize : 24 <-- 0.010358 s
currentSize : 25 <-- 0.091822 s
currentSize : 26 <-- 0.343985 s
currentSize : 27 <-- 2.935372 s
currentSize : 28 <-- 3.191651 s

TIMEOUT
maxsize : 28
nodes : 168065505.000000
filtered : 1457101820.000000
time : 1000.000000
