Parameters: GAD=1 vflib=1 dir=0 label=0 vlabel=1 lowerbound=1 fileNameGp=../../cp2016-max-common-connected-subgraph-paper/datasets/graphsdb/mcs30/bvg/b03/mcs30_b03_s60.A02 fileNameGt=../../cp2016-max-common-connected-subgraph-paper/datasets/graphsdb/mcs30/bvg/b03/mcs30_b03_s60.B02
Reading graphs...
60 :  88
60 :  90
Initializing...
maxdom : 7
D->valSize : 249
Solving...
Blb : 3 (clique : 24)
currentSize : 24 <-- 0.003077 s
currentSize : 25 <-- 0.004419 s
currentSize : 26 <-- 0.004590 s
currentSize : 27 <-- 0.008392 s
currentSize : 28 <-- 0.011487 s
currentSize : 29 <-- 0.369253 s
currentSize : 30 <-- 2.269403 s
currentSize : 31 <-- 6.435514 s

maxsize : 31
nodes : 13883341.000000
filtered : 103078401.000000
time : 70.011681
