Parameters: GAD=1 vflib=1 dir=0 label=0 vlabel=1 lowerbound=1 fileNameGp=../../cp2016-max-common-connected-subgraph-paper/datasets/graphsdb/mcs30/bvg/b03m/mcs30_b03m_s90.A09 fileNameGt=../../cp2016-max-common-connected-subgraph-paper/datasets/graphsdb/mcs30/bvg/b03m/mcs30_b03m_s90.B09
Reading graphs...
90 :  134
90 :  134
Initializing...
maxdom : 9
D->valSize : 522
Solving...
Blb : 2 (clique : 37)
currentSize : 37 <-- 0.006180 s
currentSize : 38 <-- 0.006529 s
currentSize : 39 <-- 0.006675 s
currentSize : 40 <-- 0.006820 s
currentSize : 41 <-- 0.073845 s
currentSize : 42 <-- 0.076195 s
currentSize : 43 <-- 154.438416 s

TIMEOUT
maxsize : 43
nodes : 175372386.000000
filtered : 1234870249.000000
time : 1000.000061
