Parameters: GAD=1 vflib=1 dir=0 label=0 vlabel=1 lowerbound=1 fileNameGp=../../cp2016-max-common-connected-subgraph-paper/datasets/graphsdb/mcs30/rand/r01/mcs30_r01_s50.A00 fileNameGt=../../cp2016-max-common-connected-subgraph-paper/datasets/graphsdb/mcs30/rand/r01/mcs30_r01_s50.B00
Reading graphs...
50 :  236
50 :  232
Initializing...
maxdom : 10
D->valSize : 323
Solving...
Blb : 2 (clique : 12)
currentSize : 12 <-- 0.003561 s
currentSize : 13 <-- 0.003703 s
currentSize : 14 <-- 0.004882 s
currentSize : 15 <-- 0.032765 s
currentSize : 16 <-- 0.112675 s
currentSize : 17 <-- 1.352668 s
currentSize : 18 <-- 8.096025 s

maxsize : 18
nodes : 9863933.000000
filtered : 94374879.000000
time : 45.070393
