Parameters: GAD=1 vflib=1 dir=0 label=0 vlabel=1 lowerbound=1 fileNameGp=../../cp2016-max-common-connected-subgraph-paper/datasets/graphsdb/mcs30/m3D/m3Dr6/mcs30_m3Dr6_s70.A04 fileNameGt=../../cp2016-max-common-connected-subgraph-paper/datasets/graphsdb/mcs30/m3D/m3Dr6/mcs30_m3Dr6_s70.B04
Reading graphs...
70 :  199
70 :  197
Initializing...
maxdom : 9
D->valSize : 341
Solving...
Blb : 2 (clique : 21)
currentSize : 21 <-- 0.004575 s
currentSize : 22 <-- 0.017546 s
currentSize : 23 <-- 0.033822 s
currentSize : 24 <-- 0.066563 s
currentSize : 25 <-- 0.484695 s
currentSize : 26 <-- 82.576408 s
currentSize : 27 <-- 564.732605 s

TIMEOUT
maxsize : 27
nodes : 198084274.000000
filtered : 1510319258.000000
time : 1000.000000
