Parameters: GAD=1 vflib=1 dir=0 label=0 vlabel=1 lowerbound=1 fileNameGp=../../cp2016-max-common-connected-subgraph-paper/datasets/graphsdb/mcs30/m2D/m2Dr2/mcs30_m2Dr2_s60.A03 fileNameGt=../../cp2016-max-common-connected-subgraph-paper/datasets/graphsdb/mcs30/m2D/m2Dr2/mcs30_m2Dr2_s60.B03
Reading graphs...
60 :  116
60 :  115
Initializing...
maxdom : 9
D->valSize : 255
Solving...
Blb : 2 (clique : 23)
currentSize : 23 <-- 0.002063 s
currentSize : 24 <-- 0.002265 s
currentSize : 25 <-- 0.005068 s
currentSize : 26 <-- 0.060156 s
currentSize : 27 <-- 9.293258 s

maxsize : 27
nodes : 149824947.000000
filtered : 1117040477.000000
time : 750.078979
