Parameters: GAD=1 vflib=1 dir=0 label=0 vlabel=1 lowerbound=1 fileNameGp=../../cp2016-max-common-connected-subgraph-paper/datasets/graphsdb/mcs30/m2D/m2Dr4/mcs30_m2Dr4_s70.A01 fileNameGt=../../cp2016-max-common-connected-subgraph-paper/datasets/graphsdb/mcs30/m2D/m2Dr4/mcs30_m2Dr4_s70.B01
Reading graphs...
70 :  148
70 :  148
Initializing...
maxdom : 7
D->valSize : 327
Solving...
Blb : 3 (clique : 26)
currentSize : 26 <-- 0.002714 s
currentSize : 27 <-- 0.587730 s
currentSize : 28 <-- 1.181512 s
currentSize : 29 <-- 1.657480 s
currentSize : 30 <-- 32.700737 s
currentSize : 31 <-- 254.654419 s

TIMEOUT
maxsize : 31
nodes : 200053471.000000
filtered : 1376617729.000000
time : 1000.000000
