Parameters: GAD=1 vflib=1 dir=0 label=0 vlabel=1 lowerbound=1 fileNameGp=../../cp2016-max-common-connected-subgraph-paper/datasets/graphsdb/mcs30/m3D/m3D/mcs30_m3D_s90.A08 fileNameGt=../../cp2016-max-common-connected-subgraph-paper/datasets/graphsdb/mcs30/m3D/m3D/mcs30_m3D_s90.B08
Reading graphs...
90 :  207
90 :  208
Initializing...
maxdom : 10
D->valSize : 546
Solving...
Blb : 2 (clique : 29)
currentSize : 29 <-- 0.010643 s
currentSize : 30 <-- 0.011067 s
currentSize : 31 <-- 0.011508 s
currentSize : 32 <-- 0.016470 s
currentSize : 33 <-- 0.018760 s
currentSize : 34 <-- 0.039367 s
currentSize : 35 <-- 0.073218 s
currentSize : 36 <-- 0.085511 s
currentSize : 37 <-- 0.130342 s

TIMEOUT
maxsize : 37
nodes : 174232060.000000
filtered : 1361871948.000000
time : 1000.000061
