Parameters: GAD=1 vflib=1 dir=0 label=0 vlabel=1 lowerbound=1 fileNameGp=../../cp2016-max-common-connected-subgraph-paper/datasets/graphsdb/mcs30/m4D/m4Dr6/mcs30_m4Dr6_s90.A03 fileNameGt=../../cp2016-max-common-connected-subgraph-paper/datasets/graphsdb/mcs30/m4D/m4Dr6/mcs30_m4Dr6_s90.B03
Reading graphs...
90 :  194
90 :  197
Initializing...
maxdom : 8
D->valSize : 531
Solving...
Blb : 2 (clique : 33)
currentSize : 33 <-- 0.006171 s
currentSize : 34 <-- 0.013699 s
currentSize : 35 <-- 0.027003 s
currentSize : 36 <-- 0.191073 s
currentSize : 37 <-- 4.863448 s
currentSize : 38 <-- 27.795277 s
currentSize : 39 <-- 251.397018 s

TIMEOUT
maxsize : 39
nodes : 165255379.000000
filtered : 1113392550.000000
time : 1000.000061
