Parameters: GAD=1 vflib=1 dir=0 label=0 vlabel=1 lowerbound=1 fileNameGp=../../cp2016-max-common-connected-subgraph-paper/datasets/graphsdb/mcs30/bvg/b06m/mcs30_b06m_s50.A03 fileNameGt=../../cp2016-max-common-connected-subgraph-paper/datasets/graphsdb/mcs30/bvg/b06m/mcs30_b06m_s50.B03
Reading graphs...
50 :  145
50 :  147
Initializing...
maxdom : 8
D->valSize : 298
Solving...
Blb : 2 (clique : 15)
currentSize : 15 <-- 0.003251 s
currentSize : 16 <-- 0.003431 s
currentSize : 17 <-- 0.003563 s
currentSize : 18 <-- 0.004028 s
currentSize : 19 <-- 0.005583 s
currentSize : 20 <-- 0.007916 s
currentSize : 21 <-- 0.111559 s
currentSize : 22 <-- 19.474527 s

maxsize : 22
nodes : 6471705.000000
filtered : 67959467.000000
time : 31.246595
