Parameters: GAD=1 vflib=1 dir=0 label=0 vlabel=1 lowerbound=1 fileNameGp=../../cp2016-max-common-connected-subgraph-paper/datasets/graphsdb/mcs30/m4D/m4Dr2/mcs30_m4Dr2_s70.A09 fileNameGt=../../cp2016-max-common-connected-subgraph-paper/datasets/graphsdb/mcs30/m4D/m4Dr2/mcs30_m4Dr2_s70.B09
Reading graphs...
70 :  129
70 :  129
Initializing...
maxdom : 11
D->valSize : 325
Solving...
Blb : 2 (clique : 25)
currentSize : 25 <-- 0.004538 s
currentSize : 26 <-- 0.059232 s
currentSize : 27 <-- 0.127146 s
currentSize : 28 <-- 0.207706 s
currentSize : 29 <-- 0.215888 s
currentSize : 30 <-- 9.089889 s
currentSize : 31 <-- 29.031199 s
currentSize : 32 <-- 599.276672 s

TIMEOUT
maxsize : 32
nodes : 206974898.000000
filtered : 1422388691.000000
time : 1000.000061
