Parameters: GAD=1 vflib=1 dir=0 label=0 vlabel=1 lowerbound=1 fileNameGp=../../cp2016-max-common-connected-subgraph-paper/datasets/graphsdb/mcs30/rand/r005/mcs30_r005_s60.A02 fileNameGt=../../cp2016-max-common-connected-subgraph-paper/datasets/graphsdb/mcs30/rand/r005/mcs30_r005_s60.B02
Reading graphs...
60 :  176
60 :  175
Initializing...
maxdom : 8
D->valSize : 257
Solving...
Blb : 2 (clique : 18)
currentSize : 18 <-- 0.002993 s
currentSize : 19 <-- 0.005633 s
currentSize : 20 <-- 0.019998 s
currentSize : 21 <-- 0.046019 s
currentSize : 22 <-- 1.672537 s
currentSize : 23 <-- 6.564895 s

maxsize : 23
nodes : 21693029.000000
filtered : 161787834.000000
time : 104.303101
