Parameters: GAD=1 vflib=1 dir=0 label=0 vlabel=1 lowerbound=1 fileNameGp=../../cp2016-max-common-connected-subgraph-paper/datasets/graphsdb/mcs30/m2D/m2Dr4/mcs30_m2Dr4_s90.A01 fileNameGt=../../cp2016-max-common-connected-subgraph-paper/datasets/graphsdb/mcs30/m2D/m2Dr4/mcs30_m2Dr4_s90.B01
Reading graphs...
90 :  193
90 :  193
Initializing...
maxdom : 11
D->valSize : 516
Solving...
Blb : 2 (clique : 31)
currentSize : 31 <-- 0.005973 s
currentSize : 32 <-- 0.006656 s
currentSize : 33 <-- 0.301044 s
currentSize : 34 <-- 0.301379 s
currentSize : 35 <-- 1.608987 s
currentSize : 36 <-- 270.994385 s
currentSize : 37 <-- 386.528381 s

TIMEOUT
maxsize : 37
nodes : 186135997.000000
filtered : 1316129390.000000
time : 1000.000061
