Parameters: GAD=1 vflib=1 dir=0 label=0 vlabel=1 lowerbound=1 fileNameGp=../../cp2016-max-common-connected-subgraph-paper/datasets/graphsdb/mcs30/m3D/m3Dr4/mcs30_m3Dr4_s70.A05 fileNameGt=../../cp2016-max-common-connected-subgraph-paper/datasets/graphsdb/mcs30/m3D/m3Dr4/mcs30_m3Dr4_s70.B05
Reading graphs...
70 :  183
70 :  182
Initializing...
maxdom : 10
D->valSize : 334
Solving...
Blb : 2 (clique : 21)
currentSize : 21 <-- 0.002835 s
currentSize : 22 <-- 0.003000 s
currentSize : 23 <-- 0.003154 s
currentSize : 24 <-- 0.003951 s
currentSize : 25 <-- 0.004220 s
currentSize : 26 <-- 0.027034 s
currentSize : 27 <-- 0.027694 s
currentSize : 28 <-- 10.696710 s
currentSize : 29 <-- 32.769535 s
currentSize : 30 <-- 44.631695 s
currentSize : 31 <-- 168.155899 s
currentSize : 32 <-- 168.169968 s
currentSize : 33 <-- 168.180939 s

maxsize : 33
nodes : 103758650.000000
filtered : 919189403.000000
time : 559.960205
