Parameters: GAD=1 vflib=1 dir=0 label=0 vlabel=1 lowerbound=1 fileNameGp=../../cp2016-max-common-connected-subgraph-paper/datasets/graphsdb/mcs30/rand/r01/mcs30_r01_s100.A08 fileNameGt=../../cp2016-max-common-connected-subgraph-paper/datasets/graphsdb/mcs30/rand/r01/mcs30_r01_s100.B08
Reading graphs...
100 :  934
100 :  931
Initializing...
maxdom : 6
D->valSize : 320
Solving...
Blb : 2 (clique : 16)
currentSize : 16 <-- 0.004812 s
currentSize : 17 <-- 0.005143 s
currentSize : 18 <-- 0.005426 s
currentSize : 19 <-- 0.005867 s
currentSize : 20 <-- 0.006622 s
currentSize : 21 <-- 0.139914 s
currentSize : 22 <-- 0.223546 s
currentSize : 23 <-- 0.223876 s
currentSize : 24 <-- 0.436685 s
currentSize : 26 <-- 0.957975 s
currentSize : 27 <-- 30.559443 s
currentSize : 30 <-- 30.676376 s

maxsize : 30
nodes : 8053010.000000
filtered : 72779352.000000
time : 54.341282
