Parameters: GAD=1 vflib=1 dir=0 label=0 vlabel=1 lowerbound=1 fileNameGp=../../cp2016-max-common-connected-subgraph-paper/datasets/graphsdb/mcs30/m3D/m3Dr2/mcs30_m3Dr2_s90.A00 fileNameGt=../../cp2016-max-common-connected-subgraph-paper/datasets/graphsdb/mcs30/m3D/m3Dr2/mcs30_m3Dr2_s90.B00
Reading graphs...
90 :  227
90 :  227
Initializing...
maxdom : 8
D->valSize : 507
Solving...
Blb : 2 (clique : 27)
currentSize : 27 <-- 0.005752 s
currentSize : 28 <-- 0.006179 s
currentSize : 29 <-- 0.006794 s
currentSize : 30 <-- 0.076023 s
currentSize : 31 <-- 0.076342 s
currentSize : 32 <-- 1.072463 s
currentSize : 33 <-- 22.116112 s
currentSize : 34 <-- 30.845362 s
currentSize : 35 <-- 122.630432 s
currentSize : 36 <-- 306.270142 s

TIMEOUT
maxsize : 36
nodes : 185127759.000000
filtered : 1117866161.000000
time : 1000.000061
