Parameters: GAD=1 vflib=1 dir=0 label=0 vlabel=1 lowerbound=1 fileNameGp=../../cp2016-max-common-connected-subgraph-paper/datasets/graphsdb/mcs30/bvg/b03/mcs30_b03_s60.A01 fileNameGt=../../cp2016-max-common-connected-subgraph-paper/datasets/graphsdb/mcs30/bvg/b03/mcs30_b03_s60.B01
Reading graphs...
60 :  90
60 :  90
Initializing...
maxdom : 8
D->valSize : 240
Solving...
Blb : 2 (clique : 24)
currentSize : 24 <-- 0.002877 s
currentSize : 25 <-- 0.003199 s
currentSize : 26 <-- 0.003509 s
currentSize : 27 <-- 0.168564 s
currentSize : 28 <-- 7.746689 s
currentSize : 29 <-- 22.920439 s

TIMEOUT
maxsize : 29
nodes : 225365427.000000
filtered : 1408917722.000000
time : 1000.000000
