Parameters: GAD=1 vflib=1 dir=0 label=0 vlabel=1 lowerbound=1 fileNameGp=../../cp2016-max-common-connected-subgraph-paper/datasets/graphsdb/mcs30/rand/r01/mcs30_r01_s60.A03 fileNameGt=../../cp2016-max-common-connected-subgraph-paper/datasets/graphsdb/mcs30/rand/r01/mcs30_r01_s60.B03
Reading graphs...
60 :  336
60 :  335
Initializing...
maxdom : 7
D->valSize : 232
Solving...
Blb : 5 (clique : 12)
currentSize : 12 <-- 0.002616 s
currentSize : 14 <-- 0.002935 s
currentSize : 15 <-- 0.040898 s
currentSize : 16 <-- 0.216300 s
currentSize : 17 <-- 3.077271 s
currentSize : 18 <-- 4.015607 s
currentSize : 19 <-- 4.015667 s

maxsize : 19
nodes : 1988608.000000
filtered : 14339343.000000
time : 9.509290
