Parameters: GAD=1 vflib=1 dir=0 label=0 vlabel=1 lowerbound=1 fileNameGp=../../cp2016-max-common-connected-subgraph-paper/datasets/graphsdb/mcs30/m2D/m2Dr2/mcs30_m2Dr2_s50.A04 fileNameGt=../../cp2016-max-common-connected-subgraph-paper/datasets/graphsdb/mcs30/m2D/m2Dr2/mcs30_m2Dr2_s50.B04
Reading graphs...
50 :  93
50 :  94
Initializing...
maxdom : 10
D->valSize : 321
Solving...
Blb : 2 (clique : 21)
currentSize : 21 <-- 0.003858 s
currentSize : 22 <-- 0.006060 s
currentSize : 23 <-- 0.093757 s
currentSize : 24 <-- 0.094180 s
currentSize : 25 <-- 5.666681 s
currentSize : 26 <-- 7.841228 s

maxsize : 26
nodes : 53053123.000000
filtered : 695120740.000000
time : 270.224640
