Parameters: GAD=1 vflib=1 dir=0 label=0 vlabel=1 lowerbound=1 fileNameGp=../../cp2016-max-common-connected-subgraph-paper/datasets/graphsdb/mcs30/bvg/b09/mcs30_b09_s70.A00 fileNameGt=../../cp2016-max-common-connected-subgraph-paper/datasets/graphsdb/mcs30/bvg/b09/mcs30_b09_s70.B00
Reading graphs...
70 :  310
70 :  306
Initializing...
maxdom : 8
D->valSize : 338
Solving...
Blb : 2 (clique : 17)
currentSize : 17 <-- 0.002794 s
currentSize : 18 <-- 0.004844 s
currentSize : 19 <-- 0.065983 s
currentSize : 20 <-- 1.308020 s
currentSize : 21 <-- 4.790685 s
currentSize : 22 <-- 131.017853 s
currentSize : 23 <-- 131.018112 s
currentSize : 24 <-- 176.154938 s
currentSize : 25 <-- 219.609222 s
currentSize : 26 <-- 219.624420 s

maxsize : 26
nodes : 62680359.000000
filtered : 560688692.000000
time : 333.059937
