Parameters: GAD=1 vflib=1 dir=0 label=0 vlabel=1 lowerbound=1 fileNameGp=../../cp2016-max-common-connected-subgraph-paper/datasets/graphsdb/mcs30/m4D/m4D/mcs30_m4D_s60.A00 fileNameGt=../../cp2016-max-common-connected-subgraph-paper/datasets/graphsdb/mcs30/m4D/m4D/mcs30_m4D_s60.B00
Reading graphs...
60 :  101
60 :  102
Initializing...
maxdom : 7
D->valSize : 232
Solving...
Blb : 2 (clique : 22)
currentSize : 22 <-- 0.002725 s
currentSize : 23 <-- 0.003104 s
currentSize : 24 <-- 0.003687 s
currentSize : 25 <-- 0.004311 s
currentSize : 26 <-- 0.181541 s
currentSize : 27 <-- 0.690419 s
currentSize : 28 <-- 2.379669 s
currentSize : 29 <-- 485.610687 s

TIMEOUT
maxsize : 29
nodes : 205981375.000000
filtered : 1701677994.000000
time : 1000.000061
