Parameters: GAD=1 vflib=1 dir=0 label=0 vlabel=1 lowerbound=1 fileNameGp=../../cp2016-max-common-connected-subgraph-paper/datasets/graphsdb/mcs30/m2D/m2D/mcs30_m2D_s80.A06 fileNameGt=../../cp2016-max-common-connected-subgraph-paper/datasets/graphsdb/mcs30/m2D/m2D/mcs30_m2D_s80.B06
Reading graphs...
80 :  142
80 :  142
Initializing...
maxdom : 9
D->valSize : 434
Solving...
Blb : 2 (clique : 31)
currentSize : 31 <-- 0.007226 s
currentSize : 32 <-- 0.009471 s
currentSize : 33 <-- 0.010581 s
currentSize : 34 <-- 0.022214 s
currentSize : 35 <-- 0.335011 s
currentSize : 36 <-- 820.261047 s
currentSize : 37 <-- 839.111877 s

TIMEOUT
maxsize : 37
nodes : 193518363.000000
filtered : 1405399982.000000
time : 1000.000061
