Parameters: GAD=1 vflib=1 dir=0 label=0 vlabel=1 lowerbound=1 fileNameGp=../../cp2016-max-common-connected-subgraph-paper/datasets/graphsdb/mcs30/m4D/m4Dr6/mcs30_m4Dr6_s80.A03 fileNameGt=../../cp2016-max-common-connected-subgraph-paper/datasets/graphsdb/mcs30/m4D/m4Dr6/mcs30_m4Dr6_s80.B03
Reading graphs...
80 :  178
80 :  174
Initializing...
maxdom : 8
D->valSize : 447
Solving...
Blb : 2 (clique : 29)
currentSize : 29 <-- 0.007499 s
currentSize : 30 <-- 0.013007 s
currentSize : 31 <-- 0.027493 s
currentSize : 32 <-- 0.114430 s
currentSize : 33 <-- 0.231707 s
currentSize : 34 <-- 1.117041 s
currentSize : 35 <-- 2.796329 s
currentSize : 36 <-- 6.208172 s
currentSize : 37 <-- 7.023244 s
currentSize : 38 <-- 28.897335 s

TIMEOUT
maxsize : 38
nodes : 176491347.000000
filtered : 1441812598.000000
time : 1000.000061
