Parameters: GAD=1 vflib=1 dir=0 label=0 vlabel=1 lowerbound=1 fileNameGp=../../cp2016-max-common-connected-subgraph-paper/datasets/graphsdb/mcs30/m4D/m4Dr4/mcs30_m4Dr4_s50.A06 fileNameGt=../../cp2016-max-common-connected-subgraph-paper/datasets/graphsdb/mcs30/m4D/m4Dr4/mcs30_m4Dr4_s50.B06
Reading graphs...
50 :  107
50 :  104
Initializing...
maxdom : 16
D->valSize : 362
Solving...
Blb : 3 (clique : 18)
currentSize : 18 <-- 0.002854 s
currentSize : 19 <-- 0.003103 s
currentSize : 20 <-- 0.003321 s
currentSize : 21 <-- 0.008829 s
currentSize : 22 <-- 0.044652 s
currentSize : 23 <-- 0.482314 s
currentSize : 24 <-- 9.181525 s
currentSize : 25 <-- 20.154093 s

maxsize : 25
nodes : 6541981.000000
filtered : 77016045.000000
time : 32.784492
