Parameters: GAD=1 vflib=1 dir=0 label=0 vlabel=1 lowerbound=1 fileNameGp=../../cp2016-max-common-connected-subgraph-paper/datasets/graphsdb/mcs30/m4D/m4Dr4/mcs30_m4Dr4_s60.A05 fileNameGt=../../cp2016-max-common-connected-subgraph-paper/datasets/graphsdb/mcs30/m4D/m4Dr4/mcs30_m4Dr4_s60.B05
Reading graphs...
60 :  126
60 :  125
Initializing...
maxdom : 10
D->valSize : 273
Solving...
Blb : 3 (clique : 20)
currentSize : 20 <-- 0.003222 s
currentSize : 21 <-- 0.003817 s
currentSize : 22 <-- 0.004081 s
currentSize : 23 <-- 0.041892 s
currentSize : 24 <-- 0.058716 s
currentSize : 25 <-- 0.096795 s
currentSize : 26 <-- 88.608681 s

maxsize : 26
nodes : 48189058.000000
filtered : 416299059.000000
time : 234.741196
