Parameters: GAD=1 vflib=1 dir=0 label=0 vlabel=1 lowerbound=1 fileNameGp=../../cp2016-max-common-connected-subgraph-paper/datasets/graphsdb/mcs30/m2D/m2Dr6/mcs30_m2Dr6_s60.A04 fileNameGt=../../cp2016-max-common-connected-subgraph-paper/datasets/graphsdb/mcs30/m2D/m2Dr6/mcs30_m2Dr6_s60.B04
Reading graphs...
60 :  137
60 :  137
Initializing...
maxdom : 6
D->valSize : 241
Solving...
Blb : 2 (clique : 17)
currentSize : 17 <-- 0.001787 s
currentSize : 18 <-- 0.002087 s
currentSize : 19 <-- 0.124188 s
currentSize : 20 <-- 1.390687 s
currentSize : 21 <-- 1.391977 s
currentSize : 22 <-- 4.180517 s
currentSize : 23 <-- 15.168118 s
currentSize : 24 <-- 15.181324 s
currentSize : 25 <-- 17.054661 s

maxsize : 25
nodes : 13212674.000000
filtered : 92437278.000000
time : 62.176048
