Parameters: GAD=1 vflib=1 dir=0 label=0 vlabel=1 lowerbound=1 fileNameGp=../../cp2016-max-common-connected-subgraph-paper/datasets/graphsdb/mcs30/bvg/b06m/mcs30_b06m_s50.A05 fileNameGt=../../cp2016-max-common-connected-subgraph-paper/datasets/graphsdb/mcs30/bvg/b06m/mcs30_b06m_s50.B05
Reading graphs...
50 :  143
50 :  144
Initializing...
maxdom : 9
D->valSize : 329
Solving...
Blb : 5 (clique : 18)
currentSize : 18 <-- 0.003946 s
currentSize : 19 <-- 0.004109 s
currentSize : 20 <-- 0.004256 s
currentSize : 21 <-- 0.024432 s
currentSize : 22 <-- 0.086610 s
currentSize : 23 <-- 0.094116 s
currentSize : 24 <-- 0.192889 s

maxsize : 24
nodes : 5091657.000000
filtered : 66936505.000000
time : 26.849405
