Parameters: GAD=1 vflib=1 dir=0 label=0 vlabel=1 lowerbound=1 fileNameGp=../../cp2016-max-common-connected-subgraph-paper/datasets/graphsdb/mcs30/bvg/b06m/mcs30_b06m_s70.A07 fileNameGt=../../cp2016-max-common-connected-subgraph-paper/datasets/graphsdb/mcs30/bvg/b06m/mcs30_b06m_s70.B07
Reading graphs...
70 :  209
70 :  207
Initializing...
maxdom : 10
D->valSize : 282
Solving...
Blb : 5 (clique : 18)
currentSize : 18 <-- 0.002117 s
currentSize : 19 <-- 0.003207 s
currentSize : 20 <-- 0.003241 s
currentSize : 21 <-- 0.003637 s
currentSize : 22 <-- 0.031991 s
currentSize : 23 <-- 1.726490 s
currentSize : 24 <-- 1.754892 s
currentSize : 25 <-- 11.821023 s
currentSize : 26 <-- 170.180298 s
currentSize : 27 <-- 240.676559 s
currentSize : 28 <-- 240.677734 s
currentSize : 29 <-- 270.403351 s

maxsize : 29
nodes : 57085275.000000
filtered : 471152395.000000
time : 294.405518
