Parameters: GAD=1 vflib=1 dir=0 label=0 vlabel=1 lowerbound=1 fileNameGp=../../cp2016-max-common-connected-subgraph-paper/datasets/graphsdb/mcs30/m2D/m2D/mcs30_m2D_s70.A00 fileNameGt=../../cp2016-max-common-connected-subgraph-paper/datasets/graphsdb/mcs30/m2D/m2D/mcs30_m2D_s70.B00
Reading graphs...
70 :  122
70 :  122
Initializing...
maxdom : 10
D->valSize : 305
Solving...
Blb : 2 (clique : 25)
currentSize : 25 <-- 0.002474 s
currentSize : 26 <-- 0.014619 s
currentSize : 27 <-- 0.048281 s
currentSize : 28 <-- 0.068159 s
currentSize : 29 <-- 1.088433 s
currentSize : 30 <-- 3.381275 s
currentSize : 31 <-- 5.013956 s
currentSize : 32 <-- 22.162027 s
currentSize : 33 <-- 81.554367 s
currentSize : 34 <-- 484.588989 s
currentSize : 35 <-- 488.443848 s

maxsize : 35
nodes : 124221609.000000
filtered : 881963321.000000
time : 636.279602
