Parameters: GAD=1 vflib=1 dir=0 label=0 vlabel=1 lowerbound=1 fileNameGp=../../cp2016-max-common-connected-subgraph-paper/datasets/graphsdb/mcs30/rand/r005/mcs30_r005_s70.A04 fileNameGt=../../cp2016-max-common-connected-subgraph-paper/datasets/graphsdb/mcs30/rand/r005/mcs30_r005_s70.B04
Reading graphs...
70 :  235
70 :  235
Initializing...
maxdom : 8
D->valSize : 301
Solving...
Blb : 2 (clique : 22)
currentSize : 22 <-- 0.003960 s
currentSize : 23 <-- 0.643432 s
currentSize : 24 <-- 1.291609 s
currentSize : 25 <-- 2.060867 s
currentSize : 26 <-- 3.835204 s
currentSize : 27 <-- 366.934204 s

maxsize : 27
nodes : 120687770.000000
filtered : 973159633.000000
time : 631.765564
