Parameters: GAD=1 vflib=1 dir=0 label=0 vlabel=1 lowerbound=1 fileNameGp=../../cp2016-max-common-connected-subgraph-paper/datasets/graphsdb/mcs30/bvg/b06m/mcs30_b06m_s100.A07 fileNameGt=../../cp2016-max-common-connected-subgraph-paper/datasets/graphsdb/mcs30/bvg/b06m/mcs30_b06m_s100.B07
Reading graphs...
100 :  291
100 :  296
Initializing...
maxdom : 6
D->valSize : 335
Solving...
Blb : 2 (clique : 30)
currentSize : 30 <-- 0.003328 s
currentSize : 32 <-- 0.003744 s
currentSize : 33 <-- 0.003967 s
currentSize : 34 <-- 0.004357 s
currentSize : 35 <-- 0.005437 s
currentSize : 36 <-- 0.007004 s
currentSize : 37 <-- 0.056115 s
currentSize : 38 <-- 0.067461 s
currentSize : 39 <-- 51.580647 s
currentSize : 40 <-- 195.576569 s

TIMEOUT
maxsize : 40
nodes : 187494421.000000
filtered : 743520004.000000
time : 1000.000061
