Parameters: GAD=1 vflib=1 dir=0 label=0 vlabel=1 lowerbound=1 fileNameGp=../../cp2016-max-common-connected-subgraph-paper/datasets/graphsdb/mcs30/rand/r005/mcs30_r005_s70.A01 fileNameGt=../../cp2016-max-common-connected-subgraph-paper/datasets/graphsdb/mcs30/rand/r005/mcs30_r005_s70.B01
Reading graphs...
70 :  235
70 :  234
Initializing...
maxdom : 10
D->valSize : 302
Solving...
Blb : 3 (clique : 20)
currentSize : 20 <-- 0.002466 s
currentSize : 21 <-- 0.013053 s
currentSize : 22 <-- 0.042389 s
currentSize : 23 <-- 0.061092 s
currentSize : 24 <-- 2.114995 s
currentSize : 25 <-- 2.201556 s
currentSize : 26 <-- 141.359940 s

maxsize : 26
nodes : 125219925.000000
filtered : 1108881370.000000
time : 682.951721
