Parameters: GAD=1 vflib=1 dir=0 label=0 vlabel=1 lowerbound=1 fileNameGp=../../cp2016-max-common-connected-subgraph-paper/datasets/graphsdb/mcs30/m2D/m2Dr2/mcs30_m2Dr2_s70.A03 fileNameGt=../../cp2016-max-common-connected-subgraph-paper/datasets/graphsdb/mcs30/m2D/m2Dr2/mcs30_m2Dr2_s70.B03
Reading graphs...
70 :  135
70 :  134
Initializing...
maxdom : 9
D->valSize : 308
Solving...
Blb : 2 (clique : 26)
currentSize : 26 <-- 0.002650 s
currentSize : 27 <-- 0.021424 s
currentSize : 28 <-- 0.059939 s
currentSize : 29 <-- 0.101196 s
currentSize : 30 <-- 40.314423 s
currentSize : 31 <-- 124.517136 s
currentSize : 32 <-- 125.112053 s
currentSize : 33 <-- 412.118073 s

TIMEOUT
maxsize : 33
nodes : 207506698.000000
filtered : 1412984050.000000
time : 1000.000000
