Parameters: GAD=1 vflib=1 dir=0 label=0 vlabel=1 lowerbound=1 fileNameGp=../../cp2016-max-common-connected-subgraph-paper/datasets/graphsdb/mcs30/bvg/b09m/mcs30_b09m_s70.A06 fileNameGt=../../cp2016-max-common-connected-subgraph-paper/datasets/graphsdb/mcs30/bvg/b09m/mcs30_b09m_s70.B06
Reading graphs...
70 :  304
70 :  308
Initializing...
maxdom : 10
D->valSize : 358
Solving...
Blb : 3 (clique : 18)
currentSize : 18 <-- 0.003008 s
currentSize : 19 <-- 0.004263 s
currentSize : 20 <-- 0.019293 s
currentSize : 21 <-- 0.116923 s
currentSize : 22 <-- 0.577163 s
currentSize : 23 <-- 3.527048 s
currentSize : 24 <-- 20.954847 s
currentSize : 25 <-- 61.941998 s

maxsize : 25
nodes : 86564507.000000
filtered : 993109537.000000
time : 484.262695
