Parameters: GAD=1 vflib=1 dir=0 label=0 vlabel=1 lowerbound=1 fileNameGp=../../cp2016-max-common-connected-subgraph-paper/datasets/graphsdb/mcs30/rand/r005/mcs30_r005_s60.A07 fileNameGt=../../cp2016-max-common-connected-subgraph-paper/datasets/graphsdb/mcs30/rand/r005/mcs30_r005_s60.B07
Reading graphs...
60 :  175
60 :  176
Initializing...
maxdom : 7
D->valSize : 259
Solving...
Blb : 2 (clique : 16)
currentSize : 16 <-- 0.003126 s
currentSize : 17 <-- 0.003364 s
currentSize : 18 <-- 0.005664 s
currentSize : 19 <-- 0.012201 s
currentSize : 20 <-- 0.012781 s
currentSize : 21 <-- 0.183059 s
currentSize : 22 <-- 7.398740 s
currentSize : 23 <-- 24.643745 s

maxsize : 23
nodes : 40025724.000000
filtered : 327966156.000000
time : 196.615997
