Parameters: GAD=1 vflib=1 dir=0 label=0 vlabel=1 lowerbound=1 fileNameGp=../../cp2016-max-common-connected-subgraph-paper/datasets/graphsdb/mcs30/m2D/m2D/mcs30_m2D_s100.A04 fileNameGt=../../cp2016-max-common-connected-subgraph-paper/datasets/graphsdb/mcs30/m2D/m2D/mcs30_m2D_s100.B04
Reading graphs...
100 :  179
100 :  179
Initializing...
maxdom : 7
D->valSize : 324
Solving...
Blb : 2 (clique : 36)
currentSize : 36 <-- 0.005471 s
currentSize : 37 <-- 0.005928 s
currentSize : 38 <-- 0.006041 s
currentSize : 39 <-- 0.006290 s
currentSize : 40 <-- 0.023750 s
currentSize : 41 <-- 12.757570 s
currentSize : 42 <-- 78.390465 s
currentSize : 43 <-- 230.328644 s
currentSize : 44 <-- 244.287552 s
currentSize : 45 <-- 646.894226 s
currentSize : 46 <-- 648.442932 s

TIMEOUT
maxsize : 46
nodes : 189280130.000000
filtered : 737874749.000000
time : 1000.000061
