Parameters: GAD=1 vflib=1 dir=0 label=0 vlabel=1 lowerbound=1 fileNameGp=../../cp2016-max-common-connected-subgraph-paper/datasets/graphsdb/mcs30/bvg/b06m/mcs30_b06m_s90.A02 fileNameGt=../../cp2016-max-common-connected-subgraph-paper/datasets/graphsdb/mcs30/bvg/b06m/mcs30_b06m_s90.B02
Reading graphs...
90 :  262
90 :  267
Initializing...
maxdom : 11
D->valSize : 562
Solving...
Blb : 2 (clique : 29)
currentSize : 29 <-- 0.010915 s
currentSize : 30 <-- 0.011391 s
currentSize : 31 <-- 0.026892 s
currentSize : 32 <-- 0.039490 s
currentSize : 33 <-- 0.066429 s
currentSize : 34 <-- 45.168064 s

TIMEOUT
maxsize : 34
nodes : 174054122.000000
filtered : 1408816278.000000
time : 1000.000061
