Parameters: GAD=1 vflib=1 dir=0 label=0 vlabel=1 lowerbound=1 fileNameGp=../../cp2016-max-common-connected-subgraph-paper/datasets/graphsdb/mcs30/m4D/m4Dr2/mcs30_m4Dr2_s70.A01 fileNameGt=../../cp2016-max-common-connected-subgraph-paper/datasets/graphsdb/mcs30/m4D/m4Dr2/mcs30_m4Dr2_s70.B01
Reading graphs...
70 :  131
70 :  131
Initializing...
maxdom : 9
D->valSize : 310
Solving...
Blb : 2 (clique : 24)
currentSize : 24 <-- 0.004212 s
currentSize : 25 <-- 0.013472 s
currentSize : 26 <-- 0.119975 s
currentSize : 27 <-- 0.869910 s
currentSize : 28 <-- 2.018078 s
currentSize : 29 <-- 12.940046 s
currentSize : 30 <-- 552.023926 s

TIMEOUT
maxsize : 30
nodes : 222005131.000000
filtered : 1256245800.000000
time : 1000.000000
