Parameters: GAD=1 vflib=1 dir=0 label=0 vlabel=1 lowerbound=1 fileNameGp=../../cp2016-max-common-connected-subgraph-paper/datasets/graphsdb/mcs30/rand/r02/mcs30_r02_s60.A09 fileNameGt=../../cp2016-max-common-connected-subgraph-paper/datasets/graphsdb/mcs30/rand/r02/mcs30_r02_s60.B09
Reading graphs...
60 :  630
60 :  634
Initializing...
maxdom : 7
D->valSize : 251
Solving...
Blb : 2 (clique : 9)
currentSize : 9 <-- 0.001829 s
currentSize : 10 <-- 0.001955 s
currentSize : 11 <-- 0.004478 s
currentSize : 12 <-- 0.018473 s
currentSize : 13 <-- 0.217154 s
currentSize : 14 <-- 0.302260 s
currentSize : 15 <-- 0.313059 s
currentSize : 16 <-- 0.353116 s
currentSize : 17 <-- 0.353941 s
currentSize : 18 <-- 0.376761 s

maxsize : 18
nodes : 171495.000000
filtered : 1471699.000000
time : 0.848555
