Parameters: GAD=1 vflib=1 dir=0 label=0 vlabel=1 lowerbound=1 fileNameGp=../../cp2016-max-common-connected-subgraph-paper/datasets/graphsdb/mcs30/m3D/m3Dr2/mcs30_m3Dr2_s100.A09 fileNameGt=../../cp2016-max-common-connected-subgraph-paper/datasets/graphsdb/mcs30/m3D/m3Dr2/mcs30_m3Dr2_s100.B09
Reading graphs...
100 :  253
100 :  253
Initializing...
maxdom : 7
D->valSize : 326
Solving...
Blb : 2 (clique : 29)
currentSize : 29 <-- 0.005357 s
currentSize : 31 <-- 0.006448 s
currentSize : 32 <-- 0.116302 s
currentSize : 33 <-- 14.918358 s
currentSize : 34 <-- 51.421574 s
currentSize : 35 <-- 122.644363 s

TIMEOUT
maxsize : 35
nodes : 174445799.000000
filtered : 939658096.000000
time : 1000.000061
