Parameters: GAD=1 vflib=1 dir=0 label=0 vlabel=1 lowerbound=1 fileNameGp=../../cp2016-max-common-connected-subgraph-paper/datasets/graphsdb/mcs30/bvg/b09/mcs30_b09_s70.A03 fileNameGt=../../cp2016-max-common-connected-subgraph-paper/datasets/graphsdb/mcs30/bvg/b09/mcs30_b09_s70.B03
Reading graphs...
70 :  305
70 :  313
Initializing...
maxdom : 9
D->valSize : 302
Solving...
Blb : 2 (clique : 15)
currentSize : 15 <-- 0.002439 s
currentSize : 16 <-- 0.002600 s
currentSize : 17 <-- 0.003548 s
currentSize : 18 <-- 0.004933 s
currentSize : 19 <-- 0.039921 s
currentSize : 20 <-- 0.439658 s
currentSize : 21 <-- 6.612532 s
currentSize : 22 <-- 6.620109 s
currentSize : 23 <-- 37.004803 s
currentSize : 24 <-- 99.665146 s

maxsize : 24
nodes : 42763962.000000
filtered : 348188571.000000
time : 222.789536
