Parameters: GAD=1 vflib=1 dir=0 label=0 vlabel=1 lowerbound=1 fileNameGp=../../cp2016-max-common-connected-subgraph-paper/datasets/graphsdb/mcs30/m4D/m4Dr4/mcs30_m4Dr4_s90.A05 fileNameGt=../../cp2016-max-common-connected-subgraph-paper/datasets/graphsdb/mcs30/m4D/m4Dr4/mcs30_m4Dr4_s90.B05
Reading graphs...
90 :  180
90 :  179
Initializing...
maxdom : 12
D->valSize : 491
Solving...
Blb : 2 (clique : 32)
currentSize : 32 <-- 0.006392 s
currentSize : 33 <-- 0.006672 s
currentSize : 34 <-- 0.006904 s
currentSize : 35 <-- 0.080822 s
currentSize : 36 <-- 0.123173 s
currentSize : 37 <-- 74.101021 s
currentSize : 38 <-- 131.601898 s
currentSize : 39 <-- 173.832169 s
currentSize : 40 <-- 201.559799 s

TIMEOUT
maxsize : 40
nodes : 171781476.000000
filtered : 1361164641.000000
time : 1000.000061
