Parameters: GAD=1 vflib=1 dir=0 label=0 vlabel=1 lowerbound=1 fileNameGp=../../cp2016-max-common-connected-subgraph-paper/datasets/graphsdb/mcs30/m2D/m2D/mcs30_m2D_s100.A00 fileNameGt=../../cp2016-max-common-connected-subgraph-paper/datasets/graphsdb/mcs30/m2D/m2D/mcs30_m2D_s100.B00
Reading graphs...
100 :  178
100 :  180
Initializing...
maxdom : 8
D->valSize : 337
Solving...
Blb : 2 (clique : 34)
currentSize : 34 <-- 0.003621 s
currentSize : 35 <-- 0.004546 s
currentSize : 36 <-- 0.006230 s
currentSize : 37 <-- 0.240949 s
currentSize : 38 <-- 21.745575 s
currentSize : 39 <-- 331.304993 s
currentSize : 40 <-- 633.571838 s

TIMEOUT
maxsize : 40
nodes : 198830441.000000
filtered : 751361037.000000
time : 1000.000061
