Parameters: GAD=1 vflib=1 dir=0 label=0 vlabel=1 lowerbound=1 fileNameGp=../../cp2016-max-common-connected-subgraph-paper/datasets/graphsdb/mcs30/bvg/b06m/mcs30_b06m_s90.A03 fileNameGt=../../cp2016-max-common-connected-subgraph-paper/datasets/graphsdb/mcs30/bvg/b06m/mcs30_b06m_s90.B03
Reading graphs...
90 :  267
90 :  266
Initializing...
maxdom : 10
D->valSize : 539
Solving...
Blb : 2 (clique : 25)
currentSize : 25 <-- 0.007256 s
currentSize : 27 <-- 0.007462 s
currentSize : 28 <-- 0.010231 s
currentSize : 29 <-- 0.080043 s
currentSize : 30 <-- 0.572518 s
currentSize : 31 <-- 17.670605 s
currentSize : 32 <-- 18.441776 s
currentSize : 33 <-- 364.889191 s
currentSize : 34 <-- 416.608398 s
currentSize : 35 <-- 435.534180 s
currentSize : 36 <-- 773.653015 s

TIMEOUT
maxsize : 36
nodes : 163216899.000000
filtered : 1494095938.000000
time : 1000.000061
