Parameters: GAD=1 vflib=1 dir=0 label=0 vlabel=1 lowerbound=1 fileNameGp=../../cp2016-max-common-connected-subgraph-paper/datasets/graphsdb/mcs30/m2D/m2Dr2/mcs30_m2Dr2_s60.A07 fileNameGt=../../cp2016-max-common-connected-subgraph-paper/datasets/graphsdb/mcs30/m2D/m2Dr2/mcs30_m2Dr2_s60.B07
Reading graphs...
60 :  115
60 :  115
Initializing...
maxdom : 6
D->valSize : 248
Solving...
Blb : 2 (clique : 22)
currentSize : 22 <-- 0.001967 s
currentSize : 23 <-- 0.068329 s
currentSize : 24 <-- 0.074281 s
currentSize : 25 <-- 2.770760 s
currentSize : 26 <-- 10.929911 s
currentSize : 27 <-- 81.460976 s
currentSize : 28 <-- 284.678741 s

maxsize : 28
nodes : 189748071.000000
filtered : 1320223761.000000
time : 870.196411
