Parameters: GAD=1 vflib=1 dir=0 label=0 vlabel=1 lowerbound=1 fileNameGp=../../cp2016-max-common-connected-subgraph-paper/datasets/graphsdb/mcs30/bvg/b06m/mcs30_b06m_s100.A06 fileNameGt=../../cp2016-max-common-connected-subgraph-paper/datasets/graphsdb/mcs30/bvg/b06m/mcs30_b06m_s100.B06
Reading graphs...
100 :  294
100 :  291
Initializing...
maxdom : 7
D->valSize : 337
Solving...
Blb : 2 (clique : 27)
currentSize : 27 <-- 0.005582 s
currentSize : 28 <-- 0.007640 s
currentSize : 29 <-- 0.008022 s
currentSize : 30 <-- 0.411676 s
currentSize : 31 <-- 1.753867 s
currentSize : 32 <-- 50.499111 s
currentSize : 33 <-- 114.963219 s
currentSize : 34 <-- 292.166595 s
currentSize : 35 <-- 331.484680 s

TIMEOUT
maxsize : 35
nodes : 173751705.000000
filtered : 945974011.000000
time : 1000.000061
