Parameters: GAD=1 vflib=1 dir=0 label=0 vlabel=1 lowerbound=1 fileNameGp=../../cp2016-max-common-connected-subgraph-paper/datasets/graphsdb/mcs30/rand/r01/mcs30_r01_s100.A02 fileNameGt=../../cp2016-max-common-connected-subgraph-paper/datasets/graphsdb/mcs30/rand/r01/mcs30_r01_s100.B02
Reading graphs...
100 :  940
100 :  945
Initializing...
maxdom : 8
D->valSize : 365
Solving...
Blb : 2 (clique : 14)
currentSize : 14 <-- 0.005704 s
currentSize : 15 <-- 0.048285 s
currentSize : 16 <-- 0.055083 s
currentSize : 17 <-- 0.174724 s
currentSize : 18 <-- 0.463165 s
currentSize : 19 <-- 2.759655 s
currentSize : 20 <-- 3.063097 s
currentSize : 21 <-- 3.122745 s
currentSize : 22 <-- 3.228650 s
currentSize : 23 <-- 4.637320 s
currentSize : 24 <-- 7.973270 s
currentSize : 25 <-- 27.618832 s
currentSize : 26 <-- 27.619101 s
currentSize : 27 <-- 52.974319 s
currentSize : 28 <-- 53.063652 s
currentSize : 30 <-- 53.568802 s

maxsize : 30
nodes : 11604163.000000
filtered : 108373047.000000
time : 78.038979
