Parameters: GAD=1 vflib=1 dir=0 label=0 vlabel=1 lowerbound=1 fileNameGp=../../cp2016-max-common-connected-subgraph-paper/datasets/graphsdb/mcs30/m4D/m4Dr4/mcs30_m4Dr4_s50.A04 fileNameGt=../../cp2016-max-common-connected-subgraph-paper/datasets/graphsdb/mcs30/m4D/m4Dr4/mcs30_m4Dr4_s50.B04
Reading graphs...
50 :  104
50 :  105
Initializing...
maxdom : 12
D->valSize : 323
Solving...
Blb : 2 (clique : 17)
currentSize : 17 <-- 0.003890 s
currentSize : 19 <-- 0.004051 s
currentSize : 20 <-- 0.005337 s
currentSize : 21 <-- 0.006818 s
currentSize : 22 <-- 0.011076 s
currentSize : 23 <-- 0.091158 s
currentSize : 24 <-- 1.776461 s
currentSize : 25 <-- 16.439840 s
currentSize : 26 <-- 55.377041 s

maxsize : 26
nodes : 14584913.000000
filtered : 186076902.000000
time : 71.481163
