Parameters: GAD=1 vflib=1 dir=0 label=0 vlabel=1 lowerbound=1 fileNameGp=../../cp2016-max-common-connected-subgraph-paper/datasets/graphsdb/mcs30/rand/r01/mcs30_r01_s100.A00 fileNameGt=../../cp2016-max-common-connected-subgraph-paper/datasets/graphsdb/mcs30/rand/r01/mcs30_r01_s100.B00
Reading graphs...
100 :  932
100 :  946
Initializing...
maxdom : 6
D->valSize : 324
Solving...
Blb : 2 (clique : 15)
currentSize : 15 <-- 0.003268 s
currentSize : 16 <-- 0.006729 s
currentSize : 17 <-- 0.132597 s
currentSize : 18 <-- 0.177171 s
currentSize : 19 <-- 0.601904 s
currentSize : 21 <-- 1.361657 s
currentSize : 22 <-- 6.763611 s
currentSize : 24 <-- 7.005986 s
currentSize : 25 <-- 23.461876 s
currentSize : 26 <-- 37.508781 s
currentSize : 27 <-- 37.560604 s
currentSize : 28 <-- 41.119862 s
currentSize : 30 <-- 66.160362 s

maxsize : 30
nodes : 13161546.000000
filtered : 104937686.000000
time : 85.986511
