Parameters: GAD=1 vflib=1 dir=0 label=0 vlabel=1 lowerbound=1 fileNameGp=../../cp2016-max-common-connected-subgraph-paper/datasets/graphsdb/mcs30/bvg/b09m/mcs30_b09m_s60.A09 fileNameGt=../../cp2016-max-common-connected-subgraph-paper/datasets/graphsdb/mcs30/bvg/b09m/mcs30_b09m_s60.B09
Reading graphs...
60 :  261
60 :  258
Initializing...
maxdom : 7
D->valSize : 248
Solving...
Blb : 2 (clique : 15)
currentSize : 15 <-- 0.002785 s
currentSize : 16 <-- 0.009218 s
currentSize : 17 <-- 0.018081 s
currentSize : 18 <-- 0.032880 s
currentSize : 19 <-- 0.769408 s
currentSize : 20 <-- 1.557996 s
currentSize : 21 <-- 1.559440 s
currentSize : 22 <-- 14.916961 s

maxsize : 22
nodes : 4781351.000000
filtered : 35733968.000000
time : 22.735950
