Parameters: GAD=1 vflib=1 dir=0 label=0 vlabel=1 lowerbound=1 fileNameGp=../../cp2016-max-common-connected-subgraph-paper/datasets/graphsdb/mcs30/bvg/b06m/mcs30_b06m_s100.A05 fileNameGt=../../cp2016-max-common-connected-subgraph-paper/datasets/graphsdb/mcs30/bvg/b06m/mcs30_b06m_s100.B05
Reading graphs...
100 :  294
100 :  295
Initializing...
maxdom : 9
D->valSize : 360
Solving...
Blb : 2 (clique : 30)
currentSize : 30 <-- 0.003662 s
currentSize : 31 <-- 0.004025 s
currentSize : 32 <-- 0.006091 s
currentSize : 33 <-- 0.026522 s
currentSize : 34 <-- 0.041206 s
currentSize : 35 <-- 0.041464 s
currentSize : 36 <-- 1.385423 s

TIMEOUT
maxsize : 36
nodes : 178700359.000000
filtered : 934441397.000000
time : 1000.000061
