Parameters: GAD=1 vflib=1 dir=0 label=0 vlabel=1 lowerbound=1 fileNameGp=../../cp2016-max-common-connected-subgraph-paper/datasets/graphsdb/mcs30/m2D/m2Dr2/mcs30_m2Dr2_s100.A00 fileNameGt=../../cp2016-max-common-connected-subgraph-paper/datasets/graphsdb/mcs30/m2D/m2Dr2/mcs30_m2Dr2_s100.B00
Reading graphs...
100 :  197
100 :  197
Initializing...
maxdom : 7
D->valSize : 339
Solving...
Blb : 5 (clique : 30)
currentSize : 30 <-- 0.003559 s
currentSize : 31 <-- 0.003901 s
currentSize : 32 <-- 0.004269 s
currentSize : 33 <-- 0.004554 s
currentSize : 34 <-- 0.009899 s
currentSize : 35 <-- 0.010190 s
currentSize : 36 <-- 0.391621 s
currentSize : 37 <-- 0.842629 s
currentSize : 38 <-- 261.574463 s
currentSize : 39 <-- 416.718628 s
currentSize : 40 <-- 417.186676 s

TIMEOUT
maxsize : 40
nodes : 190294371.000000
filtered : 818572409.000000
time : 1000.000061
