Parameters: GAD=1 vflib=1 dir=0 label=0 vlabel=1 lowerbound=1 fileNameGp=../../cp2016-max-common-connected-subgraph-paper/datasets/graphsdb/mcs30/rand/r01/mcs30_r01_s50.A06 fileNameGt=../../cp2016-max-common-connected-subgraph-paper/datasets/graphsdb/mcs30/rand/r01/mcs30_r01_s50.B06
Reading graphs...
50 :  235
50 :  226
Initializing...
maxdom : 10
D->valSize : 307
Solving...
Blb : 2 (clique : 12)
currentSize : 12 <-- 0.002045 s
currentSize : 13 <-- 0.002151 s
currentSize : 14 <-- 0.002296 s
currentSize : 15 <-- 0.002586 s
currentSize : 16 <-- 0.049973 s
currentSize : 17 <-- 0.390568 s
currentSize : 18 <-- 0.400321 s

maxsize : 18
nodes : 2369514.000000
filtered : 25377805.000000
time : 11.378768
