Parameters: GAD=1 vflib=1 dir=0 label=0 vlabel=1 lowerbound=1 fileNameGp=../../cp2016-max-common-connected-subgraph-paper/datasets/graphsdb/mcs30/bvg/b06m/mcs30_b06m_s70.A01 fileNameGt=../../cp2016-max-common-connected-subgraph-paper/datasets/graphsdb/mcs30/bvg/b06m/mcs30_b06m_s70.B01
Reading graphs...
70 :  205
70 :  207
Initializing...
maxdom : 8
D->valSize : 318
Solving...
Blb : 2 (clique : 21)
currentSize : 21 <-- 0.002650 s
currentSize : 22 <-- 0.002897 s
currentSize : 23 <-- 0.006581 s
currentSize : 24 <-- 0.049464 s
currentSize : 25 <-- 0.784953 s
currentSize : 26 <-- 6.490919 s
currentSize : 27 <-- 7.736647 s
currentSize : 28 <-- 153.831726 s

maxsize : 28
nodes : 163478239.000000
filtered : 1233338417.000000
time : 858.530212
