Parameters: GAD=1 vflib=1 dir=0 label=0 vlabel=1 lowerbound=1 fileNameGp=../../cp2016-max-common-connected-subgraph-paper/datasets/graphsdb/mcs30/bvg/b09m/mcs30_b09m_s100.A08 fileNameGt=../../cp2016-max-common-connected-subgraph-paper/datasets/graphsdb/mcs30/bvg/b09m/mcs30_b09m_s100.B08
Reading graphs...
100 :  442
100 :  438
Initializing...
maxdom : 6
D->valSize : 294
Solving...
Blb : 2 (clique : 22)
currentSize : 22 <-- 0.002703 s
currentSize : 23 <-- 0.003165 s
currentSize : 24 <-- 0.003285 s
currentSize : 25 <-- 0.004328 s
currentSize : 26 <-- 0.015514 s
currentSize : 29 <-- 0.043153 s
currentSize : 30 <-- 0.604846 s
currentSize : 31 <-- 46.593220 s
currentSize : 32 <-- 133.833054 s
currentSize : 33 <-- 134.422852 s
currentSize : 34 <-- 219.294922 s
currentSize : 35 <-- 232.355453 s

maxsize : 35
nodes : 177381899.000000
filtered : 849869641.000000
time : 982.383057
