Parameters: GAD=1 vflib=1 dir=0 label=0 vlabel=1 lowerbound=1 fileNameGp=../../cp2016-max-common-connected-subgraph-paper/datasets/graphsdb/mcs30/m2D/m2Dr4/mcs30_m2Dr4_s50.A06 fileNameGt=../../cp2016-max-common-connected-subgraph-paper/datasets/graphsdb/mcs30/m2D/m2Dr4/mcs30_m2Dr4_s50.B06
Reading graphs...
50 :  102
50 :  100
Initializing...
maxdom : 13
D->valSize : 331
Solving...
Blb : 2 (clique : 19)
currentSize : 19 <-- 0.003869 s
currentSize : 20 <-- 0.004067 s
currentSize : 21 <-- 0.005359 s
currentSize : 22 <-- 0.011473 s
currentSize : 23 <-- 0.024498 s
currentSize : 24 <-- 0.162021 s
currentSize : 25 <-- 11.541948 s
currentSize : 26 <-- 49.375099 s

maxsize : 26
nodes : 10258410.000000
filtered : 143100725.000000
time : 58.069275
