Parameters: GAD=1 vflib=1 dir=0 label=0 vlabel=1 lowerbound=1 fileNameGp=../../cp2016-max-common-connected-subgraph-paper/datasets/graphsdb/mcs30/m4D/m4Dr6/mcs30_m4Dr6_s90.A02 fileNameGt=../../cp2016-max-common-connected-subgraph-paper/datasets/graphsdb/mcs30/m4D/m4Dr6/mcs30_m4Dr6_s90.B02
Reading graphs...
90 :  199
90 :  196
Initializing...
maxdom : 10
D->valSize : 541
Solving...
Blb : 2 (clique : 33)
currentSize : 33 <-- 0.006261 s
currentSize : 34 <-- 0.006636 s
currentSize : 35 <-- 0.007018 s
currentSize : 36 <-- 0.020227 s
currentSize : 37 <-- 0.270793 s
currentSize : 38 <-- 1.185274 s
currentSize : 39 <-- 4.427556 s

TIMEOUT
maxsize : 39
nodes : 159071333.000000
filtered : 1614813400.000000
time : 1000.000061
