Parameters: GAD=1 vflib=1 dir=0 label=0 vlabel=1 lowerbound=1 fileNameGp=../../cp2016-max-common-connected-subgraph-paper/datasets/graphsdb/mcs30/bvg/b06m/mcs30_b06m_s80.A00 fileNameGt=../../cp2016-max-common-connected-subgraph-paper/datasets/graphsdb/mcs30/bvg/b06m/mcs30_b06m_s80.B00
Reading graphs...
80 :  237
80 :  233
Initializing...
maxdom : 9
D->valSize : 444
Solving...
Blb : 2 (clique : 27)
currentSize : 27 <-- 0.004433 s
currentSize : 28 <-- 0.006929 s
currentSize : 29 <-- 0.155754 s
currentSize : 30 <-- 5.866463 s
currentSize : 31 <-- 35.673698 s
currentSize : 32 <-- 76.393867 s

TIMEOUT
maxsize : 32
nodes : 169949858.000000
filtered : 1281714278.000000
time : 1000.000000
