Parameters: GAD=1 vflib=1 dir=0 label=0 vlabel=1 lowerbound=1 fileNameGp=../../cp2016-max-common-connected-subgraph-paper/datasets/graphsdb/mcs30/bvg/b03m/mcs30_b03m_s70.A04 fileNameGt=../../cp2016-max-common-connected-subgraph-paper/datasets/graphsdb/mcs30/bvg/b03m/mcs30_b03m_s70.B04
Reading graphs...
70 :  104
70 :  103
Initializing...
maxdom : 9
D->valSize : 330
Solving...
Blb : 2 (clique : 30)
currentSize : 30 <-- 0.004764 s
currentSize : 31 <-- 4.939781 s
currentSize : 32 <-- 8.419070 s
currentSize : 33 <-- 141.678253 s
currentSize : 34 <-- 149.559006 s
currentSize : 35 <-- 377.648651 s

TIMEOUT
maxsize : 35
nodes : 207387110.000000
filtered : 1415935671.000000
time : 1000.000000
