Parameters: GAD=1 vflib=1 dir=0 label=0 vlabel=1 lowerbound=1 fileNameGp=../../cp2016-max-common-connected-subgraph-paper/datasets/graphsdb/mcs30/m4D/m4Dr4/mcs30_m4Dr4_s90.A06 fileNameGt=../../cp2016-max-common-connected-subgraph-paper/datasets/graphsdb/mcs30/m4D/m4Dr4/mcs30_m4Dr4_s90.B06
Reading graphs...
90 :  180
90 :  180
Initializing...
maxdom : 13
D->valSize : 540
Solving...
Blb : 2 (clique : 32)
currentSize : 32 <-- 0.006863 s
currentSize : 34 <-- 0.007157 s
currentSize : 35 <-- 0.007393 s
currentSize : 36 <-- 0.010243 s
currentSize : 37 <-- 5.167951 s
currentSize : 38 <-- 5.257684 s
currentSize : 39 <-- 5.259106 s
currentSize : 40 <-- 583.752258 s

TIMEOUT
maxsize : 40
nodes : 171945914.000000
filtered : 1410132310.000000
time : 1000.000061
