Parameters: GAD=1 vflib=1 dir=0 label=0 vlabel=1 lowerbound=1 fileNameGp=../../cp2016-max-common-connected-subgraph-paper/datasets/graphsdb/mcs30/m3D/m3Dr4/mcs30_m3Dr4_s70.A04 fileNameGt=../../cp2016-max-common-connected-subgraph-paper/datasets/graphsdb/mcs30/m3D/m3Dr4/mcs30_m3Dr4_s70.B04
Reading graphs...
70 :  184
70 :  185
Initializing...
maxdom : 13
D->valSize : 323
Solving...
Blb : 2 (clique : 21)
currentSize : 21 <-- 0.002595 s
currentSize : 22 <-- 0.003226 s
currentSize : 23 <-- 0.006389 s
currentSize : 24 <-- 0.020614 s
currentSize : 25 <-- 0.025348 s
currentSize : 26 <-- 0.099067 s
currentSize : 27 <-- 0.134795 s
currentSize : 28 <-- 0.188670 s
currentSize : 29 <-- 1.079074 s
currentSize : 30 <-- 1.135839 s
currentSize : 31 <-- 5.383840 s
currentSize : 32 <-- 8.253022 s

maxsize : 32
nodes : 5240337.000000
filtered : 33608506.000000
time : 25.474789
