Parameters: GAD=1 vflib=1 dir=0 label=0 vlabel=1 lowerbound=1 fileNameGp=../../cp2016-max-common-connected-subgraph-paper/datasets/graphsdb/mcs30/bvg/b06m/mcs30_b06m_s90.A01 fileNameGt=../../cp2016-max-common-connected-subgraph-paper/datasets/graphsdb/mcs30/bvg/b06m/mcs30_b06m_s90.B01
Reading graphs...
90 :  265
90 :  266
Initializing...
maxdom : 9
D->valSize : 585
Solving...
Blb : 2 (clique : 29)
currentSize : 29 <-- 0.006995 s
currentSize : 30 <-- 0.841308 s
currentSize : 31 <-- 0.865270 s
currentSize : 32 <-- 1.074325 s
currentSize : 33 <-- 1.079358 s
currentSize : 34 <-- 72.459946 s
currentSize : 35 <-- 198.390625 s

TIMEOUT
maxsize : 35
nodes : 164090773.000000
filtered : 1612961862.000000
time : 1000.000061
