Parameters: GAD=1 vflib=1 dir=0 label=0 vlabel=1 lowerbound=1 fileNameGp=../../cp2016-max-common-connected-subgraph-paper/datasets/graphsdb/mcs30/m2D/m2Dr6/mcs30_m2Dr6_s50.A04 fileNameGt=../../cp2016-max-common-connected-subgraph-paper/datasets/graphsdb/mcs30/m2D/m2Dr6/mcs30_m2Dr6_s50.B04
Reading graphs...
50 :  114
50 :  114
Initializing...
maxdom : 13
D->valSize : 325
Solving...
Blb : 3 (clique : 17)
currentSize : 17 <-- 0.003770 s
currentSize : 18 <-- 0.003937 s
currentSize : 19 <-- 0.004011 s
currentSize : 20 <-- 0.012205 s
currentSize : 21 <-- 0.360963 s
currentSize : 22 <-- 1.424683 s
currentSize : 23 <-- 41.058636 s
currentSize : 24 <-- 41.365349 s

maxsize : 24
nodes : 25771628.000000
filtered : 310774232.000000
time : 130.686447
