Parameters: GAD=1 vflib=1 dir=0 label=0 vlabel=1 lowerbound=1 fileNameGp=../../cp2016-max-common-connected-subgraph-paper/datasets/graphsdb/mcs30/m2D/m2Dr2/mcs30_m2Dr2_s100.A04 fileNameGt=../../cp2016-max-common-connected-subgraph-paper/datasets/graphsdb/mcs30/m2D/m2Dr2/mcs30_m2Dr2_s100.B04
Reading graphs...
100 :  200
100 :  200
Initializing...
maxdom : 8
D->valSize : 353
Solving...
Blb : 2 (clique : 35)
currentSize : 35 <-- 0.003886 s
currentSize : 36 <-- 0.004228 s
currentSize : 37 <-- 0.004849 s
currentSize : 38 <-- 0.008634 s
currentSize : 39 <-- 0.107236 s
currentSize : 40 <-- 6.510179 s
currentSize : 41 <-- 7.944940 s

TIMEOUT
maxsize : 41
nodes : 183237608.000000
filtered : 821264156.000000
time : 1000.000061
