Parameters: GAD=1 vflib=1 dir=0 label=0 vlabel=1 lowerbound=1 fileNameGp=../../cp2016-max-common-connected-subgraph-paper/datasets/graphsdb/mcs30/m2D/m2Dr6/mcs30_m2Dr6_s90.A02 fileNameGt=../../cp2016-max-common-connected-subgraph-paper/datasets/graphsdb/mcs30/m2D/m2Dr6/mcs30_m2Dr6_s90.B02
Reading graphs...
90 :  213
90 :  210
Initializing...
maxdom : 12
D->valSize : 513
Solving...
Blb : 2 (clique : 30)
currentSize : 30 <-- 0.009623 s
currentSize : 31 <-- 0.010103 s
currentSize : 32 <-- 0.012299 s
currentSize : 33 <-- 0.031183 s
currentSize : 34 <-- 0.350635 s
currentSize : 35 <-- 199.154099 s

TIMEOUT
maxsize : 35
nodes : 179182859.000000
filtered : 1202447752.000000
time : 1000.000061
