Parameters: GAD=1 vflib=1 dir=0 label=0 vlabel=1 lowerbound=1 fileNameGp=../../cp2016-max-common-connected-subgraph-paper/datasets/graphsdb/mcs30/m2D/m2D/mcs30_m2D_s50.A09 fileNameGt=../../cp2016-max-common-connected-subgraph-paper/datasets/graphsdb/mcs30/m2D/m2D/mcs30_m2D_s50.B09
Reading graphs...
50 :  85
50 :  84
Initializing...
maxdom : 9
D->valSize : 344
Solving...
Blb : 2 (clique : 20)
currentSize : 20 <-- 0.003148 s
currentSize : 21 <-- 0.003280 s
currentSize : 22 <-- 0.004387 s
currentSize : 23 <-- 0.006782 s
currentSize : 24 <-- 0.008396 s
currentSize : 25 <-- 0.664567 s
currentSize : 26 <-- 1.562883 s

TIMEOUT
maxsize : 26
nodes : 193776812.000000
filtered : 2255371908.000000
time : 1000.000061
