Parameters: GAD=1 vflib=1 dir=0 label=0 vlabel=1 lowerbound=1 fileNameGp=../../cp2016-max-common-connected-subgraph-paper/datasets/graphsdb/mcs30/bvg/b09/mcs30_b09_s90.A00 fileNameGt=../../cp2016-max-common-connected-subgraph-paper/datasets/graphsdb/mcs30/bvg/b09/mcs30_b09_s90.B00
Reading graphs...
90 :  402
90 :  400
Initializing...
maxdom : 13
D->valSize : 528
Solving...
Blb : 2 (clique : 22)
currentSize : 22 <-- 0.009478 s
currentSize : 23 <-- 0.009972 s
currentSize : 24 <-- 0.029801 s
currentSize : 25 <-- 0.153501 s
currentSize : 26 <-- 3.398671 s
currentSize : 27 <-- 5.361755 s
currentSize : 28 <-- 65.134361 s

TIMEOUT
maxsize : 28
nodes : 163375492.000000
filtered : 1423234973.000000
time : 1000.000061
