Parameters: GAD=1 vflib=1 dir=0 label=0 vlabel=1 lowerbound=1 fileNameGp=../../cp2016-max-common-connected-subgraph-paper/datasets/graphsdb/mcs30/m4D/m4Dr4/mcs30_m4Dr4_s90.A07 fileNameGt=../../cp2016-max-common-connected-subgraph-paper/datasets/graphsdb/mcs30/m4D/m4Dr4/mcs30_m4Dr4_s90.B07
Reading graphs...
90 :  182
90 :  181
Initializing...
maxdom : 9
D->valSize : 537
Solving...
Blb : 3 (clique : 32)
currentSize : 32 <-- 0.010391 s
currentSize : 33 <-- 0.190506 s
currentSize : 34 <-- 0.217834 s
currentSize : 35 <-- 3.488457 s
currentSize : 36 <-- 7.730289 s
currentSize : 37 <-- 31.950050 s
currentSize : 38 <-- 106.581284 s

TIMEOUT
maxsize : 38
nodes : 171814423.000000
filtered : 1151749150.000000
time : 1000.000061
