Parameters: GAD=1 vflib=1 dir=0 label=0 vlabel=1 lowerbound=1 fileNameGp=../../cp2016-max-common-connected-subgraph-paper/datasets/graphsdb/mcs30/m3D/m3D/mcs30_m3D_s70.A01 fileNameGt=../../cp2016-max-common-connected-subgraph-paper/datasets/graphsdb/mcs30/m3D/m3D/mcs30_m3D_s70.B01
Reading graphs...
70 :  159
70 :  159
Initializing...
maxdom : 6
D->valSize : 307
Solving...
Blb : 5 (clique : 28)
currentSize : 28 <-- 0.004056 s
currentSize : 29 <-- 4.682570 s
currentSize : 30 <-- 5.992900 s
currentSize : 31 <-- 5.992996 s
currentSize : 32 <-- 35.822346 s
currentSize : 33 <-- 35.832577 s
currentSize : 34 <-- 253.271500 s
currentSize : 35 <-- 259.155304 s
currentSize : 36 <-- 334.689972 s

maxsize : 36
nodes : 135637247.000000
filtered : 901617427.000000
time : 686.971252
