Parameters: GAD=1 vflib=1 dir=0 label=0 vlabel=1 lowerbound=1 fileNameGp=../../cp2016-max-common-connected-subgraph-paper/datasets/graphsdb/mcs30/bvg/b06/mcs30_b06_s50.A00 fileNameGt=../../cp2016-max-common-connected-subgraph-paper/datasets/graphsdb/mcs30/bvg/b06/mcs30_b06_s50.B00
Reading graphs...
50 :  148
50 :  148
Initializing...
maxdom : 8
D->valSize : 313
Solving...
Blb : 2 (clique : 16)
currentSize : 16 <-- 0.003546 s
currentSize : 17 <-- 0.004091 s
currentSize : 18 <-- 0.025638 s
currentSize : 19 <-- 0.025757 s
currentSize : 20 <-- 6.359791 s
currentSize : 21 <-- 31.827812 s
currentSize : 22 <-- 114.936012 s

maxsize : 22
nodes : 24404062.000000
filtered : 281294868.000000
time : 122.202812
