Parameters: GAD=1 vflib=1 dir=0 label=0 vlabel=1 lowerbound=1 fileNameGp=../../cp2016-max-common-connected-subgraph-paper/datasets/graphsdb/mcs30/m4D/m4Dr6/mcs30_m4Dr6_s70.A02 fileNameGt=../../cp2016-max-common-connected-subgraph-paper/datasets/graphsdb/mcs30/m4D/m4Dr6/mcs30_m4Dr6_s70.B02
Reading graphs...
70 :  158
70 :  156
Initializing...
maxdom : 8
D->valSize : 342
Solving...
Blb : 2 (clique : 24)
currentSize : 24 <-- 0.003024 s
currentSize : 25 <-- 0.005423 s
currentSize : 26 <-- 0.020300 s
currentSize : 27 <-- 0.039784 s
currentSize : 28 <-- 10.143437 s
currentSize : 29 <-- 26.527418 s

TIMEOUT
maxsize : 29
nodes : 186790403.000000
filtered : 1546061269.000000
time : 1000.000000
