Parameters: GAD=1 vflib=1 dir=0 label=0 vlabel=1 lowerbound=1 fileNameGp=../../cp2016-max-common-connected-subgraph-paper/datasets/graphsdb/mcs30/m3D/m3Dr4/mcs30_m3Dr4_s100.A01 fileNameGt=../../cp2016-max-common-connected-subgraph-paper/datasets/graphsdb/mcs30/m3D/m3Dr4/mcs30_m3Dr4_s100.B01
Reading graphs...
100 :  272
100 :  272
Initializing...
maxdom : 8
D->valSize : 314
Solving...
Blb : 2 (clique : 28)
currentSize : 28 <-- 0.003271 s
currentSize : 29 <-- 0.003537 s
currentSize : 30 <-- 0.003881 s
currentSize : 31 <-- 0.116042 s
currentSize : 32 <-- 0.901002 s
currentSize : 33 <-- 10.936473 s

TIMEOUT
maxsize : 33
nodes : 185150010.000000
filtered : 820649738.000000
time : 1000.000061
