Parameters: GAD=1 vflib=1 dir=0 label=0 vlabel=1 lowerbound=1 fileNameGp=../../cp2016-max-common-connected-subgraph-paper/datasets/graphsdb/mcs30/m2D/m2Dr2/mcs30_m2Dr2_s60.A05 fileNameGt=../../cp2016-max-common-connected-subgraph-paper/datasets/graphsdb/mcs30/m2D/m2Dr2/mcs30_m2Dr2_s60.B05
Reading graphs...
60 :  115
60 :  114
Initializing...
maxdom : 9
D->valSize : 237
Solving...
Blb : 2 (clique : 21)
currentSize : 21 <-- 0.002711 s
currentSize : 22 <-- 0.002878 s
currentSize : 23 <-- 0.002970 s
currentSize : 24 <-- 0.003278 s
currentSize : 25 <-- 0.033884 s
currentSize : 26 <-- 3.032994 s
currentSize : 27 <-- 6.693392 s
currentSize : 28 <-- 173.598846 s

maxsize : 28
nodes : 49822104.000000
filtered : 349797033.000000
time : 242.115387
