Parameters: GAD=1 vflib=1 dir=0 label=0 vlabel=1 lowerbound=1 fileNameGp=../../cp2016-max-common-connected-subgraph-paper/datasets/graphsdb/mcs30/bvg/b06m/mcs30_b06m_s100.A01 fileNameGt=../../cp2016-max-common-connected-subgraph-paper/datasets/graphsdb/mcs30/bvg/b06m/mcs30_b06m_s100.B01
Reading graphs...
100 :  297
100 :  296
Initializing...
maxdom : 9
D->valSize : 360
Solving...
Blb : 2 (clique : 29)
currentSize : 29 <-- 0.003712 s
currentSize : 30 <-- 0.004011 s
currentSize : 31 <-- 0.004224 s
currentSize : 32 <-- 0.125385 s
currentSize : 33 <-- 0.171670 s
currentSize : 34 <-- 3.054516 s
currentSize : 35 <-- 11.019529 s

TIMEOUT
maxsize : 35
nodes : 175154274.000000
filtered : 1020322897.000000
time : 1000.000061
