Parameters: GAD=1 vflib=1 dir=0 label=0 vlabel=1 lowerbound=1 fileNameGp=../../cp2016-max-common-connected-subgraph-paper/datasets/graphsdb/mcs30/m2D/m2Dr2/mcs30_m2Dr2_s60.A01 fileNameGt=../../cp2016-max-common-connected-subgraph-paper/datasets/graphsdb/mcs30/m2D/m2Dr2/mcs30_m2Dr2_s60.B01
Reading graphs...
60 :  116
60 :  116
Initializing...
maxdom : 6
D->valSize : 228
Solving...
Blb : 2 (clique : 21)
currentSize : 21 <-- 0.002714 s
currentSize : 22 <-- 0.003231 s
currentSize : 23 <-- 0.008839 s
currentSize : 24 <-- 0.021174 s
currentSize : 25 <-- 0.175957 s
currentSize : 26 <-- 0.347733 s
currentSize : 27 <-- 20.113237 s
currentSize : 28 <-- 203.336563 s

maxsize : 28
nodes : 63653506.000000
filtered : 378519889.000000
time : 277.005341
