Parameters: GAD=1 vflib=1 dir=0 label=0 vlabel=1 lowerbound=1 fileNameGp=../../cp2016-max-common-connected-subgraph-paper/datasets/graphsdb/mcs30/m2D/m2Dr2/mcs30_m2Dr2_s80.A07 fileNameGt=../../cp2016-max-common-connected-subgraph-paper/datasets/graphsdb/mcs30/m2D/m2Dr2/mcs30_m2Dr2_s80.B07
Reading graphs...
80 :  158
80 :  158
Initializing...
maxdom : 8
D->valSize : 412
Solving...
Blb : 2 (clique : 29)
currentSize : 29 <-- 0.004054 s
currentSize : 30 <-- 0.135734 s
currentSize : 31 <-- 0.276634 s
currentSize : 32 <-- 1.499522 s
currentSize : 33 <-- 2.016519 s
currentSize : 34 <-- 3.237624 s
currentSize : 35 <-- 104.997772 s
currentSize : 36 <-- 320.141052 s

TIMEOUT
maxsize : 36
nodes : 167444648.000000
filtered : 1522396657.000000
time : 1000.000061
