Parameters: GAD=1 vflib=1 dir=0 label=0 vlabel=1 lowerbound=1 fileNameGp=../../cp2016-max-common-connected-subgraph-paper/datasets/graphsdb/mcs30/m4D/m4Dr2/mcs30_m4Dr2_s50.A07 fileNameGt=../../cp2016-max-common-connected-subgraph-paper/datasets/graphsdb/mcs30/m4D/m4Dr2/mcs30_m4Dr2_s50.B07
Reading graphs...
50 :  96
50 :  95
Initializing...
maxdom : 8
D->valSize : 317
Solving...
Blb : 2 (clique : 19)
currentSize : 19 <-- 0.003771 s
currentSize : 20 <-- 0.004025 s
currentSize : 21 <-- 0.005525 s
currentSize : 22 <-- 0.016117 s
currentSize : 23 <-- 0.162350 s
currentSize : 24 <-- 4.264547 s
currentSize : 25 <-- 12.005128 s
currentSize : 26 <-- 43.807529 s
currentSize : 27 <-- 135.985962 s

maxsize : 27
nodes : 70219770.000000
filtered : 894366074.000000
time : 359.616333
