Parameters: GAD=1 vflib=1 dir=0 label=0 vlabel=1 lowerbound=1 fileNameGp=../../cp2016-max-common-connected-subgraph-paper/datasets/graphsdb/mcs30/rand/r01/mcs30_r01_s70.A03 fileNameGt=../../cp2016-max-common-connected-subgraph-paper/datasets/graphsdb/mcs30/rand/r01/mcs30_r01_s70.B03
Reading graphs...
70 :  461
70 :  462
Initializing...
maxdom : 8
D->valSize : 348
Solving...
Blb : 2 (clique : 12)
currentSize : 12 <-- 0.002902 s
currentSize : 13 <-- 0.003042 s
currentSize : 14 <-- 0.003200 s
currentSize : 15 <-- 0.006210 s
currentSize : 16 <-- 0.065076 s
currentSize : 17 <-- 0.138883 s
currentSize : 18 <-- 26.655104 s
currentSize : 19 <-- 85.222931 s
currentSize : 20 <-- 87.687645 s
currentSize : 21 <-- 119.078194 s

maxsize : 21
nodes : 33532554.000000
filtered : 266816667.000000
time : 174.519943
