Parameters: GAD=1 vflib=1 dir=0 label=0 vlabel=1 lowerbound=1 fileNameGp=../../cp2016-max-common-connected-subgraph-paper/datasets/graphsdb/mcs30/bvg/b03m/mcs30_b03m_s90.A00 fileNameGt=../../cp2016-max-common-connected-subgraph-paper/datasets/graphsdb/mcs30/bvg/b03m/mcs30_b03m_s90.B00
Reading graphs...
90 :  135
90 :  135
Initializing...
maxdom : 10
D->valSize : 519
Solving...
Blb : 2 (clique : 39)
currentSize : 39 <-- 0.010123 s
currentSize : 40 <-- 0.010906 s
currentSize : 41 <-- 0.011791 s
currentSize : 42 <-- 9.430013 s
currentSize : 43 <-- 39.227631 s
currentSize : 44 <-- 739.676697 s

TIMEOUT
maxsize : 44
nodes : 186274845.000000
filtered : 1197888515.000000
time : 1000.000061
