Parameters: GAD=1 vflib=1 dir=0 label=0 vlabel=1 lowerbound=1 fileNameGp=../../cp2016-max-common-connected-subgraph-paper/datasets/graphsdb/mcs30/m3D/m3Dr2/mcs30_m3Dr2_s70.A00 fileNameGt=../../cp2016-max-common-connected-subgraph-paper/datasets/graphsdb/mcs30/m3D/m3Dr2/mcs30_m3Dr2_s70.B00
Reading graphs...
70 :  170
70 :  171
Initializing...
maxdom : 8
D->valSize : 311
Solving...
Blb : 2 (clique : 25)
currentSize : 25 <-- 0.002615 s
currentSize : 26 <-- 0.003034 s
currentSize : 27 <-- 0.010620 s
currentSize : 28 <-- 0.162293 s
currentSize : 31 <-- 0.371935 s
currentSize : 32 <-- 0.444664 s
currentSize : 33 <-- 9.440928 s

maxsize : 33
nodes : 46401398.000000
filtered : 396064966.000000
time : 254.982452
