Parameters: GAD=1 vflib=1 dir=0 label=0 vlabel=1 lowerbound=1 fileNameGp=../../cp2016-max-common-connected-subgraph-paper/datasets/graphsdb/mcs30/m2D/m2D/mcs30_m2D_s70.A05 fileNameGt=../../cp2016-max-common-connected-subgraph-paper/datasets/graphsdb/mcs30/m2D/m2D/mcs30_m2D_s70.B05
Reading graphs...
70 :  121
70 :  123
Initializing...
maxdom : 10
D->valSize : 333
Solving...
Blb : 2 (clique : 27)
currentSize : 27 <-- 0.004658 s
currentSize : 28 <-- 0.006009 s
currentSize : 29 <-- 0.170653 s
currentSize : 30 <-- 0.180805 s
currentSize : 31 <-- 17.853128 s
currentSize : 32 <-- 771.701111 s
currentSize : 33 <-- 810.366760 s

TIMEOUT
maxsize : 33
nodes : 192249192.000000
filtered : 1417506328.000000
time : 1000.000000
