Parameters: GAD=1 vflib=1 dir=0 label=0 vlabel=1 lowerbound=1 fileNameGp=../../cp2016-max-common-connected-subgraph-paper/datasets/graphsdb/mcs30/bvg/b03m/mcs30_b03m_s100.A04 fileNameGt=../../cp2016-max-common-connected-subgraph-paper/datasets/graphsdb/mcs30/bvg/b03m/mcs30_b03m_s100.B04
Reading graphs...
100 :  150
100 :  149
Initializing...
maxdom : 7
D->valSize : 337
Solving...
Blb : 2 (clique : 42)
currentSize : 42 <-- 0.004598 s
currentSize : 43 <-- 0.004997 s
currentSize : 44 <-- 0.005224 s
currentSize : 45 <-- 0.005507 s
currentSize : 46 <-- 0.057932 s
currentSize : 47 <-- 2.677349 s
currentSize : 48 <-- 68.211899 s
currentSize : 49 <-- 71.772102 s

TIMEOUT
maxsize : 49
nodes : 182907475.000000
filtered : 849855029.000000
time : 1000.000122
