Parameters: GAD=1 vflib=1 dir=0 label=0 vlabel=1 lowerbound=1 fileNameGp=../../cp2016-max-common-connected-subgraph-paper/datasets/graphsdb/mcs30/m2D/m2Dr2/mcs30_m2Dr2_s50.A08 fileNameGt=../../cp2016-max-common-connected-subgraph-paper/datasets/graphsdb/mcs30/m2D/m2Dr2/mcs30_m2Dr2_s50.B08
Reading graphs...
50 :  93
50 :  92
Initializing...
maxdom : 14
D->valSize : 363
Solving...
Blb : 2 (clique : 18)
currentSize : 18 <-- 0.002720 s
currentSize : 19 <-- 0.003392 s
currentSize : 20 <-- 0.004105 s
currentSize : 21 <-- 0.004191 s
currentSize : 22 <-- 0.018535 s
currentSize : 23 <-- 0.025198 s
currentSize : 24 <-- 3.477889 s
currentSize : 25 <-- 7.465260 s
currentSize : 26 <-- 25.699396 s
currentSize : 27 <-- 102.799210 s

maxsize : 27
nodes : 103216833.000000
filtered : 1368359638.000000
time : 529.648193
