Parameters: GAD=1 vflib=1 dir=0 label=0 vlabel=1 lowerbound=1 fileNameGp=../../cp2016-max-common-connected-subgraph-paper/datasets/graphsdb/mcs30/rand/r005/mcs30_r005_s80.A00 fileNameGt=../../cp2016-max-common-connected-subgraph-paper/datasets/graphsdb/mcs30/rand/r005/mcs30_r005_s80.B00
Reading graphs...
80 :  307
80 :  309
Initializing...
maxdom : 9
D->valSize : 420
Solving...
Blb : 2 (clique : 21)
currentSize : 21 <-- 0.004868 s
currentSize : 22 <-- 0.005076 s
currentSize : 23 <-- 0.007723 s
currentSize : 24 <-- 0.124665 s
currentSize : 25 <-- 5.152351 s
currentSize : 26 <-- 14.480832 s
currentSize : 27 <-- 128.925537 s
currentSize : 28 <-- 142.166245 s
currentSize : 29 <-- 149.592697 s
currentSize : 30 <-- 441.329407 s

TIMEOUT
maxsize : 30
nodes : 175220417.000000
filtered : 1471472334.000000
time : 1000.000000
