Parameters: GAD=1 vflib=1 dir=0 label=0 vlabel=1 lowerbound=1 fileNameGp=../../cp2016-max-common-connected-subgraph-paper/datasets/graphsdb/mcs30/m3D/m3D/mcs30_m3D_s90.A01 fileNameGt=../../cp2016-max-common-connected-subgraph-paper/datasets/graphsdb/mcs30/m3D/m3D/mcs30_m3D_s90.B01
Reading graphs...
90 :  206
90 :  206
Initializing...
maxdom : 12
D->valSize : 557
Solving...
Blb : 2 (clique : 32)
currentSize : 32 <-- 0.006708 s
currentSize : 33 <-- 0.007087 s
currentSize : 34 <-- 0.013676 s
currentSize : 35 <-- 0.028733 s
currentSize : 36 <-- 0.145619 s
currentSize : 37 <-- 0.191289 s
currentSize : 38 <-- 2.290131 s
currentSize : 39 <-- 2.290432 s

TIMEOUT
maxsize : 39
nodes : 181154285.000000
filtered : 1219258356.000000
time : 1000.000061
