Parameters: GAD=1 vflib=1 dir=0 label=0 vlabel=1 lowerbound=1 fileNameGp=../../cp2016-max-common-connected-subgraph-paper/datasets/graphsdb/mcs30/bvg/b09/mcs30_b09_s70.A09 fileNameGt=../../cp2016-max-common-connected-subgraph-paper/datasets/graphsdb/mcs30/bvg/b09/mcs30_b09_s70.B09
Reading graphs...
70 :  309
70 :  309
Initializing...
maxdom : 8
D->valSize : 324
Solving...
Blb : 3 (clique : 20)
currentSize : 20 <-- 0.002776 s
currentSize : 21 <-- 0.003017 s
currentSize : 22 <-- 0.004523 s
currentSize : 23 <-- 2.683276 s
currentSize : 24 <-- 11.333909 s
currentSize : 25 <-- 134.017792 s

maxsize : 25
nodes : 71134630.000000
filtered : 690881627.000000
time : 391.957153
