Parameters: GAD=1 vflib=1 dir=0 label=0 vlabel=1 lowerbound=1 fileNameGp=../../cp2016-max-common-connected-subgraph-paper/datasets/graphsdb/mcs30/rand/r02/mcs30_r02_s100.A03 fileNameGt=../../cp2016-max-common-connected-subgraph-paper/datasets/graphsdb/mcs30/rand/r02/mcs30_r02_s100.B03
Reading graphs...
100 :  1771
100 :  1738
Initializing...
maxdom : 7
D->valSize : 319
Solving...
Blb : 2 (clique : 11)
currentSize : 11 <-- 0.003142 s
currentSize : 12 <-- 0.003354 s
currentSize : 13 <-- 0.007151 s
currentSize : 14 <-- 0.007843 s
currentSize : 16 <-- 0.032228 s
currentSize : 17 <-- 0.071477 s
currentSize : 20 <-- 0.079436 s
currentSize : 22 <-- 0.100759 s
currentSize : 24 <-- 0.101603 s
currentSize : 28 <-- 0.107482 s
currentSize : 30 <-- 0.108679 s

maxsize : 30
nodes : 158454.000000
filtered : 2012451.000000
time : 1.204002
