Parameters: GAD=1 vflib=1 dir=0 label=0 vlabel=1 lowerbound=1 fileNameGp=../../cp2016-max-common-connected-subgraph-paper/datasets/graphsdb/mcs30/m3D/m3D/mcs30_m3D_s80.A06 fileNameGt=../../cp2016-max-common-connected-subgraph-paper/datasets/graphsdb/mcs30/m3D/m3D/mcs30_m3D_s80.B06
Reading graphs...
80 :  180
80 :  183
Initializing...
maxdom : 9
D->valSize : 466
Solving...
Blb : 2 (clique : 28)
currentSize : 28 <-- 0.004728 s
currentSize : 29 <-- 0.004983 s
currentSize : 30 <-- 0.007549 s
currentSize : 31 <-- 0.007820 s
currentSize : 32 <-- 21.462864 s
currentSize : 33 <-- 248.629822 s
currentSize : 34 <-- 318.242249 s

TIMEOUT
maxsize : 34
nodes : 175980403.000000
filtered : 1393105629.000000
time : 1000.000061
