Parameters: GAD=1 vflib=1 dir=0 label=0 vlabel=1 lowerbound=1 fileNameGp=../../cp2016-max-common-connected-subgraph-paper/datasets/graphsdb/mcs30/m2D/m2D/mcs30_m2D_s60.A03 fileNameGt=../../cp2016-max-common-connected-subgraph-paper/datasets/graphsdb/mcs30/m2D/m2D/mcs30_m2D_s60.B03
Reading graphs...
60 :  103
60 :  103
Initializing...
maxdom : 7
D->valSize : 249
Solving...
Blb : 2 (clique : 24)
currentSize : 24 <-- 0.003051 s
currentSize : 25 <-- 0.003260 s
currentSize : 26 <-- 0.005893 s
currentSize : 27 <-- 0.045511 s
currentSize : 28 <-- 0.079024 s
currentSize : 29 <-- 136.855347 s
currentSize : 30 <-- 319.657074 s

maxsize : 30
nodes : 113166280.000000
filtered : 821032898.000000
time : 525.058777
