Parameters: GAD=1 vflib=1 dir=0 label=0 vlabel=1 lowerbound=1 fileNameGp=../../cp2016-max-common-connected-subgraph-paper/datasets/graphsdb/mcs30/rand/r02/mcs30_r02_s90.A02 fileNameGt=../../cp2016-max-common-connected-subgraph-paper/datasets/graphsdb/mcs30/rand/r02/mcs30_r02_s90.B02
Reading graphs...
90 :  1435
90 :  1439
Initializing...
maxdom : 11
D->valSize : 543
Solving...
Blb : 2 (clique : 11)
currentSize : 11 <-- 0.006110 s
currentSize : 12 <-- 0.006420 s
currentSize : 13 <-- 0.008361 s
currentSize : 14 <-- 0.883024 s
currentSize : 15 <-- 1.108945 s
currentSize : 16 <-- 1.175277 s
currentSize : 17 <-- 1.181210 s
currentSize : 18 <-- 1.181434 s
currentSize : 19 <-- 1.181577 s
currentSize : 20 <-- 8.285251 s
currentSize : 22 <-- 42.918423 s
currentSize : 23 <-- 65.675446 s
currentSize : 27 <-- 65.675552 s

maxsize : 27
nodes : 11625305.000000
filtered : 123881702.000000
time : 74.922417
