Parameters: GAD=1 vflib=1 dir=0 label=0 vlabel=1 lowerbound=1 fileNameGp=../../cp2016-max-common-connected-subgraph-paper/datasets/graphsdb/mcs30/rand/r01/mcs30_r01_s100.A04 fileNameGt=../../cp2016-max-common-connected-subgraph-paper/datasets/graphsdb/mcs30/rand/r01/mcs30_r01_s100.B04
Reading graphs...
100 :  937
100 :  930
Initializing...
maxdom : 7
D->valSize : 344
Solving...
Blb : 2 (clique : 14)
currentSize : 14 <-- 0.005280 s
currentSize : 15 <-- 0.009497 s
currentSize : 16 <-- 0.014819 s
currentSize : 17 <-- 0.039653 s
currentSize : 18 <-- 0.056188 s
currentSize : 19 <-- 0.154964 s
currentSize : 20 <-- 0.384583 s
currentSize : 21 <-- 0.384790 s
currentSize : 23 <-- 0.561465 s
currentSize : 26 <-- 2.467565 s
currentSize : 27 <-- 3.774404 s
currentSize : 28 <-- 7.067865 s
currentSize : 29 <-- 7.070670 s
currentSize : 30 <-- 7.421372 s

maxsize : 30
nodes : 6802829.000000
filtered : 64357651.000000
time : 46.585079
