Parameters: GAD=1 vflib=1 dir=0 label=0 vlabel=1 lowerbound=1 fileNameGp=../../cp2016-max-common-connected-subgraph-paper/datasets/graphsdb/mcs30/bvg/b03m/mcs30_b03m_s50.A01 fileNameGt=../../cp2016-max-common-connected-subgraph-paper/datasets/graphsdb/mcs30/bvg/b03m/mcs30_b03m_s50.B01
Reading graphs...
50 :  74
50 :  75
Initializing...
maxdom : 10
D->valSize : 333
Solving...
Blb : 2 (clique : 24)
currentSize : 24 <-- 0.002757 s
currentSize : 25 <-- 0.005972 s
currentSize : 26 <-- 1.388534 s
currentSize : 27 <-- 1.478537 s
currentSize : 28 <-- 15.488408 s
currentSize : 29 <-- 105.036224 s

maxsize : 29
nodes : 27161377.000000
filtered : 327247188.000000
time : 145.294022
