Parameters: GAD=1 vflib=1 dir=0 label=0 vlabel=1 lowerbound=1 fileNameGp=../../cp2016-max-common-connected-subgraph-paper/datasets/graphsdb/mcs30/m4D/m4Dr2/mcs30_m4Dr2_s90.A06 fileNameGt=../../cp2016-max-common-connected-subgraph-paper/datasets/graphsdb/mcs30/m4D/m4Dr2/mcs30_m4Dr2_s90.B06
Reading graphs...
90 :  163
90 :  162
Initializing...
maxdom : 11
D->valSize : 540
Solving...
Blb : 2 (clique : 34)
currentSize : 34 <-- 0.006784 s
currentSize : 35 <-- 0.007122 s
currentSize : 36 <-- 0.007413 s
currentSize : 37 <-- 0.011470 s
currentSize : 38 <-- 2.265985 s
currentSize : 39 <-- 6.574148 s
currentSize : 40 <-- 778.578613 s
currentSize : 41 <-- 793.699524 s

TIMEOUT
maxsize : 41
nodes : 189930821.000000
filtered : 1077630252.000000
time : 1000.000061
