Parameters: GAD=1 vflib=1 dir=0 label=0 vlabel=1 lowerbound=1 fileNameGp=../../cp2016-max-common-connected-subgraph-paper/datasets/graphsdb/mcs30/m4D/m4Dr6/mcs30_m4Dr6_s50.A08 fileNameGt=../../cp2016-max-common-connected-subgraph-paper/datasets/graphsdb/mcs30/m4D/m4Dr6/mcs30_m4Dr6_s50.B08
Reading graphs...
50 :  112
50 :  112
Initializing...
maxdom : 9
D->valSize : 318
Solving...
Blb : 5 (clique : 19)
currentSize : 19 <-- 0.003722 s
currentSize : 20 <-- 0.003940 s
currentSize : 21 <-- 0.036904 s
currentSize : 22 <-- 0.043066 s
currentSize : 23 <-- 0.743700 s
currentSize : 24 <-- 2.298276 s
currentSize : 25 <-- 35.435337 s

maxsize : 25
nodes : 15778136.000000
filtered : 184147282.000000
time : 86.196053
