Parameters: GAD=1 vflib=1 dir=0 label=0 vlabel=1 lowerbound=1 fileNameGp=../../cp2016-max-common-connected-subgraph-paper/datasets/graphsdb/mcs30/bvg/b06/mcs30_b06_s60.A00 fileNameGt=../../cp2016-max-common-connected-subgraph-paper/datasets/graphsdb/mcs30/bvg/b06/mcs30_b06_s60.B00
Reading graphs...
60 :  178
60 :  176
Initializing...
maxdom : 8
D->valSize : 212
Solving...
Blb : 5 (clique : 19)
currentSize : 19 <-- 0.002418 s
currentSize : 20 <-- 0.016084 s
currentSize : 21 <-- 0.016292 s
currentSize : 22 <-- 0.054785 s
currentSize : 23 <-- 16.972992 s
currentSize : 24 <-- 16.973175 s

maxsize : 24
nodes : 10865279.000000
filtered : 68238390.000000
time : 50.398350
