Parameters: GAD=1 vflib=1 dir=0 label=0 vlabel=1 lowerbound=1 fileNameGp=../../cp2016-max-common-connected-subgraph-paper/datasets/graphsdb/mcs30/m4D/m4Dr2/mcs30_m4Dr2_s80.A07 fileNameGt=../../cp2016-max-common-connected-subgraph-paper/datasets/graphsdb/mcs30/m4D/m4Dr2/mcs30_m4Dr2_s80.B07
Reading graphs...
80 :  144
80 :  145
Initializing...
maxdom : 9
D->valSize : 415
Solving...
Blb : 2 (clique : 32)
currentSize : 32 <-- 0.004672 s
currentSize : 33 <-- 0.033929 s
currentSize : 34 <-- 0.714211 s
currentSize : 35 <-- 7.869192 s
currentSize : 36 <-- 13.414990 s
currentSize : 37 <-- 89.911369 s
currentSize : 38 <-- 138.466446 s

TIMEOUT
maxsize : 38
nodes : 174981276.000000
filtered : 1381481466.000000
time : 1000.000061
