Parameters: GAD=1 vflib=1 dir=0 label=0 vlabel=1 lowerbound=1 fileNameGp=../../cp2016-max-common-connected-subgraph-paper/datasets/graphsdb/mcs30/rand/r005/mcs30_r005_s50.A06 fileNameGt=../../cp2016-max-common-connected-subgraph-paper/datasets/graphsdb/mcs30/rand/r005/mcs30_r005_s50.B06
Reading graphs...
50 :  123
50 :  123
Initializing...
maxdom : 10
D->valSize : 321
Solving...
Blb : 2 (clique : 18)
currentSize : 18 <-- 0.003825 s
currentSize : 19 <-- 0.004089 s
currentSize : 20 <-- 0.011557 s
currentSize : 21 <-- 0.088389 s
currentSize : 22 <-- 0.099613 s
currentSize : 23 <-- 10.112048 s
currentSize : 24 <-- 38.330124 s

maxsize : 24
nodes : 22107478.000000
filtered : 252864808.000000
time : 109.181190
