Parameters: GAD=1 vflib=1 dir=0 label=0 vlabel=1 lowerbound=1 fileNameGp=../../cp2016-max-common-connected-subgraph-paper/datasets/graphsdb/mcs30/rand/r01/mcs30_r01_s60.A07 fileNameGt=../../cp2016-max-common-connected-subgraph-paper/datasets/graphsdb/mcs30/rand/r01/mcs30_r01_s60.B07
Reading graphs...
60 :  331
60 :  333
Initializing...
maxdom : 7
D->valSize : 243
Solving...
Blb : 2 (clique : 13)
currentSize : 13 <-- 0.002638 s
currentSize : 14 <-- 0.005603 s
currentSize : 15 <-- 0.017528 s
currentSize : 16 <-- 0.200786 s
currentSize : 17 <-- 0.641560 s
currentSize : 18 <-- 1.927389 s
currentSize : 19 <-- 3.477721 s

maxsize : 19
nodes : 1941504.000000
filtered : 14208039.000000
time : 9.251860
