Parameters: GAD=1 vflib=1 dir=0 label=0 vlabel=1 lowerbound=1 fileNameGp=../../cp2016-max-common-connected-subgraph-paper/datasets/graphsdb/mcs30/bvg/b09/mcs30_b09_s100.A05 fileNameGt=../../cp2016-max-common-connected-subgraph-paper/datasets/graphsdb/mcs30/bvg/b09/mcs30_b09_s100.B05
Reading graphs...
100 :  444
100 :  441
Initializing...
maxdom : 7
D->valSize : 382
Solving...
Blb : 2 (clique : 26)
currentSize : 26 <-- 0.006340 s
currentSize : 27 <-- 0.006725 s
currentSize : 28 <-- 0.007162 s
currentSize : 29 <-- 0.009386 s
currentSize : 30 <-- 0.017727 s
currentSize : 31 <-- 0.047464 s
currentSize : 32 <-- 2.537537 s
currentSize : 33 <-- 117.992691 s
currentSize : 34 <-- 148.250534 s
currentSize : 35 <-- 464.486298 s

TIMEOUT
maxsize : 35
nodes : 172661936.000000
filtered : 792193983.000000
time : 1000.000061
