Parameters: GAD=1 vflib=1 dir=0 label=0 vlabel=1 lowerbound=1 fileNameGp=../../cp2016-max-common-connected-subgraph-paper/datasets/graphsdb/mcs30/m4D/m4Dr4/mcs30_m4Dr4_s80.A01 fileNameGt=../../cp2016-max-common-connected-subgraph-paper/datasets/graphsdb/mcs30/m4D/m4Dr4/mcs30_m4Dr4_s80.B01
Reading graphs...
80 :  159
80 :  159
Initializing...
maxdom : 10
D->valSize : 397
Solving...
Blb : 2 (clique : 31)
currentSize : 31 <-- 0.005120 s
currentSize : 32 <-- 0.044447 s
currentSize : 33 <-- 0.074908 s
currentSize : 34 <-- 0.316802 s
currentSize : 35 <-- 2.410806 s
currentSize : 36 <-- 3.883422 s

TIMEOUT
maxsize : 36
nodes : 183084937.000000
filtered : 1464833146.000000
time : 1000.000061
