Parameters: GAD=1 vflib=1 dir=0 label=0 vlabel=1 lowerbound=1 fileNameGp=../../cp2016-max-common-connected-subgraph-paper/datasets/graphsdb/mcs30/m4D/m4D/mcs30_m4D_s90.A00 fileNameGt=../../cp2016-max-common-connected-subgraph-paper/datasets/graphsdb/mcs30/m4D/m4D/mcs30_m4D_s90.B00
Reading graphs...
90 :  146
90 :  145
Initializing...
maxdom : 10
D->valSize : 518
Solving...
Blb : 2 (clique : 35)
currentSize : 35 <-- 0.006112 s
currentSize : 36 <-- 0.006494 s
currentSize : 37 <-- 0.006754 s
currentSize : 38 <-- 0.007321 s
currentSize : 39 <-- 0.013171 s
currentSize : 40 <-- 0.322650 s
currentSize : 41 <-- 1.591530 s
currentSize : 42 <-- 35.549770 s
currentSize : 43 <-- 52.224949 s

TIMEOUT
maxsize : 43
nodes : 159899986.000000
filtered : 1389347919.000000
time : 1000.000061
