Parameters: GAD=1 vflib=1 dir=0 label=0 vlabel=1 lowerbound=1 fileNameGp=../../cp2016-max-common-connected-subgraph-paper/datasets/graphsdb/mcs30/m2D/m2Dr4/mcs30_m2Dr4_s60.A02 fileNameGt=../../cp2016-max-common-connected-subgraph-paper/datasets/graphsdb/mcs30/m2D/m2Dr4/mcs30_m2Dr4_s60.B02
Reading graphs...
60 :  127
60 :  126
Initializing...
maxdom : 9
D->valSize : 276
Solving...
Blb : 2 (clique : 19)
currentSize : 19 <-- 0.003384 s
currentSize : 20 <-- 0.003631 s
currentSize : 21 <-- 0.003749 s
currentSize : 22 <-- 0.003930 s
currentSize : 23 <-- 0.004145 s
currentSize : 24 <-- 0.004330 s
currentSize : 25 <-- 0.014118 s
currentSize : 26 <-- 0.145650 s
currentSize : 27 <-- 0.503266 s
currentSize : 28 <-- 2.495263 s

maxsize : 28
nodes : 22310277.000000
filtered : 190320869.000000
time : 110.087738
