Parameters: GAD=1 vflib=1 dir=0 label=0 vlabel=1 lowerbound=1 fileNameGp=../../cp2016-max-common-connected-subgraph-paper/datasets/graphsdb/mcs30/m2D/m2D/mcs30_m2D_s70.A04 fileNameGt=../../cp2016-max-common-connected-subgraph-paper/datasets/graphsdb/mcs30/m2D/m2D/mcs30_m2D_s70.B04
Reading graphs...
70 :  120
70 :  123
Initializing...
maxdom : 7
D->valSize : 321
Solving...
Blb : 5 (clique : 29)
currentSize : 29 <-- 0.004447 s
currentSize : 30 <-- 0.800901 s
currentSize : 31 <-- 5.580057 s
currentSize : 32 <-- 23.289160 s
currentSize : 33 <-- 476.873718 s
currentSize : 34 <-- 487.060516 s
currentSize : 35 <-- 526.792664 s

TIMEOUT
maxsize : 35
nodes : 204662176.000000
filtered : 1320965771.000000
time : 1000.000000
