Parameters: GAD=1 vflib=1 dir=0 label=0 vlabel=1 lowerbound=1 fileNameGp=../../cp2016-max-common-connected-subgraph-paper/datasets/graphsdb/mcs30/m3D/m3Dr2/mcs30_m3Dr2_s70.A06 fileNameGt=../../cp2016-max-common-connected-subgraph-paper/datasets/graphsdb/mcs30/m3D/m3Dr2/mcs30_m3Dr2_s70.B06
Reading graphs...
70 :  172
70 :  171
Initializing...
maxdom : 8
D->valSize : 335
Solving...
Blb : 2 (clique : 24)
currentSize : 24 <-- 0.004587 s
currentSize : 25 <-- 0.005079 s
currentSize : 26 <-- 0.064541 s
currentSize : 27 <-- 0.254180 s
currentSize : 28 <-- 38.058666 s
currentSize : 29 <-- 391.504059 s
currentSize : 30 <-- 404.331879 s
currentSize : 31 <-- 647.959473 s

TIMEOUT
maxsize : 31
nodes : 193991273.000000
filtered : 1561833431.000000
time : 1000.000000
