Parameters: GAD=1 vflib=1 dir=0 label=0 vlabel=1 lowerbound=1 fileNameGp=../../cp2016-max-common-connected-subgraph-paper/datasets/graphsdb/mcs30/bvg/b06/mcs30_b06_s70.A05 fileNameGt=../../cp2016-max-common-connected-subgraph-paper/datasets/graphsdb/mcs30/bvg/b06/mcs30_b06_s70.B05
Reading graphs...
70 :  209
70 :  207
Initializing...
maxdom : 6
D->valSize : 307
Solving...
Blb : 2 (clique : 21)
currentSize : 21 <-- 0.002566 s
currentSize : 22 <-- 0.002802 s
currentSize : 23 <-- 0.003054 s
currentSize : 24 <-- 0.003521 s
currentSize : 25 <-- 0.013745 s
currentSize : 26 <-- 0.388797 s
currentSize : 27 <-- 0.955521 s
currentSize : 28 <-- 26.246859 s
currentSize : 29 <-- 305.794678 s

TIMEOUT
maxsize : 29
nodes : 197912043.000000
filtered : 1413179701.000000
time : 1000.000061
