Parameters: GAD=1 vflib=1 dir=0 label=0 vlabel=1 lowerbound=1 fileNameGp=../../cp2016-max-common-connected-subgraph-paper/datasets/graphsdb/mcs30/bvg/b09/mcs30_b09_s80.A02 fileNameGt=../../cp2016-max-common-connected-subgraph-paper/datasets/graphsdb/mcs30/bvg/b09/mcs30_b09_s80.B02
Reading graphs...
80 :  355
80 :  355
Initializing...
maxdom : 12
D->valSize : 442
Solving...
Blb : 2 (clique : 19)
currentSize : 19 <-- 0.006901 s
currentSize : 21 <-- 0.007158 s
currentSize : 22 <-- 0.015053 s
currentSize : 23 <-- 0.018044 s
currentSize : 24 <-- 0.731088 s
currentSize : 25 <-- 1.023923 s
currentSize : 27 <-- 3.041530 s
currentSize : 28 <-- 3.043414 s
currentSize : 29 <-- 177.461777 s
currentSize : 30 <-- 177.487717 s

TIMEOUT
maxsize : 30
nodes : 170149295.000000
filtered : 1601691385.000000
time : 1000.000061
