Parameters: GAD=1 vflib=1 dir=0 label=0 vlabel=1 lowerbound=1 fileNameGp=../../cp2016-max-common-connected-subgraph-paper/datasets/graphsdb/mcs30/bvg/b09/mcs30_b09_s100.A02 fileNameGt=../../cp2016-max-common-connected-subgraph-paper/datasets/graphsdb/mcs30/bvg/b09/mcs30_b09_s100.B02
Reading graphs...
100 :  445
100 :  448
Initializing...
maxdom : 9
D->valSize : 322
Solving...
Blb : 2 (clique : 22)
currentSize : 22 <-- 0.005100 s
currentSize : 23 <-- 0.006532 s
currentSize : 24 <-- 0.009703 s
currentSize : 25 <-- 0.381773 s
currentSize : 26 <-- 33.540852 s
currentSize : 27 <-- 40.831104 s
currentSize : 28 <-- 47.143333 s
currentSize : 29 <-- 702.510498 s

TIMEOUT
maxsize : 29
nodes : 172265902.000000
filtered : 892447473.000000
time : 1000.000000
