Parameters: GAD=1 vflib=1 dir=0 label=0 vlabel=1 lowerbound=1 fileNameGp=../../cp2016-max-common-connected-subgraph-paper/datasets/graphsdb/mcs30/m4D/m4Dr2/mcs30_m4Dr2_s60.A03 fileNameGt=../../cp2016-max-common-connected-subgraph-paper/datasets/graphsdb/mcs30/m4D/m4Dr2/mcs30_m4Dr2_s60.B03
Reading graphs...
60 :  114
60 :  114
Initializing...
maxdom : 9
D->valSize : 271
Solving...
Blb : 5 (clique : 21)
currentSize : 21 <-- 0.002025 s
currentSize : 22 <-- 0.002951 s
currentSize : 23 <-- 0.345765 s
currentSize : 24 <-- 0.406808 s
currentSize : 25 <-- 0.849792 s
currentSize : 26 <-- 22.666510 s
currentSize : 27 <-- 41.427837 s

maxsize : 27
nodes : 24177757.000000
filtered : 213905809.000000
time : 117.561745
