Parameters: GAD=1 vflib=1 dir=0 label=0 vlabel=1 lowerbound=1 fileNameGp=../../cp2016-max-common-connected-subgraph-paper/datasets/graphsdb/mcs30/m2D/m2D/mcs30_m2D_s70.A07 fileNameGt=../../cp2016-max-common-connected-subgraph-paper/datasets/graphsdb/mcs30/m2D/m2D/mcs30_m2D_s70.B07
Reading graphs...
70 :  122
70 :  122
Initializing...
maxdom : 8
D->valSize : 319
Solving...
Blb : 2 (clique : 27)
currentSize : 27 <-- 0.004430 s
currentSize : 28 <-- 0.041310 s
currentSize : 29 <-- 0.065886 s
currentSize : 30 <-- 0.078436 s
currentSize : 31 <-- 0.078702 s
currentSize : 32 <-- 1.329880 s
currentSize : 33 <-- 1.361523 s
currentSize : 34 <-- 14.116658 s

TIMEOUT
maxsize : 34
nodes : 191414009.000000
filtered : 1469883097.000000
time : 1000.000061
