Parameters: GAD=1 vflib=1 dir=0 label=0 vlabel=1 lowerbound=1 fileNameGp=../../cp2016-max-common-connected-subgraph-paper/datasets/graphsdb/mcs30/rand/r02/mcs30_r02_s100.A09 fileNameGt=../../cp2016-max-common-connected-subgraph-paper/datasets/graphsdb/mcs30/rand/r02/mcs30_r02_s100.B09
Reading graphs...
100 :  1782
100 :  1786
Initializing...
maxdom : 7
D->valSize : 357
Solving...
Blb : 2 (clique : 11)
currentSize : 11 <-- 0.004470 s
currentSize : 12 <-- 0.004627 s
currentSize : 14 <-- 0.008866 s
currentSize : 15 <-- 0.058875 s
currentSize : 18 <-- 0.059775 s
currentSize : 19 <-- 0.125371 s
currentSize : 22 <-- 0.125500 s
currentSize : 23 <-- 2.974633 s
currentSize : 25 <-- 2.995559 s
currentSize : 30 <-- 2.997536 s

maxsize : 30
nodes : 563247.000000
filtered : 6356635.000000
time : 3.990095
