Parameters: GAD=1 vflib=1 dir=0 label=0 vlabel=1 lowerbound=1 fileNameGp=../../cp2016-max-common-connected-subgraph-paper/datasets/graphsdb/mcs30/m2D/m2Dr4/mcs30_m2Dr4_s70.A04 fileNameGt=../../cp2016-max-common-connected-subgraph-paper/datasets/graphsdb/mcs30/m2D/m2Dr4/mcs30_m2Dr4_s70.B04
Reading graphs...
70 :  150
70 :  150
Initializing...
maxdom : 11
D->valSize : 336
Solving...
Blb : 2 (clique : 24)
currentSize : 24 <-- 0.003085 s
currentSize : 25 <-- 0.003272 s
currentSize : 26 <-- 0.003370 s
currentSize : 27 <-- 0.019607 s
currentSize : 28 <-- 0.019713 s
currentSize : 29 <-- 0.020040 s
currentSize : 30 <-- 20.099564 s
currentSize : 31 <-- 21.724655 s
currentSize : 32 <-- 186.377151 s

TIMEOUT
maxsize : 32
nodes : 191120779.000000
filtered : 1514735819.000000
time : 1000.000061
