Parameters: GAD=1 vflib=1 dir=0 label=0 vlabel=1 lowerbound=1 fileNameGp=../../cp2016-max-common-connected-subgraph-paper/datasets/graphsdb/mcs30/bvg/b06/mcs30_b06_s50.A02 fileNameGt=../../cp2016-max-common-connected-subgraph-paper/datasets/graphsdb/mcs30/bvg/b06/mcs30_b06_s50.B02
Reading graphs...
50 :  148
50 :  150
Initializing...
maxdom : 10
D->valSize : 332
Solving...
Blb : 2 (clique : 16)
currentSize : 16 <-- 0.002453 s
currentSize : 17 <-- 0.002594 s
currentSize : 18 <-- 0.039041 s
currentSize : 19 <-- 0.067557 s
currentSize : 20 <-- 0.504452 s
currentSize : 21 <-- 2.719642 s
currentSize : 22 <-- 3.250613 s
currentSize : 23 <-- 257.577209 s

maxsize : 23
nodes : 63850904.000000
filtered : 742153226.000000
time : 308.257751
