Parameters: GAD=1 vflib=1 dir=0 label=0 vlabel=1 lowerbound=1 fileNameGp=../../cp2016-max-common-connected-subgraph-paper/datasets/graphsdb/mcs30/bvg/b03m/mcs30_b03m_s70.A07 fileNameGt=../../cp2016-max-common-connected-subgraph-paper/datasets/graphsdb/mcs30/bvg/b03m/mcs30_b03m_s70.B07
Reading graphs...
70 :  105
70 :  105
Initializing...
maxdom : 10
D->valSize : 326
Solving...
Blb : 2 (clique : 25)
currentSize : 25 <-- 0.002753 s
currentSize : 26 <-- 0.003003 s
currentSize : 27 <-- 0.003150 s
currentSize : 28 <-- 0.004092 s
currentSize : 29 <-- 0.029658 s
currentSize : 30 <-- 0.034705 s
currentSize : 31 <-- 0.685972 s
currentSize : 32 <-- 17.366182 s

TIMEOUT
maxsize : 32
nodes : 189128025.000000
filtered : 1621045111.000000
time : 1000.000000
