Parameters: GAD=1 vflib=1 dir=0 label=0 vlabel=1 lowerbound=1 fileNameGp=../../cp2016-max-common-connected-subgraph-paper/datasets/graphsdb/mcs30/bvg/b06m/mcs30_b06m_s90.A06 fileNameGt=../../cp2016-max-common-connected-subgraph-paper/datasets/graphsdb/mcs30/bvg/b06m/mcs30_b06m_s90.B06
Reading graphs...
90 :  266
90 :  267
Initializing...
maxdom : 8
D->valSize : 514
Solving...
Blb : 2 (clique : 30)
currentSize : 30 <-- 0.009592 s
currentSize : 31 <-- 0.010178 s
currentSize : 32 <-- 0.146182 s
currentSize : 33 <-- 0.993385 s
currentSize : 34 <-- 1.343770 s
currentSize : 35 <-- 1.747726 s
currentSize : 36 <-- 4.861030 s
currentSize : 37 <-- 92.815514 s

TIMEOUT
maxsize : 37
nodes : 176320057.000000
filtered : 1246451538.000000
time : 1000.000061
