Parameters: GAD=1 vflib=1 dir=0 label=0 vlabel=1 lowerbound=1 fileNameGp=../../cp2016-max-common-connected-subgraph-paper/datasets/graphsdb/mcs30/m2D/m2Dr4/mcs30_m2Dr4_s50.A08 fileNameGt=../../cp2016-max-common-connected-subgraph-paper/datasets/graphsdb/mcs30/m2D/m2Dr4/mcs30_m2Dr4_s50.B08
Reading graphs...
50 :  104
50 :  104
Initializing...
maxdom : 9
D->valSize : 333
Solving...
Blb : 2 (clique : 21)
currentSize : 21 <-- 0.002439 s
currentSize : 22 <-- 0.002767 s
currentSize : 23 <-- 0.010228 s
currentSize : 24 <-- 0.250809 s
currentSize : 25 <-- 8.535183 s
currentSize : 26 <-- 102.158951 s

maxsize : 26
nodes : 27460050.000000
filtered : 310374813.000000
time : 139.544357
