Parameters: GAD=1 vflib=1 dir=0 label=0 vlabel=1 lowerbound=1 fileNameGp=../../cp2016-max-common-connected-subgraph-paper/datasets/graphsdb/mcs30/bvg/b06/mcs30_b06_s60.A06 fileNameGt=../../cp2016-max-common-connected-subgraph-paper/datasets/graphsdb/mcs30/bvg/b06/mcs30_b06_s60.B06
Reading graphs...
60 :  176
60 :  177
Initializing...
maxdom : 6
D->valSize : 234
Solving...
Blb : 5 (clique : 19)
currentSize : 19 <-- 0.002637 s
currentSize : 20 <-- 0.005112 s
currentSize : 21 <-- 0.091224 s
currentSize : 22 <-- 0.112874 s
currentSize : 23 <-- 1.022259 s
currentSize : 24 <-- 1.672987 s
currentSize : 25 <-- 2.227928 s
currentSize : 26 <-- 2.228048 s

maxsize : 26
nodes : 5800468.000000
filtered : 37531349.000000
time : 26.824200
