Parameters: GAD=1 vflib=1 dir=0 label=0 vlabel=1 lowerbound=1 fileNameGp=../../cp2016-max-common-connected-subgraph-paper/datasets/graphsdb/mcs30/m3D/m3Dr6/mcs30_m3Dr6_s70.A07 fileNameGt=../../cp2016-max-common-connected-subgraph-paper/datasets/graphsdb/mcs30/m3D/m3Dr6/mcs30_m3Dr6_s70.B07
Reading graphs...
70 :  196
70 :  194
Initializing...
maxdom : 9
D->valSize : 317
Solving...
Blb : 2 (clique : 20)
currentSize : 20 <-- 0.002665 s
currentSize : 21 <-- 0.002869 s
currentSize : 22 <-- 0.004107 s
currentSize : 23 <-- 0.047244 s
currentSize : 24 <-- 0.585234 s
currentSize : 25 <-- 1.047406 s
currentSize : 26 <-- 55.056583 s
currentSize : 27 <-- 384.190735 s
currentSize : 28 <-- 395.626007 s

TIMEOUT
maxsize : 28
nodes : 193601095.000000
filtered : 1507222675.000000
time : 1000.000000
