Parameters: GAD=1 vflib=1 dir=0 label=0 vlabel=1 lowerbound=1 fileNameGp=../../cp2016-max-common-connected-subgraph-paper/datasets/graphsdb/mcs30/m2D/m2Dr2/mcs30_m2Dr2_s100.A02 fileNameGt=../../cp2016-max-common-connected-subgraph-paper/datasets/graphsdb/mcs30/m2D/m2Dr2/mcs30_m2Dr2_s100.B02
Reading graphs...
100 :  199
100 :  197
Initializing...
maxdom : 6
D->valSize : 299
Solving...
Blb : 2 (clique : 31)
currentSize : 31 <-- 0.003107 s
currentSize : 32 <-- 0.055911 s
currentSize : 33 <-- 0.095487 s
currentSize : 34 <-- 0.098317 s
currentSize : 35 <-- 0.244940 s
currentSize : 36 <-- 1.198471 s
currentSize : 37 <-- 3.182621 s
currentSize : 38 <-- 17.705853 s
currentSize : 39 <-- 67.139687 s
currentSize : 40 <-- 337.165802 s

TIMEOUT
maxsize : 40
nodes : 181692992.000000
filtered : 797713512.000000
time : 1000.000061
