Parameters: GAD=1 vflib=1 dir=0 label=0 vlabel=1 lowerbound=1 fileNameGp=../../cp2016-max-common-connected-subgraph-paper/datasets/graphsdb/mcs30/m4D/m4Dr6/mcs30_m4Dr6_s70.A08 fileNameGt=../../cp2016-max-common-connected-subgraph-paper/datasets/graphsdb/mcs30/m4D/m4Dr6/mcs30_m4Dr6_s70.B08
Reading graphs...
70 :  157
70 :  154
Initializing...
maxdom : 8
D->valSize : 316
Solving...
Blb : 2 (clique : 23)
currentSize : 23 <-- 0.004388 s
currentSize : 24 <-- 0.004626 s
currentSize : 25 <-- 0.007528 s
currentSize : 26 <-- 0.109544 s
currentSize : 27 <-- 0.497752 s
currentSize : 28 <-- 13.220378 s

TIMEOUT
maxsize : 28
nodes : 194451907.000000
filtered : 1402495498.000000
time : 1000.000061
