Parameters: GAD=1 vflib=1 dir=0 label=0 vlabel=1 lowerbound=1 fileNameGp=../../cp2016-max-common-connected-subgraph-paper/datasets/graphsdb/mcs30/m2D/m2D/mcs30_m2D_s60.A06 fileNameGt=../../cp2016-max-common-connected-subgraph-paper/datasets/graphsdb/mcs30/m2D/m2D/mcs30_m2D_s60.B06
Reading graphs...
60 :  104
60 :  102
Initializing...
maxdom : 6
D->valSize : 223
Solving...
Blb : 2 (clique : 22)
currentSize : 22 <-- 0.002643 s
currentSize : 23 <-- 0.005251 s
currentSize : 24 <-- 0.016119 s
currentSize : 25 <-- 0.018567 s
currentSize : 26 <-- 1.034555 s
currentSize : 27 <-- 1.893684 s
currentSize : 28 <-- 23.393547 s
currentSize : 29 <-- 75.475403 s

maxsize : 29
nodes : 34302666.000000
filtered : 220545265.000000
time : 156.955292
