Parameters: GAD=1 vflib=1 dir=0 label=0 vlabel=1 lowerbound=1 fileNameGp=../../cp2016-max-common-connected-subgraph-paper/datasets/graphsdb/mcs30/m3D/m3Dr4/mcs30_m3Dr4_s80.A03 fileNameGt=../../cp2016-max-common-connected-subgraph-paper/datasets/graphsdb/mcs30/m3D/m3Dr4/mcs30_m3Dr4_s80.B03
Reading graphs...
80 :  215
80 :  215
Initializing...
maxdom : 8
D->valSize : 410
Solving...
Blb : 2 (clique : 23)
currentSize : 23 <-- 0.006504 s
currentSize : 24 <-- 0.007179 s
currentSize : 25 <-- 0.052366 s
currentSize : 26 <-- 0.238126 s
currentSize : 27 <-- 0.253228 s
currentSize : 28 <-- 0.750391 s
currentSize : 29 <-- 2.073571 s
currentSize : 30 <-- 6.442131 s
currentSize : 31 <-- 190.131378 s

TIMEOUT
maxsize : 31
nodes : 189584581.000000
filtered : 1379917522.000000
time : 1000.000061
