Parameters: GAD=1 vflib=1 dir=0 label=0 vlabel=1 lowerbound=1 fileNameGp=../../cp2016-max-common-connected-subgraph-paper/datasets/graphsdb/mcs30/m2D/m2D/mcs30_m2D_s60.A09 fileNameGt=../../cp2016-max-common-connected-subgraph-paper/datasets/graphsdb/mcs30/m2D/m2D/mcs30_m2D_s60.B09
Reading graphs...
60 :  104
60 :  104
Initializing...
maxdom : 7
D->valSize : 231
Solving...
Blb : 2 (clique : 24)
currentSize : 24 <-- 0.002724 s
currentSize : 26 <-- 0.002913 s
currentSize : 27 <-- 0.030016 s
currentSize : 28 <-- 0.197079 s
currentSize : 29 <-- 0.800343 s
currentSize : 30 <-- 2.244827 s
currentSize : 31 <-- 17.388624 s

maxsize : 31
nodes : 15704456.000000
filtered : 115094485.000000
time : 74.813408
