Parameters: GAD=1 vflib=1 dir=0 label=0 vlabel=1 lowerbound=1 fileNameGp=../../cp2016-max-common-connected-subgraph-paper/datasets/graphsdb/mcs30/m2D/m2Dr6/mcs30_m2Dr6_s70.A03 fileNameGt=../../cp2016-max-common-connected-subgraph-paper/datasets/graphsdb/mcs30/m2D/m2Dr6/mcs30_m2Dr6_s70.B03
Reading graphs...
70 :  160
70 :  162
Initializing...
maxdom : 9
D->valSize : 327
Solving...
Blb : 2 (clique : 20)
currentSize : 20 <-- 0.004288 s
currentSize : 21 <-- 0.005264 s
currentSize : 22 <-- 0.007421 s
currentSize : 23 <-- 0.079079 s
currentSize : 24 <-- 0.181762 s
currentSize : 25 <-- 0.212793 s
currentSize : 26 <-- 6.954344 s
currentSize : 27 <-- 20.367533 s
currentSize : 28 <-- 150.832748 s
currentSize : 29 <-- 330.313843 s

maxsize : 29
nodes : 127938993.000000
filtered : 970606679.000000
time : 658.358765
