Parameters: GAD=1 vflib=1 dir=0 label=0 vlabel=1 lowerbound=1 fileNameGp=../../cp2016-max-common-connected-subgraph-paper/datasets/graphsdb/mcs30/rand/r01/mcs30_r01_s60.A05 fileNameGt=../../cp2016-max-common-connected-subgraph-paper/datasets/graphsdb/mcs30/rand/r01/mcs30_r01_s60.B05
Reading graphs...
60 :  335
60 :  337
Initializing...
maxdom : 7
D->valSize : 231
Solving...
Blb : 2 (clique : 13)
currentSize : 13 <-- 0.002648 s
currentSize : 14 <-- 0.003406 s
currentSize : 15 <-- 0.004163 s
currentSize : 16 <-- 0.012584 s
currentSize : 17 <-- 0.029981 s
currentSize : 18 <-- 1.806864 s
currentSize : 19 <-- 4.579416 s
currentSize : 20 <-- 4.597322 s

maxsize : 20
nodes : 1740675.000000
filtered : 12026624.000000
time : 8.209779
