Parameters: GAD=1 vflib=1 dir=0 label=0 vlabel=1 lowerbound=1 fileNameGp=../../cp2016-max-common-connected-subgraph-paper/datasets/graphsdb/mcs30/m2D/m2D/mcs30_m2D_s70.A09 fileNameGt=../../cp2016-max-common-connected-subgraph-paper/datasets/graphsdb/mcs30/m2D/m2D/mcs30_m2D_s70.B09
Reading graphs...
70 :  123
70 :  122
Initializing...
maxdom : 8
D->valSize : 318
Solving...
Blb : 2 (clique : 26)
currentSize : 26 <-- 0.004445 s
currentSize : 27 <-- 0.009975 s
currentSize : 28 <-- 0.011849 s
currentSize : 29 <-- 0.012358 s
currentSize : 30 <-- 2.951305 s
currentSize : 31 <-- 15.645914 s
currentSize : 32 <-- 131.011703 s

TIMEOUT
maxsize : 32
nodes : 207955159.000000
filtered : 1302059880.000000
time : 1000.000000
