Parameters: GAD=1 vflib=1 dir=0 label=0 vlabel=1 lowerbound=1 fileNameGp=../../cp2016-max-common-connected-subgraph-paper/datasets/graphsdb/mcs30/bvg/b03/mcs30_b03_s80.A04 fileNameGt=../../cp2016-max-common-connected-subgraph-paper/datasets/graphsdb/mcs30/bvg/b03/mcs30_b03_s80.B04
Reading graphs...
80 :  120
80 :  120
Initializing...
maxdom : 11
D->valSize : 444
Solving...
Blb : 2 (clique : 34)
currentSize : 34 <-- 0.004544 s
currentSize : 35 <-- 0.004811 s
currentSize : 36 <-- 0.004977 s
currentSize : 37 <-- 0.005220 s
currentSize : 38 <-- 0.764615 s
currentSize : 39 <-- 44.378998 s

TIMEOUT
maxsize : 39
nodes : 185718220.000000
filtered : 1990292852.000000
time : 1000.000061
