Parameters: GAD=1 vflib=1 dir=0 label=0 vlabel=1 lowerbound=1 fileNameGp=../../cp2016-max-common-connected-subgraph-paper/datasets/graphsdb/mcs30/m3D/m3D/mcs30_m3D_s70.A03 fileNameGt=../../cp2016-max-common-connected-subgraph-paper/datasets/graphsdb/mcs30/m3D/m3D/mcs30_m3D_s70.B03
Reading graphs...
70 :  158
70 :  159
Initializing...
maxdom : 9
D->valSize : 349
Solving...
Blb : 3 (clique : 22)
currentSize : 22 <-- 0.002972 s
currentSize : 23 <-- 0.003169 s
currentSize : 25 <-- 0.003279 s
currentSize : 26 <-- 0.004737 s
currentSize : 27 <-- 0.006840 s
currentSize : 28 <-- 0.012923 s
currentSize : 29 <-- 0.062111 s
currentSize : 30 <-- 0.071562 s
currentSize : 31 <-- 0.115198 s

maxsize : 31
nodes : 84187489.000000
filtered : 910014011.000000
time : 479.315094
