Parameters: GAD=1 vflib=1 dir=0 label=0 vlabel=1 lowerbound=1 fileNameGp=../../cp2016-max-common-connected-subgraph-paper/datasets/graphsdb/mcs30/m2D/m2D/mcs30_m2D_s90.A04 fileNameGt=../../cp2016-max-common-connected-subgraph-paper/datasets/graphsdb/mcs30/m2D/m2D/mcs30_m2D_s90.B04
Reading graphs...
90 :  161
90 :  161
Initializing...
maxdom : 12
D->valSize : 516
Solving...
Blb : 2 (clique : 34)
currentSize : 34 <-- 0.009896 s
currentSize : 35 <-- 0.568576 s
currentSize : 36 <-- 1.185863 s
currentSize : 37 <-- 1.308762 s
currentSize : 38 <-- 8.258965 s
currentSize : 39 <-- 174.764374 s
currentSize : 40 <-- 710.183594 s

TIMEOUT
maxsize : 40
nodes : 182815845.000000
filtered : 1297979418.000000
time : 1000.000061
