Parameters: GAD=1 vflib=1 dir=0 label=0 vlabel=1 lowerbound=1 fileNameGp=../../cp2016-max-common-connected-subgraph-paper/datasets/graphsdb/mcs30/m4D/m4Dr4/mcs30_m4Dr4_s50.A07 fileNameGt=../../cp2016-max-common-connected-subgraph-paper/datasets/graphsdb/mcs30/m4D/m4Dr4/mcs30_m4Dr4_s50.B07
Reading graphs...
50 :  106
50 :  105
Initializing...
maxdom : 8
D->valSize : 311
Solving...
Blb : 2 (clique : 20)
currentSize : 20 <-- 0.002301 s
currentSize : 21 <-- 0.004540 s
currentSize : 22 <-- 0.020606 s
currentSize : 23 <-- 0.027160 s
currentSize : 24 <-- 0.124559 s
currentSize : 25 <-- 0.476158 s

maxsize : 25
nodes : 15921010.000000
filtered : 192535957.000000
time : 79.953964
