Parameters: GAD=1 vflib=1 dir=0 label=0 vlabel=1 lowerbound=1 fileNameGp=../../cp2016-max-common-connected-subgraph-paper/datasets/graphsdb/mcs30/m2D/m2Dr2/mcs30_m2Dr2_s70.A01 fileNameGt=../../cp2016-max-common-connected-subgraph-paper/datasets/graphsdb/mcs30/m2D/m2Dr2/mcs30_m2Dr2_s70.B01
Reading graphs...
70 :  135
70 :  137
Initializing...
maxdom : 10
D->valSize : 314
Solving...
Blb : 2 (clique : 23)
currentSize : 23 <-- 0.002875 s
currentSize : 25 <-- 0.003022 s
currentSize : 26 <-- 0.003085 s
currentSize : 27 <-- 2.837875 s
currentSize : 28 <-- 27.178741 s
currentSize : 29 <-- 27.179827 s
currentSize : 30 <-- 364.006287 s

TIMEOUT
maxsize : 30
nodes : 191476294.000000
filtered : 1683102185.000000
time : 1000.000061
