Parameters: GAD=1 vflib=1 dir=0 label=0 vlabel=1 lowerbound=1 fileNameGp=../../cp2016-max-common-connected-subgraph-paper/datasets/graphsdb/mcs30/m4D/m4Dr6/mcs30_m4Dr6_s90.A07 fileNameGt=../../cp2016-max-common-connected-subgraph-paper/datasets/graphsdb/mcs30/m4D/m4Dr6/mcs30_m4Dr6_s90.B07
Reading graphs...
90 :  197
90 :  197
Initializing...
maxdom : 12
D->valSize : 530
Solving...
Blb : 2 (clique : 31)
currentSize : 31 <-- 0.006330 s
currentSize : 33 <-- 0.006583 s
currentSize : 34 <-- 0.036528 s
currentSize : 35 <-- 1.694118 s
currentSize : 36 <-- 10.758189 s
currentSize : 37 <-- 36.677753 s
currentSize : 38 <-- 103.649330 s
currentSize : 39 <-- 185.190079 s
currentSize : 40 <-- 211.847702 s

TIMEOUT
maxsize : 40
nodes : 189088212.000000
filtered : 1106462614.000000
time : 1000.000061
