Parameters: GAD=1 vflib=1 dir=0 label=0 vlabel=1 lowerbound=1 fileNameGp=../../cp2016-max-common-connected-subgraph-paper/datasets/graphsdb/mcs30/m4D/m4Dr4/mcs30_m4Dr4_s90.A03 fileNameGt=../../cp2016-max-common-connected-subgraph-paper/datasets/graphsdb/mcs30/m4D/m4Dr4/mcs30_m4Dr4_s90.B03
Reading graphs...
90 :  181
90 :  180
Initializing...
maxdom : 12
D->valSize : 487
Solving...
Blb : 2 (clique : 33)
currentSize : 33 <-- 0.005459 s
currentSize : 34 <-- 0.404608 s
currentSize : 35 <-- 0.430095 s
currentSize : 36 <-- 1.226026 s
currentSize : 37 <-- 1.691304 s
currentSize : 38 <-- 22.825771 s
currentSize : 39 <-- 222.520935 s
currentSize : 40 <-- 655.587708 s

TIMEOUT
maxsize : 40
nodes : 170124348.000000
filtered : 1453891703.000000
time : 1000.000122
