Parameters: GAD=1 vflib=1 dir=0 label=0 vlabel=1 lowerbound=1 fileNameGp=../../cp2016-max-common-connected-subgraph-paper/datasets/graphsdb/mcs30/m2D/m2Dr2/mcs30_m2Dr2_s80.A09 fileNameGt=../../cp2016-max-common-connected-subgraph-paper/datasets/graphsdb/mcs30/m2D/m2Dr2/mcs30_m2Dr2_s80.B09
Reading graphs...
80 :  157
80 :  157
Initializing...
maxdom : 9
D->valSize : 401
Solving...
Blb : 2 (clique : 29)
currentSize : 29 <-- 0.004132 s
currentSize : 30 <-- 0.004341 s
currentSize : 31 <-- 0.004421 s
currentSize : 32 <-- 0.004909 s
currentSize : 33 <-- 0.005119 s
currentSize : 34 <-- 6.230121 s
currentSize : 35 <-- 7.318109 s
currentSize : 36 <-- 122.349777 s

TIMEOUT
maxsize : 36
nodes : 188882348.000000
filtered : 1441822701.000000
time : 1000.000061
