Parameters: GAD=1 vflib=1 dir=0 label=0 vlabel=1 lowerbound=1 fileNameGp=../../cp2016-max-common-connected-subgraph-paper/datasets/graphsdb/mcs30/m4D/m4Dr4/mcs30_m4Dr4_s80.A08 fileNameGt=../../cp2016-max-common-connected-subgraph-paper/datasets/graphsdb/mcs30/m4D/m4Dr4/mcs30_m4Dr4_s80.B08
Reading graphs...
80 :  161
80 :  157
Initializing...
maxdom : 10
D->valSize : 446
Solving...
Blb : 2 (clique : 29)
currentSize : 29 <-- 0.005676 s
currentSize : 30 <-- 0.005915 s
currentSize : 31 <-- 0.050591 s
currentSize : 32 <-- 0.060898 s
currentSize : 33 <-- 0.081124 s
currentSize : 34 <-- 0.088012 s
currentSize : 36 <-- 6.250410 s
currentSize : 37 <-- 23.430096 s
currentSize : 38 <-- 25.870441 s

TIMEOUT
maxsize : 38
nodes : 166533801.000000
filtered : 1607118370.000000
time : 1000.000061
