Parameters: GAD=1 vflib=1 dir=0 label=0 vlabel=1 lowerbound=1 fileNameGp=../../cp2016-max-common-connected-subgraph-paper/datasets/graphsdb/mcs30/m4D/m4Dr2/mcs30_m4Dr2_s80.A08 fileNameGt=../../cp2016-max-common-connected-subgraph-paper/datasets/graphsdb/mcs30/m4D/m4Dr2/mcs30_m4Dr2_s80.B08
Reading graphs...
80 :  147
80 :  146
Initializing...
maxdom : 8
D->valSize : 423
Solving...
Blb : 2 (clique : 28)
currentSize : 28 <-- 0.006756 s
currentSize : 29 <-- 0.019727 s
currentSize : 30 <-- 0.039615 s
currentSize : 31 <-- 0.066539 s
currentSize : 32 <-- 0.075220 s
currentSize : 33 <-- 1.424187 s
currentSize : 34 <-- 1.561851 s
currentSize : 35 <-- 108.081749 s

TIMEOUT
maxsize : 35
nodes : 181698980.000000
filtered : 1420077251.000000
time : 1000.000061
