Parameters: GAD=1 vflib=1 dir=0 label=0 vlabel=1 lowerbound=1 fileNameGp=../../cp2016-max-common-connected-subgraph-paper/datasets/graphsdb/mcs30/bvg/b03m/mcs30_b03m_s90.A03 fileNameGt=../../cp2016-max-common-connected-subgraph-paper/datasets/graphsdb/mcs30/bvg/b03m/mcs30_b03m_s90.B03
Reading graphs...
90 :  134
90 :  135
Initializing...
maxdom : 8
D->valSize : 483
Solving...
Blb : 2 (clique : 36)
currentSize : 36 <-- 0.009079 s
currentSize : 37 <-- 0.021856 s
currentSize : 38 <-- 0.080837 s
currentSize : 39 <-- 0.819493 s
currentSize : 40 <-- 1.361015 s
currentSize : 41 <-- 105.934738 s

TIMEOUT
maxsize : 41
nodes : 173973169.000000
filtered : 1235824691.000000
time : 1000.000061
