Parameters: GAD=1 vflib=1 dir=0 label=0 vlabel=1 lowerbound=1 fileNameGp=../../cp2016-max-common-connected-subgraph-paper/datasets/graphsdb/mcs30/m2D/m2Dr6/mcs30_m2Dr6_s50.A03 fileNameGt=../../cp2016-max-common-connected-subgraph-paper/datasets/graphsdb/mcs30/m2D/m2Dr6/mcs30_m2Dr6_s50.B03
Reading graphs...
50 :  112
50 :  112
Initializing...
maxdom : 14
D->valSize : 338
Solving...
Blb : 2 (clique : 19)
currentSize : 19 <-- 0.002536 s
currentSize : 20 <-- 0.002660 s
currentSize : 21 <-- 0.077173 s
currentSize : 22 <-- 1.490235 s
currentSize : 23 <-- 2.232890 s
currentSize : 24 <-- 94.311729 s

maxsize : 24
nodes : 20638730.000000
filtered : 281347344.000000
time : 109.008896
