Parameters: GAD=1 vflib=1 dir=0 label=0 vlabel=1 lowerbound=1 fileNameGp=../../cp2016-max-common-connected-subgraph-paper/datasets/graphsdb/mcs30/m2D/m2Dr6/mcs30_m2Dr6_s80.A00 fileNameGt=../../cp2016-max-common-connected-subgraph-paper/datasets/graphsdb/mcs30/m2D/m2Dr6/mcs30_m2Dr6_s80.B00
Reading graphs...
80 :  189
80 :  189
Initializing...
maxdom : 10
D->valSize : 418
Solving...
Blb : 3 (clique : 23)
currentSize : 23 <-- 0.003951 s
currentSize : 24 <-- 0.004167 s
currentSize : 25 <-- 0.008634 s
currentSize : 26 <-- 0.035562 s
currentSize : 27 <-- 0.410778 s
currentSize : 28 <-- 3.001013 s
currentSize : 29 <-- 59.863995 s

TIMEOUT
maxsize : 29
nodes : 187254620.000000
filtered : 1436553413.000000
time : 1000.000000
