Parameters: GAD=1 vflib=1 dir=0 label=0 vlabel=1 lowerbound=1 fileNameGp=../../cp2016-max-common-connected-subgraph-paper/datasets/graphsdb/mcs30/bvg/b09m/mcs30_b09m_s80.A08 fileNameGt=../../cp2016-max-common-connected-subgraph-paper/datasets/graphsdb/mcs30/bvg/b09m/mcs30_b09m_s80.B08
Reading graphs...
80 :  354
80 :  353
Initializing...
maxdom : 11
D->valSize : 447
Solving...
Blb : 2 (clique : 21)
currentSize : 21 <-- 0.004334 s
currentSize : 22 <-- 0.019813 s
currentSize : 23 <-- 0.410115 s
currentSize : 24 <-- 0.506008 s
currentSize : 25 <-- 2.807206 s
currentSize : 26 <-- 358.178131 s
currentSize : 27 <-- 518.584473 s
currentSize : 28 <-- 621.085938 s

TIMEOUT
maxsize : 28
nodes : 169039170.000000
filtered : 1727615260.000000
time : 1000.000000
