Parameters: GAD=1 vflib=1 dir=0 label=0 vlabel=1 lowerbound=1 fileNameGp=../../cp2016-max-common-connected-subgraph-paper/datasets/graphsdb/mcs30/m2D/m2Dr4/mcs30_m2Dr4_s60.A05 fileNameGt=../../cp2016-max-common-connected-subgraph-paper/datasets/graphsdb/mcs30/m2D/m2Dr4/mcs30_m2Dr4_s60.B05
Reading graphs...
60 :  125
60 :  123
Initializing...
maxdom : 8
D->valSize : 291
Solving...
Blb : 5 (clique : 21)
currentSize : 21 <-- 0.002197 s
currentSize : 22 <-- 0.059064 s
currentSize : 23 <-- 0.558055 s
currentSize : 24 <-- 1.081647 s
currentSize : 25 <-- 4.296928 s
currentSize : 26 <-- 27.492592 s
currentSize : 27 <-- 86.913422 s

maxsize : 27
nodes : 64066302.000000
filtered : 572864785.000000
time : 319.657593
