Parameters: GAD=1 vflib=1 dir=0 label=0 vlabel=1 lowerbound=1 fileNameGp=../../cp2016-max-common-connected-subgraph-paper/datasets/graphsdb/mcs30/m2D/m2Dr6/mcs30_m2Dr6_s70.A01 fileNameGt=../../cp2016-max-common-connected-subgraph-paper/datasets/graphsdb/mcs30/m2D/m2Dr6/mcs30_m2Dr6_s70.B01
Reading graphs...
70 :  162
70 :  162
Initializing...
maxdom : 8
D->valSize : 296
Solving...
Blb : 2 (clique : 21)
currentSize : 21 <-- 0.002572 s
currentSize : 22 <-- 0.002873 s
currentSize : 23 <-- 0.002924 s
currentSize : 24 <-- 0.005285 s
currentSize : 25 <-- 0.006832 s
currentSize : 26 <-- 0.040953 s
currentSize : 27 <-- 2.278930 s
currentSize : 28 <-- 4.911807 s
currentSize : 29 <-- 32.599525 s
currentSize : 30 <-- 307.396973 s
currentSize : 31 <-- 406.176270 s
currentSize : 32 <-- 702.918091 s

TIMEOUT
maxsize : 32
nodes : 197806154.000000
filtered : 1444723236.000000
time : 1000.000000
