Parameters: GAD=1 vflib=1 dir=0 label=0 vlabel=1 lowerbound=1 fileNameGp=../../cp2016-max-common-connected-subgraph-paper/datasets/graphsdb/mcs30/m4D/m4D/mcs30_m4D_s50.A01 fileNameGt=../../cp2016-max-common-connected-subgraph-paper/datasets/graphsdb/mcs30/m4D/m4D/mcs30_m4D_s50.B01
Reading graphs...
50 :  87
50 :  87
Initializing...
maxdom : 9
D->valSize : 313
Solving...
Blb : 2 (clique : 20)
currentSize : 20 <-- 0.003800 s
currentSize : 21 <-- 0.030152 s
currentSize : 22 <-- 0.075978 s
currentSize : 23 <-- 0.076159 s
currentSize : 24 <-- 0.079115 s
currentSize : 25 <-- 0.087547 s
currentSize : 26 <-- 1.597227 s

TIMEOUT
maxsize : 26
nodes : 196947718.000000
filtered : 2430702568.000000
time : 1000.000061
