Parameters: GAD=1 vflib=1 dir=0 label=0 vlabel=1 lowerbound=1 fileNameGp=../../cp2016-max-common-connected-subgraph-paper/datasets/graphsdb/mcs30/m2D/m2D/mcs30_m2D_s50.A01 fileNameGt=../../cp2016-max-common-connected-subgraph-paper/datasets/graphsdb/mcs30/m2D/m2D/mcs30_m2D_s50.B01
Reading graphs...
50 :  84
50 :  85
Initializing...
maxdom : 8
D->valSize : 317
Solving...
Blb : 2 (clique : 19)
currentSize : 19 <-- 0.002320 s
currentSize : 21 <-- 0.002431 s
currentSize : 22 <-- 0.002592 s
currentSize : 23 <-- 0.003493 s
currentSize : 24 <-- 0.007034 s
currentSize : 25 <-- 0.014872 s
currentSize : 26 <-- 4.842564 s
currentSize : 27 <-- 28.615305 s
currentSize : 28 <-- 60.563095 s

maxsize : 28
nodes : 33796307.000000
filtered : 418720273.000000
time : 176.118713
