Parameters: GAD=1 vflib=1 dir=0 label=0 vlabel=1 lowerbound=1 fileNameGp=../../cp2016-max-common-connected-subgraph-paper/datasets/graphsdb/mcs30/bvg/b09/mcs30_b09_s50.A04 fileNameGt=../../cp2016-max-common-connected-subgraph-paper/datasets/graphsdb/mcs30/bvg/b09/mcs30_b09_s50.B04
Reading graphs...
50 :  218
50 :  218
Initializing...
maxdom : 10
D->valSize : 318
Solving...
Blb : 2 (clique : 13)
currentSize : 13 <-- 0.003470 s
currentSize : 14 <-- 0.003613 s
currentSize : 15 <-- 0.005186 s
currentSize : 16 <-- 0.025555 s
currentSize : 17 <-- 0.057688 s
currentSize : 18 <-- 14.840873 s
currentSize : 19 <-- 18.731916 s

maxsize : 19
nodes : 8219755.000000
filtered : 79933270.000000
time : 37.519749
