Parameters: GAD=1 vflib=1 dir=0 label=0 vlabel=1 lowerbound=1 fileNameGp=../../cp2016-max-common-connected-subgraph-paper/datasets/graphsdb/mcs30/rand/r005/mcs30_r005_s80.A02 fileNameGt=../../cp2016-max-common-connected-subgraph-paper/datasets/graphsdb/mcs30/rand/r005/mcs30_r005_s80.B02
Reading graphs...
80 :  312
80 :  309
Initializing...
maxdom : 11
D->valSize : 443
Solving...
Blb : 2 (clique : 21)
currentSize : 21 <-- 0.004258 s
currentSize : 22 <-- 0.006702 s
currentSize : 23 <-- 0.301336 s
currentSize : 24 <-- 0.820286 s
currentSize : 25 <-- 2.563331 s
currentSize : 26 <-- 3.852788 s
currentSize : 27 <-- 29.320965 s

TIMEOUT
maxsize : 27
nodes : 179605527.000000
filtered : 1430112253.000000
time : 1000.000000
