Parameters: GAD=1 vflib=1 dir=0 label=0 vlabel=1 lowerbound=1 fileNameGp=../../cp2016-max-common-connected-subgraph-paper/datasets/graphsdb/mcs30/m2D/m2D/mcs30_m2D_s100.A05 fileNameGt=../../cp2016-max-common-connected-subgraph-paper/datasets/graphsdb/mcs30/m2D/m2D/mcs30_m2D_s100.B05
Reading graphs...
100 :  179
100 :  179
Initializing...
maxdom : 9
D->valSize : 349
Solving...
Blb : 2 (clique : 31)
currentSize : 31 <-- 0.003897 s
currentSize : 32 <-- 0.004181 s
currentSize : 33 <-- 0.004357 s
currentSize : 34 <-- 0.004543 s
currentSize : 35 <-- 0.004863 s
currentSize : 36 <-- 0.005908 s
currentSize : 37 <-- 0.016084 s
currentSize : 38 <-- 0.214963 s
currentSize : 39 <-- 1.111004 s
currentSize : 40 <-- 4.159226 s
currentSize : 41 <-- 190.189240 s
currentSize : 42 <-- 805.969727 s

TIMEOUT
maxsize : 42
nodes : 183151259.000000
filtered : 887561777.000000
time : 1000.000061
