Parameters: GAD=1 vflib=1 dir=0 label=0 vlabel=1 lowerbound=1 fileNameGp=../../cp2016-max-common-connected-subgraph-paper/datasets/graphsdb/mcs30/rand/r01/mcs30_r01_s80.A04 fileNameGt=../../cp2016-max-common-connected-subgraph-paper/datasets/graphsdb/mcs30/rand/r01/mcs30_r01_s80.B04
Reading graphs...
80 :  612
80 :  594
Initializing...
maxdom : 9
D->valSize : 393
Solving...
Blb : 2 (clique : 14)
currentSize : 14 <-- 0.004523 s
currentSize : 15 <-- 0.004868 s
currentSize : 16 <-- 0.021754 s
currentSize : 17 <-- 0.058204 s
currentSize : 18 <-- 0.085582 s
currentSize : 19 <-- 0.091679 s
currentSize : 20 <-- 2.304057 s
currentSize : 22 <-- 32.240269 s
currentSize : 24 <-- 32.271099 s

maxsize : 24
nodes : 46278443.000000
filtered : 455345457.000000
time : 275.476746
