Parameters: GAD=1 vflib=1 dir=0 label=0 vlabel=1 lowerbound=1 fileNameGp=../../cp2016-max-common-connected-subgraph-paper/datasets/graphsdb/mcs30/rand/r02/mcs30_r02_s90.A05 fileNameGt=../../cp2016-max-common-connected-subgraph-paper/datasets/graphsdb/mcs30/rand/r02/mcs30_r02_s90.B05
Reading graphs...
90 :  1424
90 :  1423
Initializing...
maxdom : 12
D->valSize : 543
Solving...
Blb : 2 (clique : 11)
currentSize : 11 <-- 0.006950 s
currentSize : 12 <-- 0.007087 s
currentSize : 13 <-- 0.007750 s
currentSize : 14 <-- 0.171546 s
currentSize : 15 <-- 2.645143 s
currentSize : 16 <-- 2.699118 s
currentSize : 17 <-- 2.699293 s
currentSize : 18 <-- 33.223755 s
currentSize : 19 <-- 33.267971 s
currentSize : 20 <-- 33.268070 s
currentSize : 21 <-- 33.268364 s
currentSize : 23 <-- 66.932594 s
currentSize : 27 <-- 66.933083 s

maxsize : 27
nodes : 12589595.000000
filtered : 126621897.000000
time : 79.669373
