Parameters: GAD=1 vflib=1 dir=0 label=0 vlabel=1 lowerbound=1 fileNameGp=../../cp2016-max-common-connected-subgraph-paper/datasets/graphsdb/mcs30/rand/r005/mcs30_r005_s70.A05 fileNameGt=../../cp2016-max-common-connected-subgraph-paper/datasets/graphsdb/mcs30/rand/r005/mcs30_r005_s70.B05
Reading graphs...
70 :  234
70 :  235
Initializing...
maxdom : 8
D->valSize : 293
Solving...
Blb : 5 (clique : 21)
currentSize : 21 <-- 0.003892 s
currentSize : 22 <-- 0.005160 s
currentSize : 23 <-- 0.356595 s
currentSize : 24 <-- 2.130716 s
currentSize : 25 <-- 13.246659 s
currentSize : 26 <-- 190.006546 s

maxsize : 26
nodes : 94882579.000000
filtered : 852267209.000000
time : 521.816772
