Parameters: GAD=1 vflib=1 dir=0 label=0 vlabel=1 lowerbound=1 fileNameGp=../../cp2016-max-common-connected-subgraph-paper/datasets/graphsdb/mcs30/m3D/m3Dr2/mcs30_m3Dr2_s70.A09 fileNameGt=../../cp2016-max-common-connected-subgraph-paper/datasets/graphsdb/mcs30/m3D/m3Dr2/mcs30_m3Dr2_s70.B09
Reading graphs...
70 :  171
70 :  172
Initializing...
maxdom : 8
D->valSize : 317
Solving...
Blb : 2 (clique : 25)
currentSize : 25 <-- 0.004464 s
currentSize : 26 <-- 0.006258 s
currentSize : 28 <-- 0.019197 s
currentSize : 29 <-- 0.031232 s
currentSize : 30 <-- 0.831255 s
currentSize : 31 <-- 10.426008 s

TIMEOUT
maxsize : 31
nodes : 195571514.000000
filtered : 1463379476.000000
time : 1000.000061
