Parameters: GAD=1 vflib=1 dir=0 label=0 vlabel=1 lowerbound=1 fileNameGp=../../cp2016-max-common-connected-subgraph-paper/datasets/graphsdb/mcs30/bvg/b06/mcs30_b06_s60.A09 fileNameGt=../../cp2016-max-common-connected-subgraph-paper/datasets/graphsdb/mcs30/bvg/b06/mcs30_b06_s60.B09
Reading graphs...
60 :  176
60 :  177
Initializing...
maxdom : 7
D->valSize : 247
Solving...
Blb : 2 (clique : 16)
currentSize : 16 <-- 0.001895 s
currentSize : 17 <-- 0.002023 s
currentSize : 18 <-- 0.002196 s
currentSize : 19 <-- 0.004338 s
currentSize : 20 <-- 0.016069 s
currentSize : 21 <-- 0.063208 s
currentSize : 22 <-- 8.104294 s
currentSize : 23 <-- 35.500904 s
currentSize : 24 <-- 35.505638 s
currentSize : 25 <-- 78.112717 s
currentSize : 26 <-- 93.666573 s

maxsize : 26
nodes : 24261804.000000
filtered : 184165797.000000
time : 111.398186
