Parameters: GAD=1 vflib=1 dir=0 label=0 vlabel=1 lowerbound=1 fileNameGp=../../cp2016-max-common-connected-subgraph-paper/datasets/graphsdb/mcs30/rand/r005/mcs30_r005_s100.A06 fileNameGt=../../cp2016-max-common-connected-subgraph-paper/datasets/graphsdb/mcs30/rand/r005/mcs30_r005_s100.B06
Reading graphs...
100 :  477
100 :  483
Initializing...
maxdom : 6
D->valSize : 328
Solving...
Blb : 2 (clique : 21)
currentSize : 21 <-- 0.003518 s
currentSize : 22 <-- 0.003719 s
currentSize : 23 <-- 0.013430 s
currentSize : 24 <-- 0.322879 s
currentSize : 25 <-- 0.344613 s
currentSize : 26 <-- 59.943394 s
currentSize : 27 <-- 178.518723 s
currentSize : 28 <-- 182.641769 s
currentSize : 29 <-- 182.658463 s
currentSize : 30 <-- 219.520828 s

TIMEOUT
maxsize : 30
nodes : 166352956.000000
filtered : 966262026.000000
time : 1000.000061
