Parameters: GAD=1 vflib=1 dir=0 label=0 vlabel=1 lowerbound=1 fileNameGp=../../cp2016-max-common-connected-subgraph-paper/datasets/graphsdb/mcs30/m3D/m3Dr2/mcs30_m3Dr2_s100.A01 fileNameGt=../../cp2016-max-common-connected-subgraph-paper/datasets/graphsdb/mcs30/m3D/m3Dr2/mcs30_m3Dr2_s100.B01
Reading graphs...
100 :  250
100 :  252
Initializing...
maxdom : 6
D->valSize : 322
Solving...
Blb : 2 (clique : 27)
currentSize : 27 <-- 0.005308 s
currentSize : 28 <-- 0.005697 s
currentSize : 29 <-- 0.007209 s
currentSize : 30 <-- 0.008365 s
currentSize : 31 <-- 0.030605 s
currentSize : 32 <-- 0.031262 s
currentSize : 33 <-- 0.976218 s
currentSize : 34 <-- 2.181590 s
currentSize : 35 <-- 2.649417 s
currentSize : 36 <-- 435.663116 s
currentSize : 37 <-- 435.670807 s

TIMEOUT
maxsize : 37
nodes : 177221858.000000
filtered : 827827525.000000
time : 1000.000061
