Parameters: GAD=1 vflib=1 dir=0 label=0 vlabel=1 lowerbound=1 fileNameGp=../../cp2016-max-common-connected-subgraph-paper/datasets/graphsdb/mcs30/m4D/m4Dr6/mcs30_m4Dr6_s60.A04 fileNameGt=../../cp2016-max-common-connected-subgraph-paper/datasets/graphsdb/mcs30/m4D/m4Dr6/mcs30_m4Dr6_s60.B04
Reading graphs...
60 :  135
60 :  137
Initializing...
maxdom : 8
D->valSize : 234
Solving...
Blb : 3 (clique : 19)
currentSize : 19 <-- 0.001759 s
currentSize : 20 <-- 0.003673 s
currentSize : 21 <-- 0.017027 s
currentSize : 22 <-- 0.355638 s
currentSize : 23 <-- 0.711632 s
currentSize : 24 <-- 0.867776 s
currentSize : 25 <-- 3.900613 s
currentSize : 26 <-- 19.264296 s

maxsize : 26
nodes : 16209786.000000
filtered : 115456833.000000
time : 76.541199
