Parameters: GAD=1 vflib=1 dir=0 label=0 vlabel=1 lowerbound=1 fileNameGp=../../cp2016-max-common-connected-subgraph-paper/datasets/graphsdb/mcs30/m2D/m2D/mcs30_m2D_s90.A08 fileNameGt=../../cp2016-max-common-connected-subgraph-paper/datasets/graphsdb/mcs30/m2D/m2D/mcs30_m2D_s90.B08
Reading graphs...
90 :  161
90 :  160
Initializing...
maxdom : 11
D->valSize : 587
Solving...
Blb : 2 (clique : 32)
currentSize : 32 <-- 0.007269 s
currentSize : 36 <-- 0.007544 s
currentSize : 37 <-- 0.007677 s
currentSize : 38 <-- 0.230436 s
currentSize : 39 <-- 1.315725 s
currentSize : 40 <-- 2.115302 s
currentSize : 41 <-- 17.028858 s
currentSize : 42 <-- 21.955765 s

TIMEOUT
maxsize : 42
nodes : 164007486.000000
filtered : 1766123553.000000
time : 1000.000061
