Parameters: GAD=1 vflib=1 dir=0 label=0 vlabel=1 lowerbound=1 fileNameGp=../../cp2016-max-common-connected-subgraph-paper/datasets/graphsdb/mcs30/m2D/m2D/mcs30_m2D_s60.A04 fileNameGt=../../cp2016-max-common-connected-subgraph-paper/datasets/graphsdb/mcs30/m2D/m2D/mcs30_m2D_s60.B04
Reading graphs...
60 :  103
60 :  102
Initializing...
maxdom : 8
D->valSize : 236
Solving...
Blb : 2 (clique : 19)
currentSize : 19 <-- 0.001940 s
currentSize : 20 <-- 0.002071 s
currentSize : 21 <-- 0.002179 s
currentSize : 22 <-- 0.002503 s
currentSize : 23 <-- 0.002862 s
currentSize : 24 <-- 0.181288 s
currentSize : 25 <-- 0.181438 s
currentSize : 26 <-- 2.350484 s
currentSize : 27 <-- 667.780029 s

TIMEOUT
maxsize : 27
nodes : 205710830.000000
filtered : 1665080543.000000
time : 1000.000000
