Parameters: GAD=1 vflib=1 dir=0 label=0 vlabel=1 lowerbound=1 fileNameGp=../../cp2016-max-common-connected-subgraph-paper/datasets/graphsdb/mcs30/m4D/m4Dr6/mcs30_m4Dr6_s90.A08 fileNameGt=../../cp2016-max-common-connected-subgraph-paper/datasets/graphsdb/mcs30/m4D/m4Dr6/mcs30_m4Dr6_s90.B08
Reading graphs...
90 :  200
90 :  196
Initializing...
maxdom : 11
D->valSize : 542
Solving...
Blb : 2 (clique : 30)
currentSize : 30 <-- 0.006580 s
currentSize : 31 <-- 0.036537 s
currentSize : 32 <-- 2.129932 s
currentSize : 33 <-- 2.795657 s
currentSize : 34 <-- 40.364880 s
currentSize : 35 <-- 46.771774 s
currentSize : 36 <-- 79.359810 s

TIMEOUT
maxsize : 36
nodes : 174915554.000000
filtered : 1328778669.000000
time : 1000.000061
