Parameters: GAD=1 vflib=1 dir=0 label=0 vlabel=1 lowerbound=1 fileNameGp=../../cp2016-max-common-connected-subgraph-paper/datasets/graphsdb/mcs30/rand/r02/mcs30_r02_s60.A05 fileNameGt=../../cp2016-max-common-connected-subgraph-paper/datasets/graphsdb/mcs30/rand/r02/mcs30_r02_s60.B05
Reading graphs...
60 :  638
60 :  624
Initializing...
maxdom : 7
D->valSize : 240
Solving...
Blb : 5 (clique : 8)
currentSize : 8 <-- 0.002570 s
currentSize : 9 <-- 0.002680 s
currentSize : 10 <-- 0.011521 s
currentSize : 11 <-- 0.032721 s
currentSize : 12 <-- 0.041687 s
currentSize : 13 <-- 0.382791 s
currentSize : 14 <-- 0.641319 s
currentSize : 15 <-- 1.208712 s
currentSize : 18 <-- 1.209158 s

maxsize : 18
nodes : 295291.000000
filtered : 1931841.000000
time : 1.429654
