Parameters: GAD=1 vflib=1 dir=0 label=0 vlabel=1 lowerbound=1 fileNameGp=../../cp2016-max-common-connected-subgraph-paper/datasets/graphsdb/mcs30/bvg/b09m/mcs30_b09m_s90.A03 fileNameGt=../../cp2016-max-common-connected-subgraph-paper/datasets/graphsdb/mcs30/bvg/b09m/mcs30_b09m_s90.B03
Reading graphs...
90 :  397
90 :  394
Initializing...
maxdom : 11
D->valSize : 552
Solving...
Blb : 5 (clique : 22)
currentSize : 22 <-- 0.006451 s
currentSize : 23 <-- 0.006676 s
currentSize : 24 <-- 0.116569 s
currentSize : 25 <-- 0.445358 s
currentSize : 26 <-- 14.015289 s
currentSize : 27 <-- 555.304382 s
currentSize : 28 <-- 854.572205 s

TIMEOUT
maxsize : 28
nodes : 185634438.000000
filtered : 1063287284.000000
time : 1000.000000
