Parameters: GAD=1 vflib=1 dir=0 label=0 vlabel=1 lowerbound=1 fileNameGp=../../cp2016-max-common-connected-subgraph-paper/datasets/graphsdb/mcs30/rand/r005/mcs30_r005_s90.A01 fileNameGt=../../cp2016-max-common-connected-subgraph-paper/datasets/graphsdb/mcs30/rand/r005/mcs30_r005_s90.B01
Reading graphs...
90 :  389
90 :  388
Initializing...
maxdom : 9
D->valSize : 554
Solving...
Blb : 2 (clique : 23)
currentSize : 23 <-- 0.010403 s
currentSize : 24 <-- 0.010785 s
currentSize : 25 <-- 0.013574 s
currentSize : 26 <-- 0.182603 s
currentSize : 27 <-- 0.358807 s
currentSize : 28 <-- 4.451698 s
currentSize : 29 <-- 4.845188 s
currentSize : 30 <-- 24.598156 s

TIMEOUT
maxsize : 30
nodes : 164526854.000000
filtered : 1392068885.000000
time : 1000.000061
