Parameters: GAD=1 vflib=1 dir=0 label=0 vlabel=1 lowerbound=1 fileNameGp=../../cp2016-max-common-connected-subgraph-paper/datasets/graphsdb/mcs30/m2D/m2Dr2/mcs30_m2Dr2_s70.A08 fileNameGt=../../cp2016-max-common-connected-subgraph-paper/datasets/graphsdb/mcs30/m2D/m2Dr2/mcs30_m2Dr2_s70.B08
Reading graphs...
70 :  134
70 :  135
Initializing...
maxdom : 10
D->valSize : 335
Solving...
Blb : 2 (clique : 28)
currentSize : 28 <-- 0.004088 s
currentSize : 29 <-- 0.004322 s
currentSize : 30 <-- 0.004456 s
currentSize : 31 <-- 0.007756 s
currentSize : 32 <-- 9.969379 s
currentSize : 33 <-- 18.834593 s

TIMEOUT
maxsize : 33
nodes : 184773155.000000
filtered : 1790763242.000000
time : 1000.000061
