Parameters: GAD=1 vflib=1 dir=0 label=0 vlabel=1 lowerbound=1 fileNameGp=../../cp2016-max-common-connected-subgraph-paper/datasets/graphsdb/mcs30/m2D/m2Dr2/mcs30_m2Dr2_s60.A02 fileNameGt=../../cp2016-max-common-connected-subgraph-paper/datasets/graphsdb/mcs30/m2D/m2Dr2/mcs30_m2Dr2_s60.B02
Reading graphs...
60 :  114
60 :  115
Initializing...
maxdom : 7
D->valSize : 224
Solving...
Blb : 2 (clique : 21)
currentSize : 21 <-- 0.001722 s
currentSize : 22 <-- 0.004071 s
currentSize : 23 <-- 0.013428 s
currentSize : 24 <-- 0.908820 s
currentSize : 25 <-- 2.449057 s
currentSize : 26 <-- 5.548477 s
currentSize : 27 <-- 6.341134 s
currentSize : 28 <-- 40.394344 s

maxsize : 28
nodes : 18886035.000000
filtered : 125385858.000000
time : 86.347137
