Parameters: GAD=1 vflib=1 dir=0 label=0 vlabel=1 lowerbound=1 fileNameGp=../../cp2016-max-common-connected-subgraph-paper/datasets/graphsdb/mcs30/bvg/b09m/mcs30_b09m_s100.A09 fileNameGt=../../cp2016-max-common-connected-subgraph-paper/datasets/graphsdb/mcs30/bvg/b09m/mcs30_b09m_s100.B09
Reading graphs...
100 :  442
100 :  440
Initializing...
maxdom : 7
D->valSize : 340
Solving...
Blb : 2 (clique : 20)
currentSize : 20 <-- 0.005330 s
currentSize : 21 <-- 0.006153 s
currentSize : 22 <-- 0.006432 s
currentSize : 23 <-- 0.012790 s
currentSize : 24 <-- 0.037532 s
currentSize : 25 <-- 0.799371 s
currentSize : 26 <-- 4.286719 s
currentSize : 27 <-- 27.160994 s
currentSize : 28 <-- 77.373238 s
currentSize : 29 <-- 108.491646 s
currentSize : 30 <-- 178.090820 s
currentSize : 31 <-- 194.259613 s
currentSize : 32 <-- 194.341629 s
currentSize : 33 <-- 196.083527 s

TIMEOUT
maxsize : 33
nodes : 178588199.000000
filtered : 852243633.000000
time : 1000.000061
