Parameters: GAD=1 vflib=1 dir=0 label=0 vlabel=1 lowerbound=1 fileNameGp=../../cp2016-max-common-connected-subgraph-paper/datasets/graphsdb/mcs30/m3D/m3Dr6/mcs30_m3Dr6_s90.A06 fileNameGt=../../cp2016-max-common-connected-subgraph-paper/datasets/graphsdb/mcs30/m3D/m3Dr6/mcs30_m3Dr6_s90.B06
Reading graphs...
90 :  256
90 :  255
Initializing...
maxdom : 10
D->valSize : 518
Solving...
Blb : 3 (clique : 26)
currentSize : 26 <-- 0.006823 s
currentSize : 27 <-- 0.008886 s
currentSize : 28 <-- 0.010417 s
currentSize : 29 <-- 0.033488 s
currentSize : 30 <-- 0.199611 s
currentSize : 31 <-- 2.748920 s
currentSize : 32 <-- 66.302429 s
currentSize : 33 <-- 760.670776 s

TIMEOUT
maxsize : 33
nodes : 166569562.000000
filtered : 1426505205.000000
time : 1000.000061
