Parameters: GAD=1 vflib=1 dir=0 label=0 vlabel=1 lowerbound=1 fileNameGp=../../cp2016-max-common-connected-subgraph-paper/datasets/graphsdb/mcs30/m2D/m2Dr6/mcs30_m2Dr6_s100.A02 fileNameGt=../../cp2016-max-common-connected-subgraph-paper/datasets/graphsdb/mcs30/m2D/m2Dr6/mcs30_m2Dr6_s100.B02
Reading graphs...
100 :  239
100 :  238
Initializing...
maxdom : 9
D->valSize : 349
Solving...
Blb : 2 (clique : 25)
currentSize : 25 <-- 0.003500 s
currentSize : 26 <-- 0.003780 s
currentSize : 27 <-- 0.003971 s
currentSize : 28 <-- 0.004182 s
currentSize : 29 <-- 0.005620 s
currentSize : 30 <-- 0.029010 s
currentSize : 31 <-- 0.032620 s
currentSize : 32 <-- 0.425928 s
currentSize : 33 <-- 0.426597 s
currentSize : 34 <-- 80.399925 s
currentSize : 35 <-- 100.193825 s
currentSize : 36 <-- 492.438141 s
currentSize : 37 <-- 948.668579 s

TIMEOUT
maxsize : 37
nodes : 175917268.000000
filtered : 880410724.000000
time : 1000.000061
