Parameters: GAD=1 vflib=1 dir=0 label=0 vlabel=1 lowerbound=1 fileNameGp=../../cp2016-max-common-connected-subgraph-paper/datasets/graphsdb/mcs30/m2D/m2Dr6/mcs30_m2Dr6_s90.A00 fileNameGt=../../cp2016-max-common-connected-subgraph-paper/datasets/graphsdb/mcs30/m2D/m2Dr6/mcs30_m2Dr6_s90.B00
Reading graphs...
90 :  213
90 :  209
Initializing...
maxdom : 10
D->valSize : 520
Solving...
Blb : 2 (clique : 32)
currentSize : 32 <-- 0.009901 s
currentSize : 33 <-- 0.010938 s
currentSize : 34 <-- 0.012869 s
currentSize : 35 <-- 0.022228 s
currentSize : 36 <-- 0.606407 s
currentSize : 37 <-- 1.683228 s

TIMEOUT
maxsize : 37
nodes : 180413757.000000
filtered : 1037621466.000000
time : 1000.000061
