Parameters: GAD=1 vflib=1 dir=0 label=0 vlabel=1 lowerbound=1 fileNameGp=../../cp2016-max-common-connected-subgraph-paper/datasets/graphsdb/mcs30/bvg/b06/mcs30_b06_s80.A06 fileNameGt=../../cp2016-max-common-connected-subgraph-paper/datasets/graphsdb/mcs30/bvg/b06/mcs30_b06_s80.B06
Reading graphs...
80 :  237
80 :  239
Initializing...
maxdom : 9
D->valSize : 435
Solving...
Blb : 2 (clique : 24)
currentSize : 24 <-- 0.004370 s
currentSize : 25 <-- 0.004600 s
currentSize : 26 <-- 0.015603 s
currentSize : 27 <-- 0.015809 s
currentSize : 28 <-- 0.034116 s
currentSize : 29 <-- 32.832340 s
currentSize : 30 <-- 120.710655 s
currentSize : 31 <-- 237.208099 s

TIMEOUT
maxsize : 31
nodes : 175405139.000000
filtered : 1648275901.000000
time : 1000.000061
