Parameters: GAD=1 vflib=1 dir=0 label=0 vlabel=1 lowerbound=1 fileNameGp=../../cp2016-max-common-connected-subgraph-paper/datasets/graphsdb/mcs30/m4D/m4Dr6/mcs30_m4Dr6_s90.A04 fileNameGt=../../cp2016-max-common-connected-subgraph-paper/datasets/graphsdb/mcs30/m4D/m4Dr6/mcs30_m4Dr6_s90.B04
Reading graphs...
90 :  198
90 :  197
Initializing...
maxdom : 10
D->valSize : 509
Solving...
Blb : 2 (clique : 30)
currentSize : 30 <-- 0.005842 s
currentSize : 31 <-- 0.015807 s
currentSize : 32 <-- 0.023705 s
currentSize : 33 <-- 0.041740 s
currentSize : 34 <-- 0.213587 s
currentSize : 35 <-- 5.094369 s
currentSize : 36 <-- 5.808783 s

TIMEOUT
maxsize : 36
nodes : 172276961.000000
filtered : 1030204519.000000
time : 1000.000061
