Parameters: GAD=1 vflib=1 dir=0 label=0 vlabel=1 lowerbound=1 fileNameGp=../../cp2016-max-common-connected-subgraph-paper/datasets/graphsdb/mcs30/m4D/m4Dr6/mcs30_m4Dr6_s90.A00 fileNameGt=../../cp2016-max-common-connected-subgraph-paper/datasets/graphsdb/mcs30/m4D/m4Dr6/mcs30_m4Dr6_s90.B00
Reading graphs...
90 :  197
90 :  196
Initializing...
maxdom : 8
D->valSize : 506
Solving...
Blb : 2 (clique : 33)
currentSize : 33 <-- 0.005746 s
currentSize : 34 <-- 0.006461 s
currentSize : 35 <-- 0.007907 s
currentSize : 36 <-- 0.312107 s
currentSize : 37 <-- 4.223451 s
currentSize : 38 <-- 178.514114 s
currentSize : 39 <-- 293.095734 s

TIMEOUT
maxsize : 39
nodes : 182687011.000000
filtered : 1246053923.000000
time : 1000.000061
