Parameters: GAD=1 vflib=1 dir=0 label=0 vlabel=1 lowerbound=1 fileNameGp=../../cp2016-max-common-connected-subgraph-paper/datasets/graphsdb/mcs30/rand/r01/mcs30_r01_s90.A01 fileNameGt=../../cp2016-max-common-connected-subgraph-paper/datasets/graphsdb/mcs30/rand/r01/mcs30_r01_s90.B01
Reading graphs...
90 :  756
90 :  764
Initializing...
maxdom : 8
D->valSize : 539
Solving...
Blb : 2 (clique : 17)
currentSize : 17 <-- 0.009444 s
currentSize : 18 <-- 0.010851 s
currentSize : 19 <-- 0.029743 s
currentSize : 20 <-- 0.710418 s
currentSize : 21 <-- 3.002435 s
currentSize : 22 <-- 367.172302 s

TIMEOUT
maxsize : 22
nodes : 164796407.000000
filtered : 1354426610.000000
time : 1000.000061
