Parameters: GAD=1 vflib=1 dir=0 label=0 vlabel=1 lowerbound=1 fileNameGp=../../cp2016-max-common-connected-subgraph-paper/datasets/graphsdb/mcs30/m2D/m2Dr6/mcs30_m2Dr6_s50.A06 fileNameGt=../../cp2016-max-common-connected-subgraph-paper/datasets/graphsdb/mcs30/m2D/m2Dr6/mcs30_m2Dr6_s50.B06
Reading graphs...
50 :  113
50 :  112
Initializing...
maxdom : 10
D->valSize : 314
Solving...
Blb : 2 (clique : 17)
currentSize : 17 <-- 0.002462 s
currentSize : 18 <-- 0.003490 s
currentSize : 19 <-- 0.033778 s
currentSize : 20 <-- 0.043895 s
currentSize : 21 <-- 0.046410 s
currentSize : 22 <-- 0.049857 s
currentSize : 23 <-- 1.162505 s
currentSize : 24 <-- 2.224240 s

maxsize : 24
nodes : 12219032.000000
filtered : 158970892.000000
time : 63.539539
