Parameters: GAD=1 vflib=1 dir=0 label=0 vlabel=1 lowerbound=1 fileNameGp=../../cp2016-max-common-connected-subgraph-paper/datasets/graphsdb/mcs30/rand/r02/mcs30_r02_s90.A06 fileNameGt=../../cp2016-max-common-connected-subgraph-paper/datasets/graphsdb/mcs30/rand/r02/mcs30_r02_s90.B06
Reading graphs...
90 :  1426
90 :  1410
Initializing...
maxdom : 8
D->valSize : 500
Solving...
Blb : 2 (clique : 10)
currentSize : 10 <-- 0.007979 s
currentSize : 11 <-- 0.009358 s
currentSize : 12 <-- 0.010096 s
currentSize : 13 <-- 0.075834 s
currentSize : 14 <-- 1.313677 s
currentSize : 15 <-- 5.179626 s
currentSize : 17 <-- 5.215460 s
currentSize : 18 <-- 8.483130 s
currentSize : 21 <-- 20.918238 s
currentSize : 24 <-- 23.644234 s
currentSize : 27 <-- 28.522961 s

maxsize : 27
nodes : 5960133.000000
filtered : 60789648.000000
time : 38.669106
