Parameters: GAD=1 vflib=1 dir=0 label=0 vlabel=1 lowerbound=1 fileNameGp=../../cp2016-max-common-connected-subgraph-paper/datasets/graphsdb/mcs30/m2D/m2Dr2/mcs30_m2Dr2_s90.A06 fileNameGt=../../cp2016-max-common-connected-subgraph-paper/datasets/graphsdb/mcs30/m2D/m2Dr2/mcs30_m2Dr2_s90.B06
Reading graphs...
90 :  178
90 :  179
Initializing...
maxdom : 9
D->valSize : 511
Solving...
Blb : 2 (clique : 31)
currentSize : 31 <-- 0.009801 s
currentSize : 32 <-- 0.011753 s
currentSize : 33 <-- 0.086533 s
currentSize : 34 <-- 0.397338 s
currentSize : 35 <-- 1.420428 s
currentSize : 36 <-- 4.756743 s

TIMEOUT
maxsize : 36
nodes : 204978601.000000
filtered : 1117679652.000000
time : 1000.000061
