Parameters: GAD=1 vflib=1 dir=0 label=0 vlabel=1 lowerbound=1 fileNameGp=../../cp2016-max-common-connected-subgraph-paper/datasets/graphsdb/mcs30/rand/r02/mcs30_r02_s80.A01 fileNameGt=../../cp2016-max-common-connected-subgraph-paper/datasets/graphsdb/mcs30/rand/r02/mcs30_r02_s80.B01
Reading graphs...
80 :  1149
80 :  1119
Initializing...
maxdom : 10
D->valSize : 444
Solving...
Blb : 3 (clique : 10)
currentSize : 10 <-- 0.004273 s
currentSize : 11 <-- 0.005516 s
currentSize : 12 <-- 0.006491 s
currentSize : 13 <-- 0.036581 s
currentSize : 14 <-- 0.584509 s
currentSize : 15 <-- 0.786112 s
currentSize : 16 <-- 0.786146 s
currentSize : 17 <-- 0.787506 s
currentSize : 18 <-- 5.223684 s
currentSize : 21 <-- 5.223770 s
currentSize : 24 <-- 7.457439 s

maxsize : 24
nodes : 2220565.000000
filtered : 24578402.000000
time : 13.663501
