Parameters: GAD=1 vflib=1 dir=0 label=0 vlabel=1 lowerbound=1 fileNameGp=../../cp2016-max-common-connected-subgraph-paper/datasets/graphsdb/mcs30/m4D/m4D/mcs30_m4D_s60.A05 fileNameGt=../../cp2016-max-common-connected-subgraph-paper/datasets/graphsdb/mcs30/m4D/m4D/mcs30_m4D_s60.B05
Reading graphs...
60 :  101
60 :  101
Initializing...
maxdom : 6
D->valSize : 235
Solving...
Blb : 2 (clique : 25)
currentSize : 25 <-- 0.002361 s
currentSize : 26 <-- 0.003828 s
currentSize : 27 <-- 0.007515 s
currentSize : 28 <-- 2.035592 s
currentSize : 29 <-- 5.340977 s
currentSize : 30 <-- 291.604156 s

TIMEOUT
maxsize : 30
nodes : 224366047.000000
filtered : 1282339011.000000
time : 1000.000061
