Parameters: GAD=1 vflib=1 dir=0 label=0 vlabel=1 lowerbound=1 fileNameGp=../../cp2016-max-common-connected-subgraph-paper/datasets/graphsdb/mcs30/bvg/b09m/mcs30_b09m_s70.A01 fileNameGt=../../cp2016-max-common-connected-subgraph-paper/datasets/graphsdb/mcs30/bvg/b09m/mcs30_b09m_s70.B01
Reading graphs...
70 :  301
70 :  302
Initializing...
maxdom : 9
D->valSize : 319
Solving...
Blb : 3 (clique : 21)
currentSize : 21 <-- 0.002616 s
currentSize : 22 <-- 36.218212 s
currentSize : 24 <-- 76.603401 s
currentSize : 25 <-- 76.605392 s
currentSize : 26 <-- 77.041924 s

maxsize : 26
nodes : 28380826.000000
filtered : 235186999.000000
time : 147.003922
