Parameters: GAD=1 vflib=1 dir=0 label=0 vlabel=1 lowerbound=1 fileNameGp=../../cp2016-max-common-connected-subgraph-paper/datasets/graphsdb/mcs30/bvg/b09m/mcs30_b09m_s50.A07 fileNameGt=../../cp2016-max-common-connected-subgraph-paper/datasets/graphsdb/mcs30/bvg/b09m/mcs30_b09m_s50.B07
Reading graphs...
50 :  212
50 :  213
Initializing...
maxdom : 11
D->valSize : 327
Solving...
Blb : 3 (clique : 13)
currentSize : 13 <-- 0.002265 s
currentSize : 14 <-- 0.002803 s
currentSize : 15 <-- 0.014881 s
currentSize : 16 <-- 0.046434 s
currentSize : 17 <-- 0.086981 s
currentSize : 18 <-- 0.394135 s
currentSize : 19 <-- 22.153292 s

maxsize : 19
nodes : 7063916.000000
filtered : 79307199.000000
time : 33.749424
