Parameters: GAD=1 vflib=1 dir=0 label=0 vlabel=1 lowerbound=1 fileNameGp=../../cp2016-max-common-connected-subgraph-paper/datasets/graphsdb/mcs30/rand/r01/mcs30_r01_s70.A06 fileNameGt=../../cp2016-max-common-connected-subgraph-paper/datasets/graphsdb/mcs30/rand/r01/mcs30_r01_s70.B06
Reading graphs...
70 :  451
70 :  460
Initializing...
maxdom : 7
D->valSize : 334
Solving...
Blb : 2 (clique : 16)
currentSize : 16 <-- 0.002634 s
currentSize : 17 <-- 0.002862 s
currentSize : 18 <-- 0.011726 s
currentSize : 19 <-- 0.031829 s
currentSize : 20 <-- 0.122640 s
currentSize : 21 <-- 0.588477 s
currentSize : 22 <-- 0.660986 s

maxsize : 22
nodes : 4647653.000000
filtered : 48801178.000000
time : 25.854685
