Parameters: GAD=1 vflib=1 dir=0 label=0 vlabel=1 lowerbound=1 fileNameGp=../../cp2016-max-common-connected-subgraph-paper/datasets/graphsdb/mcs30/bvg/b09/mcs30_b09_s100.A08 fileNameGt=../../cp2016-max-common-connected-subgraph-paper/datasets/graphsdb/mcs30/bvg/b09/mcs30_b09_s100.B08
Reading graphs...
100 :  447
100 :  446
Initializing...
maxdom : 6
D->valSize : 346
Solving...
Blb : 2 (clique : 21)
currentSize : 21 <-- 0.003281 s
currentSize : 23 <-- 0.003589 s
currentSize : 24 <-- 0.016853 s
currentSize : 25 <-- 0.095787 s
currentSize : 26 <-- 0.684753 s
currentSize : 27 <-- 0.695635 s
currentSize : 28 <-- 124.331451 s
currentSize : 29 <-- 598.848145 s
currentSize : 30 <-- 950.164429 s
currentSize : 31 <-- 986.236755 s

TIMEOUT
maxsize : 31
nodes : 172495387.000000
filtered : 939131952.000000
time : 1000.000061
