Parameters: GAD=1 vflib=1 dir=0 label=0 vlabel=1 lowerbound=1 fileNameGp=../../cp2016-max-common-connected-subgraph-paper/datasets/graphsdb/mcs30/rand/r01/mcs30_r01_s90.A06 fileNameGt=../../cp2016-max-common-connected-subgraph-paper/datasets/graphsdb/mcs30/rand/r01/mcs30_r01_s90.B06
Reading graphs...
90 :  766
90 :  764
Initializing...
maxdom : 11
D->valSize : 562
Solving...
Blb : 2 (clique : 14)
currentSize : 14 <-- 0.006502 s
currentSize : 15 <-- 0.006783 s
currentSize : 16 <-- 0.008323 s
currentSize : 17 <-- 0.009460 s
currentSize : 18 <-- 0.862452 s
currentSize : 19 <-- 5.624334 s
currentSize : 20 <-- 15.588541 s
currentSize : 21 <-- 87.759819 s

TIMEOUT
maxsize : 21
nodes : 163922237.000000
filtered : 1395352124.000000
time : 1000.000061
