Parameters: GAD=1 vflib=1 dir=0 label=0 vlabel=1 lowerbound=1 fileNameGp=../../cp2016-max-common-connected-subgraph-paper/datasets/graphsdb/mcs30/bvg/b09/mcs30_b09_s90.A03 fileNameGt=../../cp2016-max-common-connected-subgraph-paper/datasets/graphsdb/mcs30/bvg/b09/mcs30_b09_s90.B03
Reading graphs...
90 :  396
90 :  399
Initializing...
maxdom : 8
D->valSize : 525
Solving...
Blb : 3 (clique : 22)
currentSize : 22 <-- 0.005754 s
currentSize : 23 <-- 0.007513 s
currentSize : 24 <-- 0.007556 s
currentSize : 25 <-- 0.071436 s
currentSize : 26 <-- 0.287645 s
currentSize : 27 <-- 1.336734 s
currentSize : 28 <-- 15.742947 s
currentSize : 29 <-- 25.645231 s
currentSize : 30 <-- 26.221912 s

TIMEOUT
maxsize : 30
nodes : 161843202.000000
filtered : 1438358293.000000
time : 1000.000000
