Parameters: GAD=1 vflib=1 dir=0 label=0 vlabel=1 lowerbound=1 fileNameGp=../../cp2016-max-common-connected-subgraph-paper/datasets/graphsdb/mcs30/bvg/b09m/mcs30_b09m_s90.A09 fileNameGt=../../cp2016-max-common-connected-subgraph-paper/datasets/graphsdb/mcs30/bvg/b09m/mcs30_b09m_s90.B09
Reading graphs...
90 :  392
90 :  395
Initializing...
maxdom : 9
D->valSize : 515
Solving...
Blb : 2 (clique : 21)
currentSize : 21 <-- 0.006017 s
currentSize : 22 <-- 0.006485 s
currentSize : 23 <-- 0.006614 s
currentSize : 24 <-- 0.016478 s
currentSize : 25 <-- 0.017331 s
currentSize : 26 <-- 0.097627 s
currentSize : 27 <-- 0.227151 s
currentSize : 28 <-- 2.534299 s
currentSize : 29 <-- 17.337446 s

TIMEOUT
maxsize : 29
nodes : 158403041.000000
filtered : 1605943291.000000
time : 1000.000061
