Parameters: GAD=1 vflib=1 dir=0 label=0 vlabel=1 lowerbound=1 fileNameGp=../../cp2016-max-common-connected-subgraph-paper/datasets/graphsdb/mcs30/m4D/m4Dr2/mcs30_m4Dr2_s50.A08 fileNameGt=../../cp2016-max-common-connected-subgraph-paper/datasets/graphsdb/mcs30/m4D/m4Dr2/mcs30_m4Dr2_s50.B08
Reading graphs...
50 :  96
50 :  96
Initializing...
maxdom : 8
D->valSize : 309
Solving...
Blb : 5 (clique : 21)
currentSize : 21 <-- 0.003554 s
currentSize : 22 <-- 0.021661 s
currentSize : 23 <-- 0.038342 s
currentSize : 24 <-- 1.080562 s
currentSize : 25 <-- 2.459322 s
currentSize : 26 <-- 182.222046 s

maxsize : 26
nodes : 94388958.000000
filtered : 1108506581.000000
time : 478.131958
