Parameters: GAD=1 vflib=1 dir=0 label=0 vlabel=1 lowerbound=1 fileNameGp=../../cp2016-max-common-connected-subgraph-paper/datasets/graphsdb/mcs30/rand/r005/mcs30_r005_s60.A06 fileNameGt=../../cp2016-max-common-connected-subgraph-paper/datasets/graphsdb/mcs30/rand/r005/mcs30_r005_s60.B06
Reading graphs...
60 :  177
60 :  178
Initializing...
maxdom : 6
D->valSize : 223
Solving...
Blb : 2 (clique : 17)
currentSize : 17 <-- 0.001546 s
currentSize : 18 <-- 0.003402 s
currentSize : 19 <-- 0.006741 s
currentSize : 20 <-- 0.034124 s
currentSize : 21 <-- 0.964208 s
currentSize : 22 <-- 15.806067 s
currentSize : 23 <-- 37.149872 s

maxsize : 23
nodes : 12264750.000000
filtered : 87281425.000000
time : 58.097874
