Parameters: GAD=1 vflib=1 dir=0 label=0 vlabel=1 lowerbound=1 fileNameGp=../../cp2016-max-common-connected-subgraph-paper/datasets/graphsdb/mcs30/rand/r005/mcs30_r005_s90.A03 fileNameGt=../../cp2016-max-common-connected-subgraph-paper/datasets/graphsdb/mcs30/rand/r005/mcs30_r005_s90.B03
Reading graphs...
90 :  387
90 :  383
Initializing...
maxdom : 10
D->valSize : 555
Solving...
Blb : 5 (clique : 21)
currentSize : 21 <-- 0.006278 s
currentSize : 22 <-- 0.006580 s
currentSize : 23 <-- 0.006709 s
currentSize : 24 <-- 0.006787 s
currentSize : 25 <-- 0.007118 s
currentSize : 26 <-- 0.008837 s
currentSize : 27 <-- 0.367184 s
currentSize : 28 <-- 12.987474 s
currentSize : 29 <-- 298.690613 s

TIMEOUT
maxsize : 29
nodes : 171294176.000000
filtered : 1381265712.000000
time : 1000.000000
