Parameters: GAD=1 vflib=1 dir=0 label=0 vlabel=1 lowerbound=1 fileNameGp=../../cp2016-max-common-connected-subgraph-paper/datasets/graphsdb/mcs30/bvg/b03/mcs30_b03_s80.A09 fileNameGt=../../cp2016-max-common-connected-subgraph-paper/datasets/graphsdb/mcs30/bvg/b03/mcs30_b03_s80.B09
Reading graphs...
80 :  120
80 :  120
Initializing...
maxdom : 10
D->valSize : 416
Solving...
Blb : 2 (clique : 32)
currentSize : 32 <-- 0.006876 s
currentSize : 33 <-- 0.218391 s
currentSize : 34 <-- 0.230472 s
currentSize : 35 <-- 4.614789 s
currentSize : 36 <-- 5.087997 s
currentSize : 37 <-- 36.463634 s
currentSize : 38 <-- 43.358761 s

TIMEOUT
maxsize : 38
nodes : 188774981.000000
filtered : 1425251495.000000
time : 1000.000061
