Parameters: GAD=1 vflib=1 dir=0 label=0 vlabel=1 lowerbound=1 fileNameGp=../../cp2016-max-common-connected-subgraph-paper/datasets/graphsdb/mcs30/rand/r01/mcs30_r01_s70.A02 fileNameGt=../../cp2016-max-common-connected-subgraph-paper/datasets/graphsdb/mcs30/rand/r01/mcs30_r01_s70.B02
Reading graphs...
70 :  459
70 :  463
Initializing...
maxdom : 6
D->valSize : 334
Solving...
Blb : 2 (clique : 13)
currentSize : 13 <-- 0.002598 s
currentSize : 14 <-- 0.002730 s
currentSize : 15 <-- 0.006543 s
currentSize : 16 <-- 0.014520 s
currentSize : 17 <-- 0.186515 s
currentSize : 18 <-- 4.280464 s
currentSize : 19 <-- 32.369389 s
currentSize : 20 <-- 32.765694 s
currentSize : 21 <-- 60.852905 s

maxsize : 21
nodes : 31613576.000000
filtered : 257949058.000000
time : 166.290726
