Parameters: GAD=1 vflib=1 dir=0 label=0 vlabel=1 lowerbound=1 fileNameGp=../../cp2016-max-common-connected-subgraph-paper/datasets/graphsdb/mcs30/bvg/b09/mcs30_b09_s50.A05 fileNameGt=../../cp2016-max-common-connected-subgraph-paper/datasets/graphsdb/mcs30/bvg/b09/mcs30_b09_s50.B05
Reading graphs...
50 :  213
50 :  222
Initializing...
maxdom : 11
D->valSize : 321
Solving...
Blb : 2 (clique : 14)
currentSize : 14 <-- 0.002345 s
currentSize : 15 <-- 0.002664 s
currentSize : 16 <-- 0.007176 s
currentSize : 17 <-- 0.132159 s
currentSize : 18 <-- 3.355528 s
currentSize : 19 <-- 3.355893 s
currentSize : 20 <-- 9.774373 s

maxsize : 20
nodes : 2168073.000000
filtered : 27547403.000000
time : 10.970882
