Parameters: GAD=1 vflib=1 dir=0 label=0 vlabel=1 lowerbound=1 fileNameGp=../../cp2016-max-common-connected-subgraph-paper/datasets/graphsdb/mcs30/bvg/b09/mcs30_b09_s70.A06 fileNameGt=../../cp2016-max-common-connected-subgraph-paper/datasets/graphsdb/mcs30/bvg/b09/mcs30_b09_s70.B06
Reading graphs...
70 :  313
70 :  311
Initializing...
maxdom : 8
D->valSize : 337
Solving...
Blb : 2 (clique : 15)
currentSize : 15 <-- 0.004269 s
currentSize : 17 <-- 0.004492 s
currentSize : 18 <-- 0.005784 s
currentSize : 19 <-- 0.006496 s
currentSize : 20 <-- 0.364611 s
currentSize : 21 <-- 3.060570 s
currentSize : 22 <-- 34.221230 s
currentSize : 23 <-- 59.509880 s
currentSize : 24 <-- 129.444107 s
currentSize : 25 <-- 159.186386 s
currentSize : 26 <-- 238.087631 s

maxsize : 26
nodes : 48571840.000000
filtered : 452310303.000000
time : 262.478607
