Parameters: GAD=1 vflib=1 dir=0 label=0 vlabel=1 lowerbound=1 fileNameGp=../../cp2016-max-common-connected-subgraph-paper/datasets/graphsdb/mcs30/m2D/m2D/mcs30_m2D_s60.A07 fileNameGt=../../cp2016-max-common-connected-subgraph-paper/datasets/graphsdb/mcs30/m2D/m2D/mcs30_m2D_s60.B07
Reading graphs...
60 :  104
60 :  104
Initializing...
maxdom : 6
D->valSize : 231
Solving...
Blb : 2 (clique : 21)
currentSize : 21 <-- 0.001759 s
currentSize : 22 <-- 0.009886 s
currentSize : 23 <-- 0.014533 s
currentSize : 24 <-- 0.014715 s
currentSize : 25 <-- 0.155249 s
currentSize : 26 <-- 0.238686 s
currentSize : 27 <-- 2.138970 s
currentSize : 28 <-- 5.123648 s
currentSize : 29 <-- 70.577797 s

maxsize : 29
nodes : 101323700.000000
filtered : 660279640.000000
time : 453.977783
