Parameters: GAD=1 vflib=1 dir=0 label=0 vlabel=1 lowerbound=1 fileNameGp=../../cp2016-max-common-connected-subgraph-paper/datasets/graphsdb/mcs30/bvg/b03m/mcs30_b03m_s50.A03 fileNameGt=../../cp2016-max-common-connected-subgraph-paper/datasets/graphsdb/mcs30/bvg/b03m/mcs30_b03m_s50.B03
Reading graphs...
50 :  74
50 :  74
Initializing...
maxdom : 9
D->valSize : 339
Solving...
Blb : 2 (clique : 24)
currentSize : 24 <-- 0.002494 s
currentSize : 25 <-- 0.031898 s
currentSize : 26 <-- 0.280031 s
currentSize : 27 <-- 4.982633 s
currentSize : 28 <-- 12.268722 s
currentSize : 29 <-- 68.073181 s

maxsize : 29
nodes : 20080748.000000
filtered : 282111213.000000
time : 118.447083
