Parameters: GAD=1 vflib=1 dir=0 label=0 vlabel=1 lowerbound=1 fileNameGp=../../cp2016-max-common-connected-subgraph-paper/datasets/graphsdb/mcs30/bvg/b09/mcs30_b09_s90.A01 fileNameGt=../../cp2016-max-common-connected-subgraph-paper/datasets/graphsdb/mcs30/bvg/b09/mcs30_b09_s90.B01
Reading graphs...
90 :  395
90 :  400
Initializing...
maxdom : 11
D->valSize : 532
Solving...
Blb : 2 (clique : 21)
currentSize : 21 <-- 0.005807 s
currentSize : 22 <-- 0.006410 s
currentSize : 23 <-- 0.006569 s
currentSize : 24 <-- 1.296080 s
currentSize : 25 <-- 1.478492 s
currentSize : 26 <-- 10.670806 s
currentSize : 27 <-- 29.561880 s
currentSize : 28 <-- 30.236576 s
currentSize : 29 <-- 48.171169 s
currentSize : 30 <-- 48.175510 s
currentSize : 31 <-- 174.519577 s
currentSize : 32 <-- 583.592163 s
currentSize : 33 <-- 584.529419 s

TIMEOUT
maxsize : 33
nodes : 156385571.000000
filtered : 1652469315.000000
time : 1000.000061
