Parameters: GAD=1 vflib=1 dir=0 label=0 vlabel=1 lowerbound=1 fileNameGp=../../cp2016-max-common-connected-subgraph-paper/datasets/graphsdb/mcs30/rand/r005/mcs30_r005_s90.A04 fileNameGt=../../cp2016-max-common-connected-subgraph-paper/datasets/graphsdb/mcs30/rand/r005/mcs30_r005_s90.B04
Reading graphs...
90 :  393
90 :  388
Initializing...
maxdom : 8
D->valSize : 504
Solving...
Blb : 2 (clique : 23)
currentSize : 23 <-- 0.005470 s
currentSize : 24 <-- 0.077290 s
currentSize : 25 <-- 0.099105 s
currentSize : 26 <-- 0.228725 s
currentSize : 27 <-- 0.270517 s
currentSize : 28 <-- 0.859926 s
currentSize : 29 <-- 73.551605 s
currentSize : 30 <-- 258.810486 s

TIMEOUT
maxsize : 30
nodes : 164278737.000000
filtered : 1311163129.000000
time : 1000.000061
