Parameters: GAD=1 vflib=1 dir=0 label=0 vlabel=1 lowerbound=1 fileNameGp=../../cp2016-max-common-connected-subgraph-paper/datasets/graphsdb/mcs30/rand/r02/mcs30_r02_s100.A08 fileNameGt=../../cp2016-max-common-connected-subgraph-paper/datasets/graphsdb/mcs30/rand/r02/mcs30_r02_s100.B08
Reading graphs...
100 :  1770
100 :  1751
Initializing...
maxdom : 6
D->valSize : 338
Solving...
Blb : 2 (clique : 10)
currentSize : 10 <-- 0.004259 s
currentSize : 11 <-- 0.004414 s
currentSize : 12 <-- 0.013073 s
currentSize : 13 <-- 0.076809 s
currentSize : 14 <-- 0.077162 s
currentSize : 16 <-- 0.077243 s
currentSize : 17 <-- 0.077551 s
currentSize : 21 <-- 0.543086 s
currentSize : 22 <-- 0.543329 s
currentSize : 30 <-- 0.583616 s

maxsize : 30
nodes : 261068.000000
filtered : 3144197.000000
time : 1.966812
