Parameters: GAD=1 vflib=1 dir=0 label=0 vlabel=1 lowerbound=1 fileNameGp=../../cp2016-max-common-connected-subgraph-paper/datasets/graphsdb/mcs30/bvg/b06m/mcs30_b06m_s90.A08 fileNameGt=../../cp2016-max-common-connected-subgraph-paper/datasets/graphsdb/mcs30/bvg/b06m/mcs30_b06m_s90.B08
Reading graphs...
90 :  262
90 :  265
Initializing...
maxdom : 9
D->valSize : 545
Solving...
Blb : 2 (clique : 29)
currentSize : 29 <-- 0.006655 s
currentSize : 30 <-- 0.024199 s
currentSize : 31 <-- 0.081724 s
currentSize : 32 <-- 0.426068 s
currentSize : 33 <-- 22.576284 s
currentSize : 34 <-- 782.706726 s

TIMEOUT
maxsize : 34
nodes : 173016328.000000
filtered : 1374305315.000000
time : 1000.000061
