Parameters: GAD=1 vflib=1 dir=0 label=0 vlabel=1 lowerbound=1 fileNameGp=../../cp2016-max-common-connected-subgraph-paper/datasets/graphsdb/mcs30/bvg/b03/mcs30_b03_s100.A03 fileNameGt=../../cp2016-max-common-connected-subgraph-paper/datasets/graphsdb/mcs30/bvg/b03/mcs30_b03_s100.B03
Reading graphs...
100 :  150
100 :  150
Initializing...
maxdom : 9
D->valSize : 340
Solving...
Blb : 2 (clique : 33)
currentSize : 33 <-- 0.005696 s
currentSize : 34 <-- 0.010499 s
currentSize : 35 <-- 0.077313 s
currentSize : 36 <-- 0.086828 s
currentSize : 37 <-- 0.103123 s
currentSize : 38 <-- 0.192637 s
currentSize : 39 <-- 1.352226 s
currentSize : 40 <-- 9.732637 s
currentSize : 41 <-- 10.159379 s
currentSize : 42 <-- 559.272217 s

TIMEOUT
maxsize : 42
nodes : 183528299.000000
filtered : 915868623.000000
time : 1000.000122
