Parameters: GAD=1 vflib=1 dir=0 label=0 vlabel=1 lowerbound=1 fileNameGp=../../cp2016-max-common-connected-subgraph-paper/datasets/graphsdb/mcs30/bvg/b06m/mcs30_b06m_s60.A03 fileNameGt=../../cp2016-max-common-connected-subgraph-paper/datasets/graphsdb/mcs30/bvg/b06m/mcs30_b06m_s60.B03
Reading graphs...
60 :  176
60 :  174
Initializing...
maxdom : 7
D->valSize : 223
Solving...
Blb : 3 (clique : 18)
currentSize : 18 <-- 0.001633 s
currentSize : 19 <-- 0.001980 s
currentSize : 20 <-- 0.004514 s
currentSize : 21 <-- 0.196049 s
currentSize : 22 <-- 2.731657 s
currentSize : 23 <-- 5.169611 s
currentSize : 24 <-- 5.527753 s

maxsize : 24
nodes : 3928185.000000
filtered : 27612917.000000
time : 18.138639
