Parameters: GAD=1 vflib=1 dir=0 label=0 vlabel=1 lowerbound=1 fileNameGp=../../cp2016-max-common-connected-subgraph-paper/datasets/graphsdb/mcs30/m3D/m3Dr6/mcs30_m3Dr6_s90.A07 fileNameGt=../../cp2016-max-common-connected-subgraph-paper/datasets/graphsdb/mcs30/m3D/m3Dr6/mcs30_m3Dr6_s90.B07
Reading graphs...
90 :  260
90 :  258
Initializing...
maxdom : 11
D->valSize : 552
Solving...
Blb : 2 (clique : 25)
currentSize : 25 <-- 0.006594 s
currentSize : 26 <-- 0.006857 s
currentSize : 27 <-- 0.007275 s
currentSize : 28 <-- 0.033203 s
currentSize : 29 <-- 1.146455 s
currentSize : 30 <-- 1.294769 s
currentSize : 31 <-- 3.204339 s
currentSize : 32 <-- 6.750489 s
currentSize : 33 <-- 9.310001 s
currentSize : 34 <-- 9.510168 s

TIMEOUT
maxsize : 34
nodes : 161835727.000000
filtered : 1487371116.000000
time : 1000.000061
