Parameters: GAD=1 vflib=1 dir=0 label=0 vlabel=1 lowerbound=1 fileNameGp=../../cp2016-max-common-connected-subgraph-paper/datasets/graphsdb/mcs30/bvg/b03/mcs30_b03_s90.A01 fileNameGt=../../cp2016-max-common-connected-subgraph-paper/datasets/graphsdb/mcs30/bvg/b03/mcs30_b03_s90.B01
Reading graphs...
90 :  134
90 :  134
Initializing...
maxdom : 13
D->valSize : 544
Solving...
Blb : 2 (clique : 36)
currentSize : 36 <-- 0.010899 s
currentSize : 37 <-- 0.032241 s
currentSize : 38 <-- 0.062387 s
currentSize : 39 <-- 0.120608 s
currentSize : 40 <-- 0.357343 s
currentSize : 41 <-- 180.218781 s

TIMEOUT
maxsize : 41
nodes : 181813039.000000
filtered : 1073919521.000000
time : 1000.000061
