Parameters: GAD=1 vflib=1 dir=0 label=0 vlabel=1 lowerbound=1 fileNameGp=../../cp2016-max-common-connected-subgraph-paper/datasets/graphsdb/mcs30/m2D/m2Dr6/mcs30_m2Dr6_s80.A02 fileNameGt=../../cp2016-max-common-connected-subgraph-paper/datasets/graphsdb/mcs30/m2D/m2Dr6/mcs30_m2Dr6_s80.B02
Reading graphs...
80 :  184
80 :  183
Initializing...
maxdom : 8
D->valSize : 430
Solving...
Blb : 2 (clique : 26)
currentSize : 26 <-- 0.004316 s
currentSize : 27 <-- 0.004918 s
currentSize : 28 <-- 0.027630 s
currentSize : 29 <-- 0.086380 s
currentSize : 30 <-- 2.135148 s
currentSize : 31 <-- 60.736763 s
currentSize : 32 <-- 60.923489 s
currentSize : 33 <-- 551.740967 s

TIMEOUT
maxsize : 33
nodes : 191361908.000000
filtered : 1221368068.000000
time : 1000.000000
