Parameters: GAD=1 vflib=1 dir=0 label=0 vlabel=1 lowerbound=1 fileNameGp=../../cp2016-max-common-connected-subgraph-paper/datasets/graphsdb/mcs30/m3D/m3Dr6/mcs30_m3Dr6_s90.A09 fileNameGt=../../cp2016-max-common-connected-subgraph-paper/datasets/graphsdb/mcs30/m3D/m3Dr6/mcs30_m3Dr6_s90.B09
Reading graphs...
90 :  262
90 :  259
Initializing...
maxdom : 11
D->valSize : 514
Solving...
Blb : 2 (clique : 26)
currentSize : 26 <-- 0.005961 s
currentSize : 27 <-- 0.006352 s
currentSize : 28 <-- 0.007292 s
currentSize : 29 <-- 0.058071 s
currentSize : 30 <-- 0.058305 s
currentSize : 31 <-- 0.266448 s
currentSize : 32 <-- 1.689816 s
currentSize : 33 <-- 38.866714 s
currentSize : 34 <-- 207.333603 s

TIMEOUT
maxsize : 34
nodes : 175230949.000000
filtered : 1428802518.000000
time : 1000.000061
