Parameters: GAD=1 vflib=1 dir=0 label=0 vlabel=1 lowerbound=1 fileNameGp=../../cp2016-max-common-connected-subgraph-paper/datasets/graphsdb/mcs30/m3D/m3Dr4/mcs30_m3Dr4_s70.A01 fileNameGt=../../cp2016-max-common-connected-subgraph-paper/datasets/graphsdb/mcs30/m3D/m3Dr4/mcs30_m3Dr4_s70.B01
Reading graphs...
70 :  186
70 :  186
Initializing...
maxdom : 9
D->valSize : 324
Solving...
Blb : 2 (clique : 22)
currentSize : 22 <-- 0.002859 s
currentSize : 23 <-- 0.003125 s
currentSize : 24 <-- 0.010531 s
currentSize : 25 <-- 0.039829 s
currentSize : 26 <-- 2.096137 s
currentSize : 27 <-- 3.457208 s
currentSize : 28 <-- 3.499014 s
currentSize : 29 <-- 11.657421 s
currentSize : 30 <-- 11.657531 s
currentSize : 31 <-- 70.429016 s

maxsize : 31
nodes : 173867409.000000
filtered : 1376417298.000000
time : 910.289917
