Parameters: GAD=1 vflib=1 dir=0 label=0 vlabel=1 lowerbound=1 fileNameGp=../../cp2016-max-common-connected-subgraph-paper/datasets/graphsdb/mcs30/m4D/m4Dr2/mcs30_m4Dr2_s60.A09 fileNameGt=../../cp2016-max-common-connected-subgraph-paper/datasets/graphsdb/mcs30/m4D/m4Dr2/mcs30_m4Dr2_s60.B09
Reading graphs...
60 :  114
60 :  113
Initializing...
maxdom : 9
D->valSize : 225
Solving...
Blb : 2 (clique : 22)
currentSize : 22 <-- 0.001677 s
currentSize : 23 <-- 0.035417 s
currentSize : 24 <-- 0.264622 s
currentSize : 25 <-- 0.373533 s
currentSize : 26 <-- 0.454367 s
currentSize : 27 <-- 3.434455 s
currentSize : 28 <-- 3.569681 s

maxsize : 28
nodes : 51424137.000000
filtered : 371329442.000000
time : 234.518570
