Parameters: GAD=1 vflib=1 dir=0 label=0 vlabel=1 lowerbound=1 fileNameGp=../../cp2016-max-common-connected-subgraph-paper/datasets/graphsdb/mcs30/rand/r02/mcs30_r02_s80.A08 fileNameGt=../../cp2016-max-common-connected-subgraph-paper/datasets/graphsdb/mcs30/rand/r02/mcs30_r02_s80.B08
Reading graphs...
80 :  1121
80 :  1121
Initializing...
maxdom : 10
D->valSize : 388
Solving...
Blb : 2 (clique : 9)
currentSize : 9 <-- 0.003545 s
currentSize : 10 <-- 0.003665 s
currentSize : 11 <-- 0.004751 s
currentSize : 13 <-- 0.006157 s
currentSize : 14 <-- 0.392726 s
currentSize : 15 <-- 0.392765 s
currentSize : 17 <-- 0.500672 s
currentSize : 19 <-- 1.733866 s
currentSize : 20 <-- 1.734013 s
currentSize : 24 <-- 6.172452 s

maxsize : 24
nodes : 1502351.000000
filtered : 14823532.000000
time : 8.987726
