Parameters: GAD=1 vflib=1 dir=0 label=0 vlabel=1 lowerbound=1 fileNameGp=../../cp2016-max-common-connected-subgraph-paper/datasets/graphsdb/mcs30/m3D/m3Dr6/mcs30_m3Dr6_s100.A00 fileNameGt=../../cp2016-max-common-connected-subgraph-paper/datasets/graphsdb/mcs30/m3D/m3Dr6/mcs30_m3Dr6_s100.B00
Reading graphs...
100 :  290
100 :  288
Initializing...
maxdom : 7
D->valSize : 318
Solving...
Blb : 2 (clique : 30)
currentSize : 30 <-- 0.003143 s
currentSize : 31 <-- 0.326206 s
currentSize : 32 <-- 1.573789 s
currentSize : 33 <-- 309.194702 s
currentSize : 34 <-- 309.209625 s
currentSize : 35 <-- 358.266602 s
currentSize : 36 <-- 491.439972 s

TIMEOUT
maxsize : 36
nodes : 170599266.000000
filtered : 946649121.000000
time : 1000.000061
