Parameters: GAD=1 vflib=1 dir=0 label=0 vlabel=1 lowerbound=1 fileNameGp=../../cp2016-max-common-connected-subgraph-paper/datasets/graphsdb/mcs30/m2D/m2D/mcs30_m2D_s70.A03 fileNameGt=../../cp2016-max-common-connected-subgraph-paper/datasets/graphsdb/mcs30/m2D/m2D/mcs30_m2D_s70.B03
Reading graphs...
70 :  123
70 :  122
Initializing...
maxdom : 7
D->valSize : 326
Solving...
Blb : 2 (clique : 29)
currentSize : 29 <-- 0.002703 s
currentSize : 30 <-- 0.003536 s
currentSize : 31 <-- 2.376803 s
currentSize : 32 <-- 41.301399 s
currentSize : 33 <-- 718.063293 s
currentSize : 34 <-- 752.574585 s

TIMEOUT
maxsize : 34
nodes : 203081157.000000
filtered : 1471825715.000000
time : 1000.000000
