Parameters: GAD=1 vflib=1 dir=0 label=0 vlabel=1 lowerbound=1 fileNameGp=../../cp2016-max-common-connected-subgraph-paper/datasets/graphsdb/mcs30/m2D/m2D/mcs30_m2D_s70.A01 fileNameGt=../../cp2016-max-common-connected-subgraph-paper/datasets/graphsdb/mcs30/m2D/m2D/mcs30_m2D_s70.B01
Reading graphs...
70 :  121
70 :  120
Initializing...
maxdom : 9
D->valSize : 333
Solving...
Blb : 2 (clique : 29)
currentSize : 29 <-- 0.002806 s
currentSize : 30 <-- 0.003118 s
currentSize : 31 <-- 0.003837 s
currentSize : 32 <-- 0.026385 s
currentSize : 33 <-- 0.089924 s
currentSize : 34 <-- 3.340384 s
currentSize : 35 <-- 5.603927 s

TIMEOUT
maxsize : 35
nodes : 194068380.000000
filtered : 1529452196.000000
time : 1000.000061
