Parameters: GAD=1 vflib=1 dir=0 label=0 vlabel=1 lowerbound=1 fileNameGp=../../cp2016-max-common-connected-subgraph-paper/datasets/graphsdb/mcs30/m3D/m3Dr6/mcs30_m3Dr6_s100.A09 fileNameGt=../../cp2016-max-common-connected-subgraph-paper/datasets/graphsdb/mcs30/m3D/m3Dr6/mcs30_m3Dr6_s100.B09
Reading graphs...
100 :  292
100 :  293
Initializing...
maxdom : 6
D->valSize : 346
Solving...
Blb : 2 (clique : 29)
currentSize : 29 <-- 0.003380 s
currentSize : 30 <-- 0.035261 s
currentSize : 31 <-- 0.249578 s
currentSize : 32 <-- 1.618240 s
currentSize : 33 <-- 1.712940 s
currentSize : 34 <-- 4.566613 s
currentSize : 35 <-- 14.754491 s

TIMEOUT
maxsize : 35
nodes : 195660748.000000
filtered : 580679295.000000
time : 1000.000061
