Parameters: GAD=1 vflib=1 dir=0 label=0 vlabel=1 lowerbound=1 fileNameGp=../../cp2016-max-common-connected-subgraph-paper/datasets/graphsdb/mcs30/m3D/m3D/mcs30_m3D_s100.A02 fileNameGt=../../cp2016-max-common-connected-subgraph-paper/datasets/graphsdb/mcs30/m3D/m3D/mcs30_m3D_s100.B02
Reading graphs...
100 :  235
100 :  234
Initializing...
maxdom : 6
D->valSize : 334
Solving...
Blb : 2 (clique : 32)
currentSize : 32 <-- 0.003345 s
currentSize : 33 <-- 0.436244 s
currentSize : 34 <-- 3.291521 s
currentSize : 35 <-- 3.628341 s
currentSize : 36 <-- 5.563979 s
currentSize : 37 <-- 38.537739 s
currentSize : 38 <-- 352.139221 s

TIMEOUT
maxsize : 38
nodes : 184412067.000000
filtered : 879835407.000000
time : 1000.000061
