Parameters: GAD=1 vflib=1 dir=0 label=0 vlabel=1 lowerbound=1 fileNameGp=../../cp2016-max-common-connected-subgraph-paper/datasets/graphsdb/mcs30/m2D/m2Dr4/mcs30_m2Dr4_s80.A01 fileNameGt=../../cp2016-max-common-connected-subgraph-paper/datasets/graphsdb/mcs30/m2D/m2Dr4/mcs30_m2Dr4_s80.B01
Reading graphs...
80 :  171
80 :  167
Initializing...
maxdom : 9
D->valSize : 425
Solving...
Blb : 2 (clique : 28)
currentSize : 28 <-- 0.005492 s
currentSize : 29 <-- 0.005774 s
currentSize : 30 <-- 0.005877 s
currentSize : 31 <-- 0.006122 s
currentSize : 32 <-- 0.811318 s
currentSize : 33 <-- 10.005323 s

TIMEOUT
maxsize : 33
nodes : 177319107.000000
filtered : 1492328316.000000
time : 1000.000061
