Parameters: GAD=1 vflib=1 dir=0 label=0 vlabel=1 lowerbound=1 fileNameGp=../../cp2016-max-common-connected-subgraph-paper/datasets/graphsdb/mcs30/bvg/b03/mcs30_b03_s80.A07 fileNameGt=../../cp2016-max-common-connected-subgraph-paper/datasets/graphsdb/mcs30/bvg/b03/mcs30_b03_s80.B07
Reading graphs...
80 :  120
80 :  119
Initializing...
maxdom : 10
D->valSize : 431
Solving...
Blb : 2 (clique : 33)
currentSize : 33 <-- 0.007167 s
currentSize : 34 <-- 0.007598 s
currentSize : 35 <-- 0.008198 s
currentSize : 36 <-- 0.031566 s
currentSize : 37 <-- 0.920874 s
currentSize : 38 <-- 2.308010 s
currentSize : 39 <-- 4.311509 s

TIMEOUT
maxsize : 39
nodes : 211834135.000000
filtered : 1395219936.000000
time : 1000.000061
