Parameters: GAD=1 vflib=1 dir=0 label=0 vlabel=1 lowerbound=1 fileNameGp=../../cp2016-max-common-connected-subgraph-paper/datasets/graphsdb/mcs30/m4D/m4D/mcs30_m4D_s70.A03 fileNameGt=../../cp2016-max-common-connected-subgraph-paper/datasets/graphsdb/mcs30/m4D/m4D/mcs30_m4D_s70.B03
Reading graphs...
70 :  118
70 :  118
Initializing...
maxdom : 9
D->valSize : 328
Solving...
Blb : 2 (clique : 25)
currentSize : 25 <-- 0.004463 s
currentSize : 27 <-- 0.004698 s
currentSize : 28 <-- 0.005180 s
currentSize : 29 <-- 0.015833 s
currentSize : 30 <-- 44.011894 s
currentSize : 31 <-- 57.665115 s
currentSize : 32 <-- 62.917751 s
currentSize : 33 <-- 494.151337 s
currentSize : 34 <-- 502.355988 s

TIMEOUT
maxsize : 34
nodes : 207876711.000000
filtered : 1363924616.000000
time : 1000.000061
