Parameters: GAD=1 vflib=1 dir=0 label=0 vlabel=1 lowerbound=1 fileNameGp=../../cp2016-max-common-connected-subgraph-paper/datasets/graphsdb/mcs30/m2D/m2Dr6/mcs30_m2Dr6_s100.A08 fileNameGt=../../cp2016-max-common-connected-subgraph-paper/datasets/graphsdb/mcs30/m2D/m2Dr6/mcs30_m2Dr6_s100.B08
Reading graphs...
100 :  233
100 :  231
Initializing...
maxdom : 8
D->valSize : 325
Solving...
Blb : 2 (clique : 31)
currentSize : 31 <-- 0.003229 s
currentSize : 32 <-- 0.510999 s
currentSize : 33 <-- 19.178007 s
currentSize : 34 <-- 56.648178 s
currentSize : 35 <-- 75.873665 s
currentSize : 36 <-- 89.926903 s
currentSize : 37 <-- 149.425003 s
currentSize : 38 <-- 151.452988 s

TIMEOUT
maxsize : 38
nodes : 186793624.000000
filtered : 833292424.000000
time : 1000.000061
