Parameters: GAD=1 vflib=1 dir=0 label=0 vlabel=1 lowerbound=1 fileNameGp=../../cp2016-max-common-connected-subgraph-paper/datasets/graphsdb/mcs30/m2D/m2Dr4/mcs30_m2Dr4_s60.A03 fileNameGt=../../cp2016-max-common-connected-subgraph-paper/datasets/graphsdb/mcs30/m2D/m2Dr4/mcs30_m2Dr4_s60.B03
Reading graphs...
60 :  126
60 :  127
Initializing...
maxdom : 6
D->valSize : 247
Solving...
Blb : 3 (clique : 20)
currentSize : 20 <-- 0.001879 s
currentSize : 21 <-- 0.042496 s
currentSize : 22 <-- 0.619731 s
currentSize : 23 <-- 14.501396 s
currentSize : 24 <-- 15.964123 s
currentSize : 25 <-- 52.214088 s
currentSize : 26 <-- 52.986046 s

maxsize : 26
nodes : 91337863.000000
filtered : 645951620.000000
time : 416.402039
