Parameters: GAD=1 vflib=1 dir=0 label=0 vlabel=1 lowerbound=1 fileNameGp=../../cp2016-max-common-connected-subgraph-paper/datasets/graphsdb/mcs30/bvg/b06/mcs30_b06_s50.A01 fileNameGt=../../cp2016-max-common-connected-subgraph-paper/datasets/graphsdb/mcs30/bvg/b06/mcs30_b06_s50.B01
Reading graphs...
50 :  149
50 :  146
Initializing...
maxdom : 11
D->valSize : 340
Solving...
Blb : 2 (clique : 17)
currentSize : 17 <-- 0.002515 s
currentSize : 18 <-- 0.003896 s
currentSize : 19 <-- 0.031968 s
currentSize : 20 <-- 0.662562 s
currentSize : 21 <-- 1.241825 s
currentSize : 22 <-- 2.056336 s
currentSize : 23 <-- 2.667768 s

maxsize : 23
nodes : 7188801.000000
filtered : 98005801.000000
time : 37.739658
