Parameters: GAD=1 vflib=1 dir=0 label=0 vlabel=1 lowerbound=1 fileNameGp=../../cp2016-max-common-connected-subgraph-paper/datasets/graphsdb/mcs30/m2D/m2D/mcs30_m2D_s60.A05 fileNameGt=../../cp2016-max-common-connected-subgraph-paper/datasets/graphsdb/mcs30/m2D/m2D/mcs30_m2D_s60.B05
Reading graphs...
60 :  103
60 :  102
Initializing...
maxdom : 9
D->valSize : 234
Solving...
Blb : 2 (clique : 22)
currentSize : 22 <-- 0.001787 s
currentSize : 23 <-- 0.001989 s
currentSize : 24 <-- 0.017999 s
currentSize : 25 <-- 0.103150 s
currentSize : 26 <-- 0.917402 s
currentSize : 27 <-- 0.933836 s
currentSize : 28 <-- 1.891033 s
currentSize : 29 <-- 3.630655 s
currentSize : 30 <-- 3.818029 s
currentSize : 31 <-- 3.844569 s
currentSize : 32 <-- 4.169343 s

maxsize : 32
nodes : 1936830.000000
filtered : 12865342.000000
time : 9.054242
