Parameters: GAD=1 vflib=1 dir=0 label=0 vlabel=1 lowerbound=1 fileNameGp=../../cp2016-max-common-connected-subgraph-paper/datasets/graphsdb/mcs30/rand/r02/mcs30_r02_s100.A01 fileNameGt=../../cp2016-max-common-connected-subgraph-paper/datasets/graphsdb/mcs30/rand/r02/mcs30_r02_s100.B01
Reading graphs...
100 :  1764
100 :  1775
Initializing...
maxdom : 9
D->valSize : 367
Solving...
Blb : 2 (clique : 11)
currentSize : 11 <-- 0.003722 s
currentSize : 12 <-- 0.009806 s
currentSize : 13 <-- 0.013702 s
currentSize : 14 <-- 0.020962 s
currentSize : 15 <-- 0.142321 s
currentSize : 19 <-- 0.142452 s
currentSize : 21 <-- 0.200488 s
currentSize : 23 <-- 1.521886 s
currentSize : 24 <-- 1.809684 s
currentSize : 25 <-- 2.850394 s
currentSize : 26 <-- 2.858371 s
currentSize : 30 <-- 2.859500 s

maxsize : 30
nodes : 544434.000000
filtered : 6208515.000000
time : 3.934017
