Parameters: GAD=1 vflib=1 dir=0 label=0 vlabel=1 lowerbound=1 fileNameGp=../../cp2016-max-common-connected-subgraph-paper/datasets/graphsdb/mcs30/m2D/m2Dr4/mcs30_m2Dr4_s50.A05 fileNameGt=../../cp2016-max-common-connected-subgraph-paper/datasets/graphsdb/mcs30/m2D/m2Dr4/mcs30_m2Dr4_s50.B05
Reading graphs...
50 :  101
50 :  100
Initializing...
maxdom : 9
D->valSize : 313
Solving...
Blb : 2 (clique : 21)
currentSize : 21 <-- 0.003407 s
currentSize : 22 <-- 0.007773 s
currentSize : 23 <-- 0.081344 s
currentSize : 24 <-- 1.006139 s
currentSize : 25 <-- 1.006270 s
currentSize : 26 <-- 20.110100 s

maxsize : 26
nodes : 29953746.000000
filtered : 331077350.000000
time : 148.945847
