Parameters: GAD=1 vflib=1 dir=0 label=0 vlabel=1 lowerbound=1 fileNameGp=../../cp2016-max-common-connected-subgraph-paper/datasets/graphsdb/mcs30/m3D/m3Dr4/mcs30_m3Dr4_s90.A09 fileNameGt=../../cp2016-max-common-connected-subgraph-paper/datasets/graphsdb/mcs30/m3D/m3Dr4/mcs30_m3Dr4_s90.B09
Reading graphs...
90 :  242
90 :  241
Initializing...
maxdom : 10
D->valSize : 571
Solving...
Blb : 2 (clique : 32)
currentSize : 32 <-- 0.006762 s
currentSize : 33 <-- 0.007879 s
currentSize : 34 <-- 0.063374 s
currentSize : 35 <-- 0.577897 s
currentSize : 36 <-- 317.586670 s
currentSize : 37 <-- 645.288696 s

TIMEOUT
maxsize : 37
nodes : 174234784.000000
filtered : 1274003059.000000
time : 1000.000061
