Parameters: GAD=1 vflib=1 dir=0 label=0 vlabel=1 lowerbound=1 fileNameGp=../../cp2016-max-common-connected-subgraph-paper/datasets/graphsdb/mcs30/m3D/m3Dr4/mcs30_m3Dr4_s90.A03 fileNameGt=../../cp2016-max-common-connected-subgraph-paper/datasets/graphsdb/mcs30/m3D/m3Dr4/mcs30_m3Dr4_s90.B03
Reading graphs...
90 :  241
90 :  241
Initializing...
maxdom : 9
D->valSize : 539
Solving...
Blb : 2 (clique : 31)
currentSize : 31 <-- 0.010228 s
currentSize : 32 <-- 0.010661 s
currentSize : 33 <-- 0.011259 s
currentSize : 34 <-- 0.453835 s
currentSize : 35 <-- 2.989561 s
currentSize : 36 <-- 682.287598 s

TIMEOUT
maxsize : 36
nodes : 184893910.000000
filtered : 1034726887.000000
time : 1000.000061
