Parameters: GAD=1 vflib=1 dir=0 label=0 vlabel=1 lowerbound=1 fileNameGp=../../cp2016-max-common-connected-subgraph-paper/datasets/graphsdb/mcs30/m2D/m2Dr6/mcs30_m2Dr6_s50.A00 fileNameGt=../../cp2016-max-common-connected-subgraph-paper/datasets/graphsdb/mcs30/m2D/m2Dr6/mcs30_m2Dr6_s50.B00
Reading graphs...
50 :  114
50 :  110
Initializing...
maxdom : 8
D->valSize : 332
Solving...
Blb : 2 (clique : 20)
currentSize : 20 <-- 0.004002 s
currentSize : 21 <-- 0.004264 s
currentSize : 22 <-- 0.010184 s
currentSize : 23 <-- 0.417706 s
currentSize : 24 <-- 4.806936 s

maxsize : 24
nodes : 111772963.000000
filtered : 1352842157.000000
time : 551.340515
