Parameters: GAD=1 vflib=1 dir=0 label=0 vlabel=1 lowerbound=1 fileNameGp=../../cp2016-max-common-connected-subgraph-paper/datasets/graphsdb/mcs30/bvg/b06/mcs30_b06_s70.A07 fileNameGt=../../cp2016-max-common-connected-subgraph-paper/datasets/graphsdb/mcs30/bvg/b06/mcs30_b06_s70.B07
Reading graphs...
70 :  208
70 :  208
Initializing...
maxdom : 8
D->valSize : 313
Solving...
Blb : 2 (clique : 22)
currentSize : 22 <-- 0.004136 s
currentSize : 23 <-- 0.004429 s
currentSize : 24 <-- 0.005082 s
currentSize : 25 <-- 0.179087 s
currentSize : 26 <-- 0.740786 s
currentSize : 27 <-- 0.744518 s
currentSize : 28 <-- 8.465955 s

maxsize : 28
nodes : 123273914.000000
filtered : 1179121683.000000
time : 661.500244
