Parameters: GAD=1 vflib=1 dir=0 label=0 vlabel=1 lowerbound=1 fileNameGp=../../cp2016-max-common-connected-subgraph-paper/datasets/graphsdb/mcs30/bvg/b09/mcs30_b09_s60.A09 fileNameGt=../../cp2016-max-common-connected-subgraph-paper/datasets/graphsdb/mcs30/bvg/b09/mcs30_b09_s60.B09
Reading graphs...
60 :  268
60 :  264
Initializing...
maxdom : 7
D->valSize : 258
Solving...
Blb : 2 (clique : 13)
currentSize : 13 <-- 0.002957 s
currentSize : 14 <-- 0.003112 s
currentSize : 15 <-- 0.003222 s
currentSize : 17 <-- 0.005627 s
currentSize : 18 <-- 0.139525 s
currentSize : 19 <-- 1.116923 s
currentSize : 20 <-- 11.337458 s
currentSize : 21 <-- 16.252028 s
currentSize : 22 <-- 25.786928 s

maxsize : 22
nodes : 7943040.000000
filtered : 58941756.000000
time : 37.465630
