Parameters: GAD=1 vflib=1 dir=0 label=0 vlabel=1 lowerbound=1 fileNameGp=../../cp2016-max-common-connected-subgraph-paper/datasets/graphsdb/mcs30/m2D/m2Dr2/mcs30_m2Dr2_s90.A09 fileNameGt=../../cp2016-max-common-connected-subgraph-paper/datasets/graphsdb/mcs30/m2D/m2Dr2/mcs30_m2Dr2_s90.B09
Reading graphs...
90 :  178
90 :  176
Initializing...
maxdom : 11
D->valSize : 521
Solving...
Blb : 2 (clique : 34)
currentSize : 34 <-- 0.006276 s
currentSize : 35 <-- 0.006883 s
currentSize : 36 <-- 0.013461 s
currentSize : 37 <-- 5.107697 s
currentSize : 38 <-- 21.379181 s
currentSize : 39 <-- 794.429077 s

TIMEOUT
maxsize : 39
nodes : 179176813.000000
filtered : 1002671273.000000
time : 1000.000061
