Parameters: GAD=1 vflib=1 dir=0 label=0 vlabel=1 lowerbound=1 fileNameGp=../../cp2016-max-common-connected-subgraph-paper/datasets/graphsdb/mcs30/bvg/b06/mcs30_b06_s50.A04 fileNameGt=../../cp2016-max-common-connected-subgraph-paper/datasets/graphsdb/mcs30/bvg/b06/mcs30_b06_s50.B04
Reading graphs...
50 :  148
50 :  148
Initializing...
maxdom : 9
D->valSize : 320
Solving...
Blb : 2 (clique : 17)
currentSize : 17 <-- 0.002323 s
currentSize : 18 <-- 0.002665 s
currentSize : 19 <-- 0.019207 s
currentSize : 20 <-- 0.211565 s
currentSize : 21 <-- 0.738204 s
currentSize : 22 <-- 32.060505 s

maxsize : 22
nodes : 12934480.000000
filtered : 166279275.000000
time : 65.480713
