Parameters: GAD=1 vflib=1 dir=0 label=0 vlabel=1 lowerbound=1 fileNameGp=../../cp2016-max-common-connected-subgraph-paper/datasets/graphsdb/mcs30/m4D/m4Dr2/mcs30_m4Dr2_s70.A07 fileNameGt=../../cp2016-max-common-connected-subgraph-paper/datasets/graphsdb/mcs30/m4D/m4Dr2/mcs30_m4Dr2_s70.B07
Reading graphs...
70 :  131
70 :  131
Initializing...
maxdom : 9
D->valSize : 300
Solving...
Blb : 2 (clique : 23)
currentSize : 23 <-- 0.004078 s
currentSize : 24 <-- 0.136149 s
currentSize : 25 <-- 0.435488 s
currentSize : 26 <-- 1.833090 s
currentSize : 27 <-- 3.295985 s
currentSize : 28 <-- 24.456312 s
currentSize : 29 <-- 24.773302 s
currentSize : 30 <-- 530.568970 s

TIMEOUT
maxsize : 30
nodes : 212014244.000000
filtered : 1542810986.000000
time : 1000.000061
