Parameters: GAD=1 vflib=1 dir=0 label=0 vlabel=1 lowerbound=1 fileNameGp=../../cp2016-max-common-connected-subgraph-paper/datasets/graphsdb/mcs30/m2D/m2D/mcs30_m2D_s50.A06 fileNameGt=../../cp2016-max-common-connected-subgraph-paper/datasets/graphsdb/mcs30/m2D/m2D/mcs30_m2D_s50.B06
Reading graphs...
50 :  85
50 :  85
Initializing...
maxdom : 10
D->valSize : 338
Solving...
Blb : 3 (clique : 21)
currentSize : 21 <-- 0.004148 s
currentSize : 22 <-- 0.041256 s
currentSize : 23 <-- 0.068882 s
currentSize : 24 <-- 0.123344 s
currentSize : 25 <-- 0.302027 s
currentSize : 26 <-- 5.196682 s
currentSize : 27 <-- 36.477146 s

maxsize : 27
nodes : 39618799.000000
filtered : 494330242.000000
time : 210.330994
