Parameters: GAD=1 vflib=1 dir=0 label=0 vlabel=1 lowerbound=1 fileNameGp=../../cp2016-max-common-connected-subgraph-paper/datasets/graphsdb/mcs30/rand/r005/mcs30_r005_s50.A05 fileNameGt=../../cp2016-max-common-connected-subgraph-paper/datasets/graphsdb/mcs30/rand/r005/mcs30_r005_s50.B05
Reading graphs...
50 :  123
50 :  123
Initializing...
maxdom : 11
D->valSize : 337
Solving...
Blb : 2 (clique : 17)
currentSize : 17 <-- 0.002636 s
currentSize : 18 <-- 0.002888 s
currentSize : 19 <-- 0.007365 s
currentSize : 20 <-- 0.008103 s
currentSize : 21 <-- 0.060465 s
currentSize : 22 <-- 0.628602 s

maxsize : 22
nodes : 44742372.000000
filtered : 529675934.000000
time : 233.896759
