Parameters: GAD=1 vflib=1 dir=0 label=0 vlabel=1 lowerbound=1 fileNameGp=../../cp2016-max-common-connected-subgraph-paper/datasets/graphsdb/mcs30/bvg/b09/mcs30_b09_s80.A09 fileNameGt=../../cp2016-max-common-connected-subgraph-paper/datasets/graphsdb/mcs30/bvg/b09/mcs30_b09_s80.B09
Reading graphs...
80 :  349
80 :  354
Initializing...
maxdom : 12
D->valSize : 440
Solving...
Blb : 2 (clique : 18)
currentSize : 18 <-- 0.004409 s
currentSize : 19 <-- 0.004613 s
currentSize : 20 <-- 0.014197 s
currentSize : 21 <-- 0.014224 s
currentSize : 22 <-- 0.057253 s
currentSize : 23 <-- 0.219118 s
currentSize : 24 <-- 6.148389 s
currentSize : 25 <-- 165.310638 s
currentSize : 26 <-- 464.070068 s
currentSize : 27 <-- 785.774658 s

TIMEOUT
maxsize : 27
nodes : 173779076.000000
filtered : 1464302645.000000
time : 1000.000061
