Parameters: GAD=1 vflib=1 dir=0 label=0 vlabel=1 lowerbound=1 fileNameGp=../../cp2016-max-common-connected-subgraph-paper/datasets/graphsdb/mcs30/bvg/b06/mcs30_b06_s70.A02 fileNameGt=../../cp2016-max-common-connected-subgraph-paper/datasets/graphsdb/mcs30/bvg/b06/mcs30_b06_s70.B02
Reading graphs...
70 :  208
70 :  209
Initializing...
maxdom : 7
D->valSize : 303
Solving...
Blb : 3 (clique : 21)
currentSize : 21 <-- 0.004020 s
currentSize : 22 <-- 0.035446 s
currentSize : 23 <-- 0.128999 s
currentSize : 24 <-- 0.230048 s
currentSize : 25 <-- 0.449325 s
currentSize : 26 <-- 1.285895 s
currentSize : 27 <-- 22.649227 s
currentSize : 28 <-- 120.000267 s

maxsize : 28
nodes : 118061720.000000
filtered : 1005802487.000000
time : 621.734924
