Parameters: GAD=1 vflib=1 dir=0 label=0 vlabel=1 lowerbound=1 fileNameGp=../../cp2016-max-common-connected-subgraph-paper/datasets/graphsdb/mcs30/bvg/b03/mcs30_b03_s50.A04 fileNameGt=../../cp2016-max-common-connected-subgraph-paper/datasets/graphsdb/mcs30/bvg/b03/mcs30_b03_s50.B04
Reading graphs...
50 :  75
50 :  75
Initializing...
maxdom : 9
D->valSize : 329
Solving...
Blb : 2 (clique : 21)
currentSize : 21 <-- 0.002530 s
currentSize : 22 <-- 0.033209 s
currentSize : 23 <-- 0.136472 s
currentSize : 24 <-- 0.157664 s
currentSize : 25 <-- 0.257776 s
currentSize : 26 <-- 34.519985 s
currentSize : 27 <-- 82.615120 s

maxsize : 27
nodes : 31250066.000000
filtered : 340382650.000000
time : 146.406250
