Parameters: GAD=1 vflib=1 dir=0 label=0 vlabel=1 lowerbound=1 fileNameGp=../../cp2016-max-common-connected-subgraph-paper/datasets/graphsdb/mcs30/m4D/m4D/mcs30_m4D_s80.A02 fileNameGt=../../cp2016-max-common-connected-subgraph-paper/datasets/graphsdb/mcs30/m4D/m4D/mcs30_m4D_s80.B02
Reading graphs...
80 :  131
80 :  128
Initializing...
maxdom : 10
D->valSize : 437
Solving...
Blb : 2 (clique : 34)
currentSize : 34 <-- 0.007426 s
currentSize : 35 <-- 0.043612 s
currentSize : 36 <-- 5.126308 s
currentSize : 37 <-- 63.941814 s
currentSize : 38 <-- 65.508636 s
currentSize : 39 <-- 100.974373 s

TIMEOUT
maxsize : 39
nodes : 206935673.000000
filtered : 890228481.000000
time : 1000.000061
