Parameters: GAD=1 vflib=1 dir=0 label=0 vlabel=1 lowerbound=1 fileNameGp=../../cp2016-max-common-connected-subgraph-paper/datasets/graphsdb/mcs30/m2D/m2Dr2/mcs30_m2Dr2_s100.A06 fileNameGt=../../cp2016-max-common-connected-subgraph-paper/datasets/graphsdb/mcs30/m2D/m2Dr2/mcs30_m2Dr2_s100.B06
Reading graphs...
100 :  198
100 :  197
Initializing...
maxdom : 8
D->valSize : 341
Solving...
Blb : 2 (clique : 33)
currentSize : 33 <-- 0.003560 s
currentSize : 34 <-- 0.003999 s
currentSize : 35 <-- 0.005494 s
currentSize : 36 <-- 0.007718 s
currentSize : 37 <-- 0.024005 s
currentSize : 38 <-- 0.222076 s
currentSize : 39 <-- 1.238386 s
currentSize : 40 <-- 14.118918 s

TIMEOUT
maxsize : 40
nodes : 177147978.000000
filtered : 779472917.000000
time : 1000.000061
