Parameters: GAD=1 vflib=1 dir=0 label=0 vlabel=1 lowerbound=1 fileNameGp=../../cp2016-max-common-connected-subgraph-paper/datasets/graphsdb/mcs30/m4D/m4Dr4/mcs30_m4Dr4_s50.A03 fileNameGt=../../cp2016-max-common-connected-subgraph-paper/datasets/graphsdb/mcs30/m4D/m4Dr4/mcs30_m4Dr4_s50.B03
Reading graphs...
50 :  105
50 :  104
Initializing...
maxdom : 9
D->valSize : 313
Solving...
Blb : 2 (clique : 18)
currentSize : 18 <-- 0.002225 s
currentSize : 19 <-- 0.002884 s
currentSize : 20 <-- 0.003968 s
currentSize : 21 <-- 0.004337 s
currentSize : 22 <-- 0.329941 s
currentSize : 23 <-- 8.410611 s
currentSize : 24 <-- 44.907745 s

maxsize : 24
nodes : 16799216.000000
filtered : 209578690.000000
time : 83.234528
