Parameters: GAD=1 vflib=1 dir=0 label=0 vlabel=1 lowerbound=1 fileNameGp=../../cp2016-max-common-connected-subgraph-paper/datasets/graphsdb/mcs30/m4D/m4Dr4/mcs30_m4Dr4_s50.A02 fileNameGt=../../cp2016-max-common-connected-subgraph-paper/datasets/graphsdb/mcs30/m4D/m4Dr4/mcs30_m4Dr4_s50.B02
Reading graphs...
50 :  106
50 :  105
Initializing...
maxdom : 13
D->valSize : 330
Solving...
Blb : 2 (clique : 19)
currentSize : 19 <-- 0.002499 s
currentSize : 20 <-- 0.002684 s
currentSize : 21 <-- 0.003158 s
currentSize : 22 <-- 0.036073 s
currentSize : 23 <-- 0.117754 s
currentSize : 24 <-- 2.942332 s
currentSize : 25 <-- 38.888756 s

maxsize : 25
nodes : 11977745.000000
filtered : 154595125.000000
time : 64.577797
