Parameters: GAD=1 vflib=1 dir=0 label=0 vlabel=1 lowerbound=1 fileNameGp=../../cp2016-max-common-connected-subgraph-paper/datasets/graphsdb/mcs30/rand/r02/mcs30_r02_s70.A03 fileNameGt=../../cp2016-max-common-connected-subgraph-paper/datasets/graphsdb/mcs30/rand/r02/mcs30_r02_s70.B03
Reading graphs...
70 :  861
70 :  871
Initializing...
maxdom : 7
D->valSize : 334
Solving...
Blb : 2 (clique : 11)
currentSize : 11 <-- 0.002800 s
currentSize : 12 <-- 0.016733 s
currentSize : 13 <-- 2.065221 s
currentSize : 14 <-- 2.894545 s
currentSize : 16 <-- 2.937594 s
currentSize : 17 <-- 2.939292 s
currentSize : 18 <-- 2.939417 s
currentSize : 19 <-- 2.939546 s
currentSize : 21 <-- 2.939604 s

maxsize : 21
nodes : 926266.000000
filtered : 7335743.000000
time : 4.943293
