Parameters: GAD=1 vflib=1 dir=0 label=0 vlabel=1 lowerbound=1 fileNameGp=../../cp2016-max-common-connected-subgraph-paper/datasets/graphsdb/mcs30/rand/r02/mcs30_r02_s80.A03 fileNameGt=../../cp2016-max-common-connected-subgraph-paper/datasets/graphsdb/mcs30/rand/r02/mcs30_r02_s80.B03
Reading graphs...
80 :  1130
80 :  1127
Initializing...
maxdom : 10
D->valSize : 405
Solving...
Blb : 5 (clique : 10)
currentSize : 10 <-- 0.004257 s
currentSize : 11 <-- 0.004371 s
currentSize : 12 <-- 0.056313 s
currentSize : 13 <-- 0.437857 s
currentSize : 14 <-- 1.274550 s
currentSize : 15 <-- 1.670031 s
currentSize : 16 <-- 1.794934 s
currentSize : 17 <-- 2.780097 s
currentSize : 18 <-- 2.780516 s
currentSize : 20 <-- 2.800576 s
currentSize : 21 <-- 4.800017 s
currentSize : 24 <-- 6.608204 s

maxsize : 24
nodes : 1634133.000000
filtered : 16856023.000000
time : 9.928071
