Parameters: GAD=1 vflib=1 dir=0 label=0 vlabel=1 lowerbound=1 fileNameGp=../../cp2016-max-common-connected-subgraph-paper/datasets/graphsdb/mcs30/m4D/m4Dr6/mcs30_m4Dr6_s70.A01 fileNameGt=../../cp2016-max-common-connected-subgraph-paper/datasets/graphsdb/mcs30/m4D/m4Dr6/mcs30_m4Dr6_s70.B01
Reading graphs...
70 :  159
70 :  155
Initializing...
maxdom : 10
D->valSize : 332
Solving...
Blb : 2 (clique : 26)
currentSize : 26 <-- 0.003128 s
currentSize : 27 <-- 0.004578 s
currentSize : 28 <-- 0.004744 s
currentSize : 29 <-- 0.056309 s
currentSize : 30 <-- 1.912624 s
currentSize : 31 <-- 4.655416 s

TIMEOUT
maxsize : 31
nodes : 191886881.000000
filtered : 1414152449.000000
time : 1000.000000
