Parameters: GAD=1 vflib=1 dir=0 label=0 vlabel=1 lowerbound=1 fileNameGp=../../cp2016-max-common-connected-subgraph-paper/datasets/graphsdb/mcs30/rand/r005/mcs30_r005_s70.A00 fileNameGt=../../cp2016-max-common-connected-subgraph-paper/datasets/graphsdb/mcs30/rand/r005/mcs30_r005_s70.B00
Reading graphs...
70 :  234
70 :  234
Initializing...
maxdom : 9
D->valSize : 373
Solving...
Blb : 2 (clique : 20)
currentSize : 20 <-- 0.005218 s
currentSize : 21 <-- 0.005505 s
currentSize : 22 <-- 0.009365 s
currentSize : 23 <-- 0.799583 s
currentSize : 24 <-- 4.334581 s
currentSize : 25 <-- 10.144134 s
currentSize : 26 <-- 998.367859 s

TIMEOUT
maxsize : 26
nodes : 180715850.000000
filtered : 1733451534.000000
time : 1000.000000
