Parameters: GAD=1 vflib=1 dir=0 label=0 vlabel=1 lowerbound=1 fileNameGp=../../cp2016-max-common-connected-subgraph-paper/datasets/graphsdb/mcs30/m3D/m3Dr6/mcs30_m3Dr6_s80.A06 fileNameGt=../../cp2016-max-common-connected-subgraph-paper/datasets/graphsdb/mcs30/m3D/m3Dr6/mcs30_m3Dr6_s80.B06
Reading graphs...
80 :  231
80 :  230
Initializing...
maxdom : 10
D->valSize : 445
Solving...
Blb : 2 (clique : 27)
currentSize : 27 <-- 0.007378 s
currentSize : 28 <-- 0.007867 s
currentSize : 29 <-- 0.074316 s
currentSize : 30 <-- 0.323603 s
currentSize : 31 <-- 1.901271 s
currentSize : 32 <-- 119.218826 s
currentSize : 33 <-- 321.865540 s

TIMEOUT
maxsize : 33
nodes : 183283516.000000
filtered : 1341177797.000000
time : 1000.000061
