Parameters: GAD=1 vflib=1 dir=0 label=0 vlabel=1 lowerbound=1 fileNameGp=../../cp2016-max-common-connected-subgraph-paper/datasets/graphsdb/mcs30/rand/r01/mcs30_r01_s90.A03 fileNameGt=../../cp2016-max-common-connected-subgraph-paper/datasets/graphsdb/mcs30/rand/r01/mcs30_r01_s90.B03
Reading graphs...
90 :  758
90 :  760
Initializing...
maxdom : 9
D->valSize : 528
Solving...
Blb : 2 (clique : 15)
currentSize : 15 <-- 0.009029 s
currentSize : 16 <-- 0.020618 s
currentSize : 17 <-- 0.069911 s
currentSize : 18 <-- 0.230623 s
currentSize : 19 <-- 0.312396 s
currentSize : 20 <-- 0.328634 s
currentSize : 21 <-- 4.123916 s
currentSize : 22 <-- 5.998930 s
currentSize : 23 <-- 62.282909 s
currentSize : 25 <-- 62.302071 s
currentSize : 26 <-- 62.302177 s
currentSize : 27 <-- 62.303547 s

maxsize : 27
nodes : 112819834.000000
filtered : 1547506046.000000
time : 779.028015
