Parameters: GAD=1 vflib=1 dir=0 label=0 vlabel=1 lowerbound=1 fileNameGp=../../cp2016-max-common-connected-subgraph-paper/datasets/graphsdb/mcs30/m4D/m4Dr6/mcs30_m4Dr6_s70.A04 fileNameGt=../../cp2016-max-common-connected-subgraph-paper/datasets/graphsdb/mcs30/m4D/m4Dr6/mcs30_m4Dr6_s70.B04
Reading graphs...
70 :  157
70 :  157
Initializing...
maxdom : 8
D->valSize : 305
Solving...
Blb : 3 (clique : 23)
currentSize : 23 <-- 0.002603 s
currentSize : 24 <-- 0.066605 s
currentSize : 25 <-- 0.393308 s
currentSize : 26 <-- 12.751365 s
currentSize : 27 <-- 16.784292 s
currentSize : 28 <-- 69.644920 s

TIMEOUT
maxsize : 28
nodes : 207951785.000000
filtered : 1355765979.000000
time : 1000.000061
