Parameters: GAD=1 vflib=1 dir=0 label=0 vlabel=1 lowerbound=1 fileNameGp=../../cp2016-max-common-connected-subgraph-paper/datasets/graphsdb/mcs30/m4D/m4D/mcs30_m4D_s70.A04 fileNameGt=../../cp2016-max-common-connected-subgraph-paper/datasets/graphsdb/mcs30/m4D/m4D/mcs30_m4D_s70.B04
Reading graphs...
70 :  118
70 :  118
Initializing...
maxdom : 7
D->valSize : 317
Solving...
Blb : 3 (clique : 28)
currentSize : 28 <-- 0.002738 s
currentSize : 29 <-- 0.733514 s
currentSize : 30 <-- 2.775933 s
currentSize : 31 <-- 4.081216 s
currentSize : 32 <-- 28.918295 s
currentSize : 33 <-- 50.998161 s
currentSize : 34 <-- 181.454559 s

TIMEOUT
maxsize : 34
nodes : 180839890.000000
filtered : 1801228721.000000
time : 1000.000000
