Parameters: GAD=1 vflib=1 dir=0 label=0 vlabel=1 lowerbound=1 fileNameGp=../../cp2016-max-common-connected-subgraph-paper/datasets/graphsdb/mcs30/rand/r01/mcs30_r01_s70.A00 fileNameGt=../../cp2016-max-common-connected-subgraph-paper/datasets/graphsdb/mcs30/rand/r01/mcs30_r01_s70.B00
Reading graphs...
70 :  457
70 :  459
Initializing...
maxdom : 12
D->valSize : 351
Solving...
Blb : 2 (clique : 15)
currentSize : 15 <-- 0.002867 s
currentSize : 16 <-- 0.022292 s
currentSize : 17 <-- 0.446265 s
currentSize : 18 <-- 3.316551 s
currentSize : 19 <-- 7.115197 s
currentSize : 20 <-- 38.492992 s
currentSize : 21 <-- 51.495705 s

maxsize : 21
nodes : 16506455.000000
filtered : 150606579.000000
time : 90.311386
