Parameters: GAD=1 vflib=1 dir=0 label=0 vlabel=1 lowerbound=1 fileNameGp=../../cp2016-max-common-connected-subgraph-paper/datasets/graphsdb/mcs30/rand/r005/mcs30_r005_s80.A03 fileNameGt=../../cp2016-max-common-connected-subgraph-paper/datasets/graphsdb/mcs30/rand/r005/mcs30_r005_s80.B03
Reading graphs...
80 :  307
80 :  311
Initializing...
maxdom : 9
D->valSize : 427
Solving...
Blb : 5 (clique : 21)
currentSize : 21 <-- 0.004053 s
currentSize : 22 <-- 0.004364 s
currentSize : 23 <-- 0.006084 s
currentSize : 24 <-- 0.006643 s
currentSize : 25 <-- 0.008923 s
currentSize : 26 <-- 0.310437 s
currentSize : 27 <-- 4.182655 s
currentSize : 28 <-- 19.472740 s
currentSize : 29 <-- 67.121796 s

TIMEOUT
maxsize : 29
nodes : 173762616.000000
filtered : 1450601313.000000
time : 1000.000000
