Parameters: GAD=1 vflib=1 dir=0 label=0 vlabel=1 lowerbound=1 fileNameGp=../../cp2016-max-common-connected-subgraph-paper/datasets/graphsdb/mcs30/bvg/b09/mcs30_b09_s80.A08 fileNameGt=../../cp2016-max-common-connected-subgraph-paper/datasets/graphsdb/mcs30/bvg/b09/mcs30_b09_s80.B08
Reading graphs...
80 :  355
80 :  354
Initializing...
maxdom : 11
D->valSize : 409
Solving...
Blb : 2 (clique : 20)
currentSize : 20 <-- 0.003762 s
currentSize : 21 <-- 0.046500 s
currentSize : 22 <-- 0.156609 s
currentSize : 23 <-- 0.228786 s
currentSize : 24 <-- 0.890347 s
currentSize : 25 <-- 77.317986 s

TIMEOUT
maxsize : 25
nodes : 182983247.000000
filtered : 1417778711.000000
time : 1000.000061
