Parameters: GAD=1 vflib=1 dir=0 label=0 vlabel=1 lowerbound=1 fileNameGp=../../cp2016-max-common-connected-subgraph-paper/datasets/graphsdb/mcs30/m3D/m3Dr2/mcs30_m3Dr2_s90.A01 fileNameGt=../../cp2016-max-common-connected-subgraph-paper/datasets/graphsdb/mcs30/m3D/m3Dr2/mcs30_m3Dr2_s90.B01
Reading graphs...
90 :  227
90 :  224
Initializing...
maxdom : 9
D->valSize : 507
Solving...
Blb : 2 (clique : 30)
currentSize : 30 <-- 0.009255 s
currentSize : 31 <-- 0.041439 s
currentSize : 32 <-- 0.133819 s
currentSize : 33 <-- 0.372370 s
currentSize : 34 <-- 138.312836 s
currentSize : 35 <-- 577.361755 s

TIMEOUT
maxsize : 35
nodes : 173394507.000000
filtered : 1302854141.000000
time : 1000.000061
