Parameters: GAD=1 vflib=1 dir=0 label=0 vlabel=1 lowerbound=1 fileNameGp=../../cp2016-max-common-connected-subgraph-paper/datasets/graphsdb/mcs30/m4D/m4Dr2/mcs30_m4Dr2_s80.A04 fileNameGt=../../cp2016-max-common-connected-subgraph-paper/datasets/graphsdb/mcs30/m4D/m4Dr2/mcs30_m4Dr2_s80.B04
Reading graphs...
80 :  146
80 :  144
Initializing...
maxdom : 9
D->valSize : 405
Solving...
Blb : 2 (clique : 29)
currentSize : 29 <-- 0.003932 s
currentSize : 30 <-- 0.004505 s
currentSize : 31 <-- 0.047555 s
currentSize : 32 <-- 0.152035 s
currentSize : 33 <-- 0.268157 s
currentSize : 34 <-- 2.639210 s
currentSize : 35 <-- 72.289162 s

TIMEOUT
maxsize : 35
nodes : 193067165.000000
filtered : 1500847606.000000
time : 1000.000061
