Parameters: GAD=1 vflib=1 dir=0 label=0 vlabel=1 lowerbound=1 fileNameGp=../../cp2016-max-common-connected-subgraph-paper/datasets/graphsdb/mcs30/bvg/b06m/mcs30_b06m_s70.A04 fileNameGt=../../cp2016-max-common-connected-subgraph-paper/datasets/graphsdb/mcs30/bvg/b06m/mcs30_b06m_s70.B04
Reading graphs...
70 :  205
70 :  206
Initializing...
maxdom : 9
D->valSize : 316
Solving...
Blb : 3 (clique : 21)
currentSize : 21 <-- 0.002609 s
currentSize : 22 <-- 0.003154 s
currentSize : 23 <-- 0.013038 s
currentSize : 24 <-- 0.036500 s
currentSize : 25 <-- 1.830404 s
currentSize : 26 <-- 2.008815 s
currentSize : 27 <-- 698.635254 s
currentSize : 28 <-- 698.822571 s
currentSize : 29 <-- 732.661560 s

TIMEOUT
maxsize : 29
nodes : 194779736.000000
filtered : 1449857647.000000
time : 1000.000000
