Parameters: GAD=1 vflib=1 dir=0 label=0 vlabel=1 lowerbound=1 fileNameGp=../../cp2016-max-common-connected-subgraph-paper/datasets/graphsdb/mcs30/m4D/m4Dr6/mcs30_m4Dr6_s50.A01 fileNameGt=../../cp2016-max-common-connected-subgraph-paper/datasets/graphsdb/mcs30/m4D/m4Dr6/mcs30_m4Dr6_s50.B01
Reading graphs...
50 :  113
50 :  110
Initializing...
maxdom : 10
D->valSize : 349
Solving...
Blb : 2 (clique : 19)
currentSize : 19 <-- 0.004252 s
currentSize : 20 <-- 0.004530 s
currentSize : 21 <-- 0.111941 s
currentSize : 22 <-- 0.250139 s
currentSize : 23 <-- 1.408535 s
currentSize : 24 <-- 48.178257 s
currentSize : 25 <-- 114.674042 s
currentSize : 26 <-- 197.666229 s

maxsize : 26
nodes : 59711916.000000
filtered : 686090763.000000
time : 321.990509
