Parameters: GAD=1 vflib=1 dir=0 label=0 vlabel=1 lowerbound=1 fileNameGp=../../cp2016-max-common-connected-subgraph-paper/datasets/graphsdb/mcs30/m2D/m2Dr6/mcs30_m2Dr6_s60.A05 fileNameGt=../../cp2016-max-common-connected-subgraph-paper/datasets/graphsdb/mcs30/m2D/m2Dr6/mcs30_m2Dr6_s60.B05
Reading graphs...
60 :  138
60 :  136
Initializing...
maxdom : 8
D->valSize : 228
Solving...
Blb : 5 (clique : 18)
currentSize : 18 <-- 0.001769 s
currentSize : 19 <-- 0.001893 s
currentSize : 20 <-- 0.001956 s
currentSize : 21 <-- 0.006428 s
currentSize : 22 <-- 1.035391 s
currentSize : 23 <-- 1.108989 s
currentSize : 24 <-- 1.822803 s
currentSize : 25 <-- 22.530352 s
currentSize : 26 <-- 113.716881 s

maxsize : 26
nodes : 38505626.000000
filtered : 273076042.000000
time : 180.435410
