Parameters: GAD=1 vflib=1 dir=0 label=0 vlabel=1 lowerbound=1 fileNameGp=../../cp2016-max-common-connected-subgraph-paper/datasets/graphsdb/mcs30/rand/r005/mcs30_r005_s100.A05 fileNameGt=../../cp2016-max-common-connected-subgraph-paper/datasets/graphsdb/mcs30/rand/r005/mcs30_r005_s100.B05
Reading graphs...
100 :  486
100 :  481
Initializing...
maxdom : 7
D->valSize : 353
Solving...
Blb : 2 (clique : 21)
currentSize : 21 <-- 0.004538 s
currentSize : 22 <-- 0.008052 s
currentSize : 23 <-- 0.391837 s
currentSize : 24 <-- 0.704794 s
currentSize : 25 <-- 2.767405 s
currentSize : 26 <-- 31.085749 s
currentSize : 27 <-- 32.983166 s
currentSize : 28 <-- 50.129555 s
currentSize : 29 <-- 109.305946 s
currentSize : 30 <-- 436.735474 s
currentSize : 31 <-- 984.966125 s

TIMEOUT
maxsize : 31
nodes : 167639493.000000
filtered : 875910009.000000
time : 1000.000061
