Parameters: GAD=1 vflib=1 dir=0 label=0 vlabel=1 lowerbound=1 fileNameGp=../../cp2016-max-common-connected-subgraph-paper/datasets/graphsdb/mcs30/bvg/b03/mcs30_b03_s70.A02 fileNameGt=../../cp2016-max-common-connected-subgraph-paper/datasets/graphsdb/mcs30/bvg/b03/mcs30_b03_s70.B02
Reading graphs...
70 :  105
70 :  105
Initializing...
maxdom : 9
D->valSize : 317
Solving...
Blb : 2 (clique : 28)
currentSize : 28 <-- 0.002738 s
currentSize : 29 <-- 0.003661 s
currentSize : 30 <-- 0.129981 s
currentSize : 31 <-- 0.264890 s
currentSize : 32 <-- 0.794333 s
currentSize : 33 <-- 17.180868 s
currentSize : 34 <-- 47.370998 s
currentSize : 35 <-- 91.315689 s
currentSize : 36 <-- 155.255219 s

TIMEOUT
maxsize : 36
nodes : 201075509.000000
filtered : 1299148871.000000
time : 1000.000061
