Parameters: GAD=1 vflib=1 dir=0 label=0 vlabel=1 lowerbound=1 fileNameGp=../../cp2016-max-common-connected-subgraph-paper/datasets/graphsdb/mcs30/m4D/m4D/mcs30_m4D_s50.A08 fileNameGt=../../cp2016-max-common-connected-subgraph-paper/datasets/graphsdb/mcs30/m4D/m4D/mcs30_m4D_s50.B08
Reading graphs...
50 :  86
50 :  86
Initializing...
maxdom : 10
D->valSize : 321
Solving...
Blb : 2 (clique : 23)
currentSize : 23 <-- 0.002357 s
currentSize : 24 <-- 0.003060 s
currentSize : 25 <-- 0.004550 s
currentSize : 26 <-- 0.010413 s
currentSize : 27 <-- 3.350205 s
currentSize : 28 <-- 40.980453 s

maxsize : 28
nodes : 80008673.000000
filtered : 1058827740.000000
time : 419.411957
