Parameters: GAD=1 vflib=1 dir=0 label=0 vlabel=1 lowerbound=1 fileNameGp=../../cp2016-max-common-connected-subgraph-paper/datasets/graphsdb/mcs30/m2D/m2Dr4/mcs30_m2Dr4_s50.A04 fileNameGt=../../cp2016-max-common-connected-subgraph-paper/datasets/graphsdb/mcs30/m2D/m2Dr4/mcs30_m2Dr4_s50.B04
Reading graphs...
50 :  104
50 :  102
Initializing...
maxdom : 10
D->valSize : 355
Solving...
Blb : 2 (clique : 21)
currentSize : 21 <-- 0.002832 s
currentSize : 22 <-- 0.003024 s
currentSize : 23 <-- 0.004212 s
currentSize : 24 <-- 0.036269 s
currentSize : 25 <-- 1.140578 s
currentSize : 26 <-- 8.538522 s
currentSize : 27 <-- 12.399489 s

maxsize : 27
nodes : 14131444.000000
filtered : 229781833.000000
time : 84.597916
