Parameters: GAD=1 vflib=1 dir=0 label=0 vlabel=1 lowerbound=1 fileNameGp=../../cp2016-max-common-connected-subgraph-paper/datasets/graphsdb/mcs30/m2D/m2Dr2/mcs30_m2Dr2_s50.A00 fileNameGt=../../cp2016-max-common-connected-subgraph-paper/datasets/graphsdb/mcs30/m2D/m2Dr2/mcs30_m2Dr2_s50.B00
Reading graphs...
50 :  94
50 :  93
Initializing...
maxdom : 9
D->valSize : 321
Solving...
Blb : 2 (clique : 20)
currentSize : 20 <-- 0.002351 s
currentSize : 21 <-- 0.002490 s
currentSize : 22 <-- 0.002552 s
currentSize : 23 <-- 0.002709 s
currentSize : 24 <-- 2.111368 s
currentSize : 25 <-- 56.255672 s
currentSize : 26 <-- 68.003601 s

maxsize : 26
nodes : 128863817.000000
filtered : 1531619762.000000
time : 676.776733
