Parameters: GAD=1 vflib=1 dir=0 label=0 vlabel=1 lowerbound=1 fileNameGp=../../cp2016-max-common-connected-subgraph-paper/datasets/graphsdb/mcs30/rand/r02/mcs30_r02_s100.A07 fileNameGt=../../cp2016-max-common-connected-subgraph-paper/datasets/graphsdb/mcs30/rand/r02/mcs30_r02_s100.B07
Reading graphs...
100 :  1787
100 :  1769
Initializing...
maxdom : 10
D->valSize : 361
Solving...
Blb : 5 (clique : 11)
currentSize : 11 <-- 0.005697 s
currentSize : 12 <-- 0.005904 s
currentSize : 14 <-- 0.006098 s
currentSize : 15 <-- 0.008042 s
currentSize : 18 <-- 0.008707 s
currentSize : 24 <-- 0.022056 s
currentSize : 25 <-- 0.089967 s
currentSize : 26 <-- 0.109163 s
currentSize : 30 <-- 0.149349 s

maxsize : 30
nodes : 230495.000000
filtered : 3383960.000000
time : 1.838067
