Parameters: GAD=1 vflib=1 dir=0 label=0 vlabel=1 lowerbound=1 fileNameGp=../../cp2016-max-common-connected-subgraph-paper/datasets/graphsdb/mcs30/rand/r02/mcs30_r02_s90.A00 fileNameGt=../../cp2016-max-common-connected-subgraph-paper/datasets/graphsdb/mcs30/rand/r02/mcs30_r02_s90.B00
Reading graphs...
90 :  1436
90 :  1432
Initializing...
maxdom : 9
D->valSize : 509
Solving...
Blb : 3 (clique : 10)
currentSize : 10 <-- 0.005302 s
currentSize : 11 <-- 0.006205 s
currentSize : 12 <-- 0.008104 s
currentSize : 13 <-- 0.009744 s
currentSize : 14 <-- 0.080524 s
currentSize : 15 <-- 1.060597 s
currentSize : 16 <-- 1.141727 s
currentSize : 17 <-- 1.266213 s
currentSize : 18 <-- 16.127735 s
currentSize : 19 <-- 19.980131 s
currentSize : 22 <-- 23.804476 s
currentSize : 23 <-- 23.808372 s
currentSize : 27 <-- 23.808493 s

maxsize : 27
nodes : 6039184.000000
filtered : 62467635.000000
time : 39.187122
