Parameters: GAD=1 vflib=1 dir=0 label=0 vlabel=1 lowerbound=1 fileNameGp=../../cp2016-max-common-connected-subgraph-paper/datasets/graphsdb/mcs30/rand/r01/mcs30_r01_s90.A07 fileNameGt=../../cp2016-max-common-connected-subgraph-paper/datasets/graphsdb/mcs30/rand/r01/mcs30_r01_s90.B07
Reading graphs...
90 :  753
90 :  752
Initializing...
maxdom : 10
D->valSize : 503
Solving...
Blb : 5 (clique : 17)
currentSize : 17 <-- 0.008513 s
currentSize : 18 <-- 0.047675 s
currentSize : 19 <-- 4.587443 s
currentSize : 20 <-- 16.679634 s
currentSize : 21 <-- 53.532581 s
currentSize : 22 <-- 54.186272 s
currentSize : 23 <-- 54.186394 s

TIMEOUT
maxsize : 23
nodes : 159104917.000000
filtered : 1497401637.000000
time : 1000.000000
