Parameters: GAD=1 vflib=1 dir=0 label=0 vlabel=1 lowerbound=1 fileNameGp=../../cp2016-max-common-connected-subgraph-paper/datasets/graphsdb/mcs30/m3D/m3D/mcs30_m3D_s100.A01 fileNameGt=../../cp2016-max-common-connected-subgraph-paper/datasets/graphsdb/mcs30/m3D/m3D/mcs30_m3D_s100.B01
Reading graphs...
100 :  233
100 :  235
Initializing...
maxdom : 8
D->valSize : 347
Solving...
Blb : 2 (clique : 31)
currentSize : 31 <-- 0.004478 s
currentSize : 32 <-- 0.004761 s
currentSize : 33 <-- 0.004909 s
currentSize : 34 <-- 0.005273 s
currentSize : 35 <-- 0.409647 s
currentSize : 36 <-- 8.036550 s
currentSize : 37 <-- 27.191023 s

TIMEOUT
maxsize : 37
nodes : 177185840.000000
filtered : 913236153.000000
time : 1000.000061
