Parameters: GAD=1 vflib=1 dir=0 label=0 vlabel=1 lowerbound=1 fileNameGp=../../cp2016-max-common-connected-subgraph-paper/datasets/graphsdb/mcs30/rand/r02/mcs30_r02_s80.A02 fileNameGt=../../cp2016-max-common-connected-subgraph-paper/datasets/graphsdb/mcs30/rand/r02/mcs30_r02_s80.B02
Reading graphs...
80 :  1130
80 :  1138
Initializing...
maxdom : 11
D->valSize : 454
Solving...
Blb : 2 (clique : 10)
currentSize : 10 <-- 0.006671 s
currentSize : 11 <-- 0.007422 s
currentSize : 12 <-- 0.010070 s
currentSize : 13 <-- 0.050673 s
currentSize : 14 <-- 0.050772 s
currentSize : 15 <-- 0.050914 s
currentSize : 16 <-- 0.185106 s
currentSize : 18 <-- 0.699792 s
currentSize : 20 <-- 1.888137 s
currentSize : 24 <-- 6.217505 s

maxsize : 24
nodes : 1802415.000000
filtered : 22585455.000000
time : 11.424692
