Parameters: GAD=1 vflib=1 dir=0 label=0 vlabel=1 lowerbound=1 fileNameGp=../../cp2016-max-common-connected-subgraph-paper/datasets/graphsdb/mcs30/bvg/b09/mcs30_b09_s70.A02 fileNameGt=../../cp2016-max-common-connected-subgraph-paper/datasets/graphsdb/mcs30/bvg/b09/mcs30_b09_s70.B02
Reading graphs...
70 :  311
70 :  310
Initializing...
maxdom : 9
D->valSize : 305
Solving...
Blb : 2 (clique : 16)
currentSize : 16 <-- 0.003896 s
currentSize : 17 <-- 0.004362 s
currentSize : 18 <-- 0.007581 s
currentSize : 19 <-- 0.018462 s
currentSize : 20 <-- 0.019134 s
currentSize : 21 <-- 1.106239 s
currentSize : 22 <-- 29.815479 s
currentSize : 24 <-- 32.344398 s
currentSize : 25 <-- 73.834724 s

maxsize : 25
nodes : 21460958.000000
filtered : 160391302.000000
time : 110.433815
