Parameters: GAD=1 vflib=1 dir=0 label=0 vlabel=1 lowerbound=1 fileNameGp=../../cp2016-max-common-connected-subgraph-paper/datasets/graphsdb/mcs30/rand/r01/mcs30_r01_s80.A09 fileNameGt=../../cp2016-max-common-connected-subgraph-paper/datasets/graphsdb/mcs30/rand/r01/mcs30_r01_s80.B09
Reading graphs...
80 :  596
80 :  600
Initializing...
maxdom : 7
D->valSize : 413
Solving...
Blb : 2 (clique : 13)
currentSize : 13 <-- 0.003735 s
currentSize : 14 <-- 0.003894 s
currentSize : 15 <-- 0.003972 s
currentSize : 16 <-- 0.004020 s
currentSize : 17 <-- 0.017841 s
currentSize : 18 <-- 0.020770 s
currentSize : 20 <-- 2.674476 s
currentSize : 21 <-- 13.178412 s
currentSize : 22 <-- 14.059966 s
currentSize : 24 <-- 293.344086 s

maxsize : 24
nodes : 95117692.000000
filtered : 943789209.000000
time : 567.027527
