Parameters: GAD=1 vflib=1 dir=0 label=0 vlabel=1 lowerbound=1 fileNameGp=../../cp2016-max-common-connected-subgraph-paper/datasets/graphsdb/mcs30/bvg/b09m/mcs30_b09m_s60.A06 fileNameGt=../../cp2016-max-common-connected-subgraph-paper/datasets/graphsdb/mcs30/bvg/b09m/mcs30_b09m_s60.B06
Reading graphs...
60 :  259
60 :  259
Initializing...
maxdom : 7
D->valSize : 247
Solving...
Blb : 3 (clique : 14)
currentSize : 14 <-- 0.002733 s
currentSize : 15 <-- 0.002924 s
currentSize : 16 <-- 0.003275 s
currentSize : 18 <-- 0.003922 s
currentSize : 19 <-- 0.041700 s
currentSize : 20 <-- 1.096091 s
currentSize : 21 <-- 1.096355 s
currentSize : 22 <-- 1.096697 s
currentSize : 23 <-- 6.010024 s

maxsize : 23
nodes : 2902804.000000
filtered : 18941659.000000
time : 13.501590
