Parameters: GAD=1 vflib=1 dir=0 label=0 vlabel=1 lowerbound=1 fileNameGp=../../cp2016-max-common-connected-subgraph-paper/datasets/graphsdb/mcs30/rand/r01/mcs30_r01_s90.A00 fileNameGt=../../cp2016-max-common-connected-subgraph-paper/datasets/graphsdb/mcs30/rand/r01/mcs30_r01_s90.B00
Reading graphs...
90 :  753
90 :  755
Initializing...
maxdom : 11
D->valSize : 545
Solving...
Blb : 2 (clique : 16)
currentSize : 16 <-- 0.009815 s
currentSize : 17 <-- 0.010130 s
currentSize : 18 <-- 0.058050 s
currentSize : 19 <-- 0.547888 s
currentSize : 20 <-- 2.848527 s
currentSize : 21 <-- 6.289995 s
currentSize : 22 <-- 14.809262 s
currentSize : 23 <-- 14.811709 s
currentSize : 24 <-- 36.897610 s
currentSize : 25 <-- 452.901947 s
currentSize : 26 <-- 455.044800 s
currentSize : 27 <-- 507.498749 s

TIMEOUT
maxsize : 27
nodes : 152314860.000000
filtered : 1693154023.000000
time : 1000.000061
