Parameters: GAD=1 vflib=1 dir=0 label=0 vlabel=1 lowerbound=1 fileNameGp=../../cp2016-max-common-connected-subgraph-paper/datasets/graphsdb/mcs30/m2D/m2Dr4/mcs30_m2Dr4_s70.A03 fileNameGt=../../cp2016-max-common-connected-subgraph-paper/datasets/graphsdb/mcs30/m2D/m2Dr4/mcs30_m2Dr4_s70.B03
Reading graphs...
70 :  150
70 :  150
Initializing...
maxdom : 7
D->valSize : 299
Solving...
Blb : 2 (clique : 22)
currentSize : 22 <-- 0.002503 s
currentSize : 23 <-- 0.002684 s
currentSize : 24 <-- 0.003958 s
currentSize : 25 <-- 0.008056 s
currentSize : 26 <-- 0.123100 s
currentSize : 27 <-- 0.123218 s
currentSize : 29 <-- 0.786882 s
currentSize : 30 <-- 2.579332 s
currentSize : 31 <-- 23.004213 s
currentSize : 32 <-- 832.803833 s

TIMEOUT
maxsize : 32
nodes : 210201242.000000
filtered : 1333121655.000000
time : 1000.000061
