Parameters: GAD=1 vflib=1 dir=0 label=0 vlabel=1 lowerbound=1 fileNameGp=../../cp2016-max-common-connected-subgraph-paper/datasets/graphsdb/mcs30/m2D/m2Dr4/mcs30_m2Dr4_s50.A01 fileNameGt=../../cp2016-max-common-connected-subgraph-paper/datasets/graphsdb/mcs30/m2D/m2Dr4/mcs30_m2Dr4_s50.B01
Reading graphs...
50 :  105
50 :  104
Initializing...
maxdom : 10
D->valSize : 351
Solving...
Blb : 2 (clique : 19)
currentSize : 19 <-- 0.004278 s
currentSize : 20 <-- 0.004453 s
currentSize : 21 <-- 0.004652 s
currentSize : 22 <-- 0.075231 s
currentSize : 23 <-- 0.926006 s
currentSize : 24 <-- 1.185207 s
currentSize : 25 <-- 23.814182 s

maxsize : 25
nodes : 87793319.000000
filtered : 976871555.000000
time : 447.710846
