Parameters: GAD=1 vflib=1 dir=0 label=0 vlabel=1 lowerbound=1 fileNameGp=../../cp2016-max-common-connected-subgraph-paper/datasets/graphsdb/mcs30/rand/r01/mcs30_r01_s70.A01 fileNameGt=../../cp2016-max-common-connected-subgraph-paper/datasets/graphsdb/mcs30/rand/r01/mcs30_r01_s70.B01
Reading graphs...
70 :  460
70 :  460
Initializing...
maxdom : 9
D->valSize : 289
Solving...
Blb : 5 (clique : 14)
currentSize : 14 <-- 0.002214 s
currentSize : 15 <-- 0.003206 s
currentSize : 16 <-- 0.045689 s
currentSize : 17 <-- 0.498297 s
currentSize : 18 <-- 0.993699 s
currentSize : 19 <-- 3.916139 s
currentSize : 20 <-- 5.129299 s
currentSize : 21 <-- 10.286170 s

maxsize : 21
nodes : 5465961.000000
filtered : 48900105.000000
time : 30.028828
