Parameters: GAD=1 vflib=1 dir=0 label=0 vlabel=1 lowerbound=1 fileNameGp=../../cp2016-max-common-connected-subgraph-paper/datasets/graphsdb/mcs30/m4D/m4Dr4/mcs30_m4Dr4_s70.A08 fileNameGt=../../cp2016-max-common-connected-subgraph-paper/datasets/graphsdb/mcs30/m4D/m4Dr4/mcs30_m4Dr4_s70.B08
Reading graphs...
70 :  143
70 :  142
Initializing...
maxdom : 8
D->valSize : 294
Solving...
Blb : 2 (clique : 24)
currentSize : 24 <-- 0.003820 s
currentSize : 25 <-- 0.006259 s
currentSize : 26 <-- 0.195426 s
currentSize : 27 <-- 0.374381 s
currentSize : 28 <-- 0.616280 s
currentSize : 29 <-- 7.157410 s
currentSize : 30 <-- 8.665001 s
currentSize : 31 <-- 21.510036 s
currentSize : 32 <-- 52.136230 s

TIMEOUT
maxsize : 32
nodes : 189343232.000000
filtered : 1582265594.000000
time : 1000.000000
