Parameters: GAD=1 vflib=1 dir=0 label=0 vlabel=1 lowerbound=1 fileNameGp=../../cp2016-max-common-connected-subgraph-paper/datasets/graphsdb/mcs30/bvg/b09m/mcs30_b09m_s70.A07 fileNameGt=../../cp2016-max-common-connected-subgraph-paper/datasets/graphsdb/mcs30/bvg/b09m/mcs30_b09m_s70.B07
Reading graphs...
70 :  304
70 :  306
Initializing...
maxdom : 11
D->valSize : 321
Solving...
Blb : 2 (clique : 19)
currentSize : 19 <-- 0.002608 s
currentSize : 20 <-- 0.629274 s
currentSize : 21 <-- 0.900653 s
currentSize : 22 <-- 2.472886 s
currentSize : 23 <-- 3.365711 s
currentSize : 24 <-- 9.657950 s
currentSize : 25 <-- 17.288046 s

maxsize : 25
nodes : 36508618.000000
filtered : 340105232.000000
time : 195.507156
