Parameters: GAD=1 vflib=1 dir=0 label=0 vlabel=1 lowerbound=1 fileNameGp=../../cp2016-max-common-connected-subgraph-paper/datasets/graphsdb/mcs30/m4D/m4Dr2/mcs30_m4Dr2_s50.A06 fileNameGt=../../cp2016-max-common-connected-subgraph-paper/datasets/graphsdb/mcs30/m4D/m4Dr2/mcs30_m4Dr2_s50.B06
Reading graphs...
50 :  96
50 :  95
Initializing...
maxdom : 8
D->valSize : 320
Solving...
Blb : 2 (clique : 23)
currentSize : 23 <-- 0.002478 s
currentSize : 24 <-- 0.004876 s
currentSize : 25 <-- 0.006269 s
currentSize : 26 <-- 2.333597 s
currentSize : 27 <-- 215.401306 s

maxsize : 27
nodes : 123108348.000000
filtered : 1476294360.000000
time : 618.428040
