Parameters: GAD=1 vflib=1 dir=0 label=0 vlabel=1 lowerbound=1 fileNameGp=../../cp2016-max-common-connected-subgraph-paper/datasets/graphsdb/mcs30/rand/r005/mcs30_r005_s90.A00 fileNameGt=../../cp2016-max-common-connected-subgraph-paper/datasets/graphsdb/mcs30/rand/r005/mcs30_r005_s90.B00
Reading graphs...
90 :  386
90 :  391
Initializing...
maxdom : 10
D->valSize : 532
Solving...
Blb : 5 (clique : 22)
currentSize : 22 <-- 0.009700 s
currentSize : 23 <-- 0.016413 s
currentSize : 24 <-- 0.022929 s
currentSize : 25 <-- 0.062615 s
currentSize : 26 <-- 0.380956 s
currentSize : 27 <-- 1.671010 s
currentSize : 28 <-- 2.059012 s
currentSize : 29 <-- 25.982128 s
currentSize : 30 <-- 252.134109 s
currentSize : 31 <-- 513.549561 s

TIMEOUT
maxsize : 31
nodes : 155223851.000000
filtered : 1482358168.000000
time : 1000.000061
