Parameters: GAD=1 vflib=1 dir=0 label=0 vlabel=1 lowerbound=1 fileNameGp=../../cp2016-max-common-connected-subgraph-paper/datasets/graphsdb/mcs30/m2D/m2Dr6/mcs30_m2Dr6_s60.A00 fileNameGt=../../cp2016-max-common-connected-subgraph-paper/datasets/graphsdb/mcs30/m2D/m2Dr6/mcs30_m2Dr6_s60.B00
Reading graphs...
60 :  137
60 :  140
Initializing...
maxdom : 6
D->valSize : 231
Solving...
Blb : 2 (clique : 20)
currentSize : 20 <-- 0.002653 s
currentSize : 21 <-- 0.004547 s
currentSize : 22 <-- 0.137088 s
currentSize : 23 <-- 1.374909 s
currentSize : 24 <-- 3.363207 s
currentSize : 25 <-- 11.395613 s

maxsize : 25
nodes : 52096434.000000
filtered : 365520292.000000
time : 235.627060
