Parameters: GAD=1 vflib=1 dir=0 label=0 vlabel=1 lowerbound=1 fileNameGp=../../cp2016-max-common-connected-subgraph-paper/datasets/graphsdb/mcs30/m2D/m2Dr6/mcs30_m2Dr6_s60.A03 fileNameGt=../../cp2016-max-common-connected-subgraph-paper/datasets/graphsdb/mcs30/m2D/m2Dr6/mcs30_m2Dr6_s60.B03
Reading graphs...
60 :  137
60 :  136
Initializing...
maxdom : 10
D->valSize : 257
Solving...
Blb : 2 (clique : 19)
currentSize : 19 <-- 0.001935 s
currentSize : 20 <-- 0.002085 s
currentSize : 21 <-- 0.002685 s
currentSize : 22 <-- 0.002742 s
currentSize : 23 <-- 0.003323 s
currentSize : 24 <-- 0.021463 s
currentSize : 25 <-- 1.874512 s
currentSize : 26 <-- 9.273157 s
currentSize : 27 <-- 17.593924 s

maxsize : 27
nodes : 32835548.000000
filtered : 264229511.000000
time : 157.953445
