Parameters: GAD=1 vflib=1 dir=0 label=0 vlabel=1 lowerbound=1 fileNameGp=../../cp2016-max-common-connected-subgraph-paper/datasets/graphsdb/mcs30/m2D/m2Dr4/mcs30_m2Dr4_s90.A00 fileNameGt=../../cp2016-max-common-connected-subgraph-paper/datasets/graphsdb/mcs30/m2D/m2Dr4/mcs30_m2Dr4_s90.B00
Reading graphs...
90 :  196
90 :  195
Initializing...
maxdom : 11
D->valSize : 595
Solving...
Blb : 2 (clique : 33)
currentSize : 33 <-- 0.007451 s
currentSize : 35 <-- 0.007765 s
currentSize : 36 <-- 0.007998 s
currentSize : 37 <-- 0.008449 s
currentSize : 38 <-- 0.013590 s
currentSize : 39 <-- 0.777702 s
currentSize : 40 <-- 1.817910 s
currentSize : 41 <-- 8.665041 s
currentSize : 42 <-- 488.338104 s

TIMEOUT
maxsize : 42
nodes : 154247231.000000
filtered : 1505691221.000000
time : 1000.000122
