Parameters: GAD=1 vflib=1 dir=0 label=0 vlabel=1 lowerbound=1 fileNameGp=../../cp2016-max-common-connected-subgraph-paper/datasets/graphsdb/mcs30/m2D/m2Dr2/mcs30_m2Dr2_s50.A09 fileNameGt=../../cp2016-max-common-connected-subgraph-paper/datasets/graphsdb/mcs30/m2D/m2Dr2/mcs30_m2Dr2_s50.B09
Reading graphs...
50 :  94
50 :  94
Initializing...
maxdom : 9
D->valSize : 332
Solving...
Blb : 2 (clique : 20)
currentSize : 20 <-- 0.002754 s
currentSize : 21 <-- 0.002929 s
currentSize : 22 <-- 0.003022 s
currentSize : 23 <-- 0.073246 s
currentSize : 24 <-- 0.074645 s
currentSize : 25 <-- 1.107153 s
currentSize : 26 <-- 28.977392 s

maxsize : 26
nodes : 70869664.000000
filtered : 899567431.000000
time : 364.655304
