Parameters: GAD=1 vflib=1 dir=0 label=0 vlabel=1 lowerbound=1 fileNameGp=../../cp2016-max-common-connected-subgraph-paper/datasets/graphsdb/mcs30/m4D/m4Dr6/mcs30_m4Dr6_s50.A03 fileNameGt=../../cp2016-max-common-connected-subgraph-paper/datasets/graphsdb/mcs30/m4D/m4Dr6/mcs30_m4Dr6_s50.B03
Reading graphs...
50 :  114
50 :  112
Initializing...
maxdom : 9
D->valSize : 349
Solving...
Blb : 2 (clique : 19)
currentSize : 19 <-- 0.002824 s
currentSize : 20 <-- 0.003308 s
currentSize : 21 <-- 0.018581 s
currentSize : 22 <-- 0.187722 s
currentSize : 23 <-- 1.744018 s
currentSize : 24 <-- 65.585587 s

maxsize : 24
nodes : 21009126.000000
filtered : 280660743.000000
time : 107.959549
