Parameters: GAD=1 vflib=1 dir=0 label=0 vlabel=1 lowerbound=1 fileNameGp=../../cp2016-max-common-connected-subgraph-paper/datasets/graphsdb/mcs30/rand/r005/mcs30_r005_s70.A06 fileNameGt=../../cp2016-max-common-connected-subgraph-paper/datasets/graphsdb/mcs30/rand/r005/mcs30_r005_s70.B06
Reading graphs...
70 :  232
70 :  236
Initializing...
maxdom : 10
D->valSize : 321
Solving...
Blb : 5 (clique : 19)
currentSize : 19 <-- 0.002733 s
currentSize : 20 <-- 0.002924 s
currentSize : 21 <-- 0.005035 s
currentSize : 22 <-- 0.009877 s
currentSize : 23 <-- 0.038043 s
currentSize : 24 <-- 0.045797 s
currentSize : 25 <-- 1.985765 s
currentSize : 26 <-- 48.150928 s

TIMEOUT
maxsize : 26
nodes : 190597418.000000
filtered : 1579264223.000000
time : 1000.000000
