Parameters: GAD=1 vflib=1 dir=0 label=0 vlabel=1 lowerbound=1 fileNameGp=../../cp2016-max-common-connected-subgraph-paper/datasets/graphsdb/mcs30/bvg/b06m/mcs30_b06m_s50.A06 fileNameGt=../../cp2016-max-common-connected-subgraph-paper/datasets/graphsdb/mcs30/bvg/b06m/mcs30_b06m_s50.B06
Reading graphs...
50 :  144
50 :  147
Initializing...
maxdom : 10
D->valSize : 344
Solving...
Blb : 5 (clique : 16)
currentSize : 16 <-- 0.004026 s
currentSize : 17 <-- 0.004451 s
currentSize : 18 <-- 0.004607 s
currentSize : 19 <-- 0.006295 s
currentSize : 20 <-- 0.027266 s
currentSize : 21 <-- 0.059501 s
currentSize : 22 <-- 0.172648 s
currentSize : 23 <-- 8.098625 s

maxsize : 23
nodes : 13356719.000000
filtered : 218440008.000000
time : 76.849777
