Parameters: GAD=1 vflib=1 dir=0 label=0 vlabel=1 lowerbound=1 fileNameGp=../../cp2016-max-common-connected-subgraph-paper/datasets/graphsdb/mcs30/bvg/b03/mcs30_b03_s50.A01 fileNameGt=../../cp2016-max-common-connected-subgraph-paper/datasets/graphsdb/mcs30/bvg/b03/mcs30_b03_s50.B01
Reading graphs...
50 :  75
50 :  74
Initializing...
maxdom : 7
D->valSize : 324
Solving...
Blb : 2 (clique : 23)
currentSize : 23 <-- 0.003846 s
currentSize : 24 <-- 0.119448 s
currentSize : 25 <-- 0.121411 s
currentSize : 26 <-- 0.233121 s
currentSize : 27 <-- 0.857193 s
currentSize : 28 <-- 21.437988 s

maxsize : 28
nodes : 163616851.000000
filtered : 1848559160.000000
time : 816.074524
