Parameters: GAD=1 vflib=1 dir=0 label=0 vlabel=1 lowerbound=1 fileNameGp=../../cp2016-max-common-connected-subgraph-paper/datasets/graphsdb/mcs30/bvg/b09/mcs30_b09_s60.A07 fileNameGt=../../cp2016-max-common-connected-subgraph-paper/datasets/graphsdb/mcs30/bvg/b09/mcs30_b09_s60.B07
Reading graphs...
60 :  263
60 :  264
Initializing...
maxdom : 8
D->valSize : 246
Solving...
Blb : 2 (clique : 14)
currentSize : 14 <-- 0.001890 s
currentSize : 15 <-- 0.002113 s
currentSize : 16 <-- 0.005158 s
currentSize : 17 <-- 0.357553 s
currentSize : 18 <-- 1.528897 s
currentSize : 19 <-- 4.669903 s
currentSize : 20 <-- 8.381412 s
currentSize : 21 <-- 8.382048 s

maxsize : 21
nodes : 3654803.000000
filtered : 27640942.000000
time : 17.062365
