Parameters: GAD=1 vflib=1 dir=0 label=0 vlabel=1 lowerbound=1 fileNameGp=../../cp2016-max-common-connected-subgraph-paper/datasets/graphsdb/mcs30/rand/r02/mcs30_r02_s90.A03 fileNameGt=../../cp2016-max-common-connected-subgraph-paper/datasets/graphsdb/mcs30/rand/r02/mcs30_r02_s90.B03
Reading graphs...
90 :  1424
90 :  1433
Initializing...
maxdom : 10
D->valSize : 525
Solving...
Blb : 2 (clique : 11)
currentSize : 11 <-- 0.008828 s
currentSize : 12 <-- 0.027339 s
currentSize : 13 <-- 0.110760 s
currentSize : 14 <-- 1.974035 s
currentSize : 15 <-- 3.691017 s
currentSize : 16 <-- 12.355457 s
currentSize : 17 <-- 22.057526 s
currentSize : 18 <-- 22.343216 s
currentSize : 20 <-- 22.346977 s
currentSize : 23 <-- 22.580128 s
currentSize : 27 <-- 22.581726 s

maxsize : 27
nodes : 6793370.000000
filtered : 72919307.000000
time : 45.080154
