Parameters: GAD=1 vflib=1 dir=0 label=0 vlabel=1 lowerbound=1 fileNameGp=../../cp2016-max-common-connected-subgraph-paper/datasets/graphsdb/mcs30/bvg/b06m/mcs30_b06m_s80.A07 fileNameGt=../../cp2016-max-common-connected-subgraph-paper/datasets/graphsdb/mcs30/bvg/b06m/mcs30_b06m_s80.B07
Reading graphs...
80 :  233
80 :  237
Initializing...
maxdom : 9
D->valSize : 438
Solving...
Blb : 3 (clique : 24)
currentSize : 24 <-- 0.004237 s
currentSize : 25 <-- 0.013502 s
currentSize : 26 <-- 0.036315 s
currentSize : 27 <-- 0.205514 s
currentSize : 28 <-- 0.206187 s
currentSize : 29 <-- 8.440034 s
currentSize : 30 <-- 9.696281 s

TIMEOUT
maxsize : 30
nodes : 168720605.000000
filtered : 1658307550.000000
time : 1000.000000
