Parameters: GAD=1 vflib=1 dir=0 label=0 vlabel=1 lowerbound=1 fileNameGp=../../cp2016-max-common-connected-subgraph-paper/datasets/graphsdb/mcs30/bvg/b06m/mcs30_b06m_s80.A02 fileNameGt=../../cp2016-max-common-connected-subgraph-paper/datasets/graphsdb/mcs30/bvg/b06m/mcs30_b06m_s80.B02
Reading graphs...
80 :  235
80 :  234
Initializing...
maxdom : 9
D->valSize : 398
Solving...
Blb : 2 (clique : 23)
currentSize : 23 <-- 0.003889 s
currentSize : 25 <-- 0.006823 s
currentSize : 26 <-- 0.010607 s
currentSize : 27 <-- 0.074368 s
currentSize : 28 <-- 1.414622 s
currentSize : 29 <-- 6.362195 s
currentSize : 30 <-- 316.275055 s
currentSize : 31 <-- 422.857269 s

TIMEOUT
maxsize : 31
nodes : 183885493.000000
filtered : 1367769181.000000
time : 1000.000061
