Parameters: GAD=1 vflib=1 dir=0 label=0 vlabel=1 lowerbound=1 fileNameGp=../../cp2016-max-common-connected-subgraph-paper/datasets/graphsdb/mcs30/m3D/m3Dr4/mcs30_m3Dr4_s100.A07 fileNameGt=../../cp2016-max-common-connected-subgraph-paper/datasets/graphsdb/mcs30/m3D/m3Dr4/mcs30_m3Dr4_s100.B07
Reading graphs...
100 :  274
100 :  272
Initializing...
maxdom : 7
D->valSize : 341
Solving...
Blb : 2 (clique : 28)
currentSize : 28 <-- 0.003493 s
currentSize : 29 <-- 0.003741 s
currentSize : 30 <-- 0.003848 s
currentSize : 31 <-- 0.004503 s
currentSize : 32 <-- 0.006736 s
currentSize : 33 <-- 0.036128 s
currentSize : 34 <-- 0.282397 s
currentSize : 35 <-- 4.311199 s

TIMEOUT
maxsize : 35
nodes : 174440549.000000
filtered : 885491917.000000
time : 1000.000061
