Parameters: GAD=1 vflib=1 dir=0 label=0 vlabel=1 lowerbound=1 fileNameGp=../../cp2016-max-common-connected-subgraph-paper/datasets/graphsdb/mcs30/bvg/b06/mcs30_b06_s60.A01 fileNameGt=../../cp2016-max-common-connected-subgraph-paper/datasets/graphsdb/mcs30/bvg/b06/mcs30_b06_s60.B01
Reading graphs...
60 :  179
60 :  176
Initializing...
maxdom : 8
D->valSize : 242
Solving...
Blb : 2 (clique : 17)
currentSize : 17 <-- 0.001811 s
currentSize : 18 <-- 0.001944 s
currentSize : 19 <-- 0.002988 s
currentSize : 20 <-- 0.005149 s
currentSize : 21 <-- 0.055877 s
currentSize : 22 <-- 0.152434 s
currentSize : 23 <-- 9.439025 s
currentSize : 24 <-- 87.831635 s

maxsize : 24
nodes : 21090270.000000
filtered : 173513569.000000
time : 101.365593
