Parameters: GAD=1 vflib=1 dir=0 label=0 vlabel=1 lowerbound=1 fileNameGp=../../cp2016-max-common-connected-subgraph-paper/datasets/graphsdb/mcs30/m4D/m4D/mcs30_m4D_s70.A07 fileNameGt=../../cp2016-max-common-connected-subgraph-paper/datasets/graphsdb/mcs30/m4D/m4D/mcs30_m4D_s70.B07
Reading graphs...
70 :  116
70 :  118
Initializing...
maxdom : 9
D->valSize : 341
Solving...
Blb : 2 (clique : 28)
currentSize : 28 <-- 0.003040 s
currentSize : 29 <-- 0.003421 s
currentSize : 30 <-- 0.066059 s
currentSize : 31 <-- 1.657978 s
currentSize : 32 <-- 4.462275 s
currentSize : 33 <-- 24.774437 s
currentSize : 34 <-- 487.290619 s

TIMEOUT
maxsize : 34
nodes : 189768436.000000
filtered : 1436762343.000000
time : 1000.000061
