Parameters: GAD=1 vflib=1 dir=0 label=0 vlabel=1 lowerbound=1 fileNameGp=../../cp2016-max-common-connected-subgraph-paper/datasets/graphsdb/mcs30/m2D/m2D/mcs30_m2D_s90.A07 fileNameGt=../../cp2016-max-common-connected-subgraph-paper/datasets/graphsdb/mcs30/m2D/m2D/mcs30_m2D_s90.B07
Reading graphs...
90 :  160
90 :  160
Initializing...
maxdom : 10
D->valSize : 527
Solving...
Blb : 2 (clique : 34)
currentSize : 34 <-- 0.010100 s
currentSize : 36 <-- 0.011175 s
currentSize : 37 <-- 0.026358 s
currentSize : 38 <-- 0.060895 s
currentSize : 39 <-- 2.028213 s
currentSize : 40 <-- 2.169279 s

TIMEOUT
maxsize : 40
nodes : 183806944.000000
filtered : 1103526784.000000
time : 1000.000061
