Parameters: GAD=1 vflib=1 dir=0 label=0 vlabel=1 lowerbound=1 fileNameGp=../../cp2016-max-common-connected-subgraph-paper/datasets/graphsdb/mcs30/m2D/m2Dr6/mcs30_m2Dr6_s100.A05 fileNameGt=../../cp2016-max-common-connected-subgraph-paper/datasets/graphsdb/mcs30/m2D/m2Dr6/mcs30_m2Dr6_s100.B05
Reading graphs...
100 :  238
100 :  237
Initializing...
maxdom : 7
D->valSize : 328
Solving...
Blb : 2 (clique : 28)
currentSize : 28 <-- 0.005468 s
currentSize : 29 <-- 0.006023 s
currentSize : 30 <-- 0.010176 s
currentSize : 31 <-- 0.413846 s
currentSize : 32 <-- 6.253365 s
currentSize : 33 <-- 15.740672 s
currentSize : 34 <-- 89.118866 s
currentSize : 35 <-- 856.097717 s

TIMEOUT
maxsize : 35
nodes : 181565897.000000
filtered : 868302772.000000
time : 1000.000061
