Parameters: GAD=1 vflib=1 dir=0 label=0 vlabel=1 lowerbound=1 fileNameGp=../../cp2016-max-common-connected-subgraph-paper/datasets/graphsdb/mcs30/bvg/b09m/mcs30_b09m_s80.A06 fileNameGt=../../cp2016-max-common-connected-subgraph-paper/datasets/graphsdb/mcs30/bvg/b09m/mcs30_b09m_s80.B06
Reading graphs...
80 :  346
80 :  348
Initializing...
maxdom : 9
D->valSize : 432
Solving...
Blb : 2 (clique : 20)
currentSize : 20 <-- 0.006638 s
currentSize : 21 <-- 0.007786 s
currentSize : 22 <-- 0.122846 s
currentSize : 23 <-- 1.540251 s
currentSize : 24 <-- 3.402213 s
currentSize : 25 <-- 3.405305 s
currentSize : 26 <-- 6.102871 s
currentSize : 27 <-- 106.710457 s
currentSize : 28 <-- 249.279999 s

TIMEOUT
maxsize : 28
nodes : 172078629.000000
filtered : 1575432837.000000
time : 1000.000000
