Parameters: GAD=1 vflib=1 dir=0 label=0 vlabel=1 lowerbound=1 fileNameGp=../../cp2016-max-common-connected-subgraph-paper/datasets/graphsdb/mcs30/m4D/m4Dr6/mcs30_m4Dr6_s90.A01 fileNameGt=../../cp2016-max-common-connected-subgraph-paper/datasets/graphsdb/mcs30/m4D/m4Dr6/mcs30_m4Dr6_s90.B01
Reading graphs...
90 :  198
90 :  195
Initializing...
maxdom : 13
D->valSize : 541
Solving...
Blb : 2 (clique : 31)
currentSize : 31 <-- 0.010745 s
currentSize : 32 <-- 0.083271 s
currentSize : 33 <-- 1.733109 s
currentSize : 34 <-- 2.827233 s
currentSize : 35 <-- 17.275911 s
currentSize : 36 <-- 24.708744 s

TIMEOUT
maxsize : 36
nodes : 176482113.000000
filtered : 1439404299.000000
time : 1000.000061
