Parameters: GAD=1 vflib=1 dir=0 label=0 vlabel=1 lowerbound=1 fileNameGp=../../cp2016-max-common-connected-subgraph-paper/datasets/graphsdb/mcs30/rand/r01/mcs30_r01_s100.A07 fileNameGt=../../cp2016-max-common-connected-subgraph-paper/datasets/graphsdb/mcs30/rand/r01/mcs30_r01_s100.B07
Reading graphs...
100 :  940
100 :  936
Initializing...
maxdom : 7
D->valSize : 367
Solving...
Blb : 2 (clique : 13)
currentSize : 13 <-- 0.005734 s
currentSize : 14 <-- 0.006059 s
currentSize : 15 <-- 0.006958 s
currentSize : 16 <-- 0.007694 s
currentSize : 17 <-- 0.028793 s
currentSize : 18 <-- 0.815239 s
currentSize : 19 <-- 3.168167 s
currentSize : 20 <-- 4.337982 s
currentSize : 21 <-- 4.602697 s
currentSize : 22 <-- 5.149276 s
currentSize : 24 <-- 61.644009 s
currentSize : 26 <-- 61.644085 s
currentSize : 27 <-- 72.651665 s
currentSize : 30 <-- 72.652817 s

maxsize : 30
nodes : 16827134.000000
filtered : 149505259.000000
time : 113.658051
