Parameters: GAD=1 vflib=1 dir=0 label=0 vlabel=1 lowerbound=1 fileNameGp=../../cp2016-max-common-connected-subgraph-paper/datasets/graphsdb/mcs30/bvg/b09/mcs30_b09_s50.A08 fileNameGt=../../cp2016-max-common-connected-subgraph-paper/datasets/graphsdb/mcs30/bvg/b09/mcs30_b09_s50.B08
Reading graphs...
50 :  221
50 :  218
Initializing...
maxdom : 9
D->valSize : 324
Solving...
Blb : 2 (clique : 13)
currentSize : 13 <-- 0.002305 s
currentSize : 14 <-- 0.002438 s
currentSize : 15 <-- 0.002498 s
currentSize : 16 <-- 0.003177 s
currentSize : 17 <-- 0.005609 s
currentSize : 18 <-- 0.015845 s

maxsize : 18
nodes : 11672593.000000
filtered : 114479085.000000
time : 53.674740
