Parameters: GAD=1 vflib=1 dir=0 label=0 vlabel=1 lowerbound=1 fileNameGp=../../cp2016-max-common-connected-subgraph-paper/datasets/graphsdb/mcs30/bvg/b06/mcs30_b06_s90.A08 fileNameGt=../../cp2016-max-common-connected-subgraph-paper/datasets/graphsdb/mcs30/bvg/b06/mcs30_b06_s90.B08
Reading graphs...
90 :  265
90 :  267
Initializing...
maxdom : 10
D->valSize : 579
Solving...
Blb : 5 (clique : 26)
currentSize : 26 <-- 0.007078 s
currentSize : 27 <-- 0.008024 s
currentSize : 28 <-- 0.039819 s
currentSize : 29 <-- 0.103976 s
currentSize : 30 <-- 0.190745 s
currentSize : 31 <-- 180.127625 s
currentSize : 32 <-- 212.120361 s

TIMEOUT
maxsize : 32
nodes : 180605103.000000
filtered : 1238515423.000000
time : 1000.000061
