Parameters: GAD=1 vflib=1 dir=0 label=0 vlabel=1 lowerbound=1 fileNameGp=../../cp2016-max-common-connected-subgraph-paper/datasets/graphsdb/mcs30/m2D/m2Dr4/mcs30_m2Dr4_s60.A09 fileNameGt=../../cp2016-max-common-connected-subgraph-paper/datasets/graphsdb/mcs30/m2D/m2Dr4/mcs30_m2Dr4_s60.B09
Reading graphs...
60 :  124
60 :  125
Initializing...
maxdom : 8
D->valSize : 232
Solving...
Blb : 2 (clique : 21)
currentSize : 21 <-- 0.002819 s
currentSize : 22 <-- 0.003169 s
currentSize : 23 <-- 0.096235 s
currentSize : 24 <-- 0.287055 s
currentSize : 25 <-- 0.435807 s
currentSize : 26 <-- 0.607770 s
currentSize : 27 <-- 22.777105 s
currentSize : 28 <-- 37.288918 s

maxsize : 28
nodes : 11315037.000000
filtered : 67759658.000000
time : 51.118389
