Parameters: GAD=1 vflib=1 dir=0 label=0 vlabel=1 lowerbound=1 fileNameGp=../../cp2016-max-common-connected-subgraph-paper/datasets/graphsdb/mcs30/m4D/m4Dr2/mcs30_m4Dr2_s60.A00 fileNameGt=../../cp2016-max-common-connected-subgraph-paper/datasets/graphsdb/mcs30/m4D/m4Dr2/mcs30_m4Dr2_s60.B00
Reading graphs...
60 :  112
60 :  112
Initializing...
maxdom : 7
D->valSize : 236
Solving...
Blb : 2 (clique : 23)
currentSize : 23 <-- 0.002793 s
currentSize : 24 <-- 0.002984 s
currentSize : 25 <-- 0.023924 s
currentSize : 26 <-- 0.060830 s
currentSize : 27 <-- 4.926241 s
currentSize : 28 <-- 8.901379 s
currentSize : 29 <-- 11.320026 s
currentSize : 30 <-- 191.440704 s

maxsize : 30
nodes : 59419337.000000
filtered : 477819950.000000
time : 289.219788
