Parameters: GAD=1 vflib=1 dir=0 label=0 vlabel=1 lowerbound=1 fileNameGp=../../cp2016-max-common-connected-subgraph-paper/datasets/graphsdb/mcs30/bvg/b03/mcs30_b03_s70.A08 fileNameGt=../../cp2016-max-common-connected-subgraph-paper/datasets/graphsdb/mcs30/bvg/b03/mcs30_b03_s70.B08
Reading graphs...
70 :  104
70 :  104
Initializing...
maxdom : 8
D->valSize : 307
Solving...
Blb : 2 (clique : 27)
currentSize : 27 <-- 0.002523 s
currentSize : 28 <-- 0.003011 s
currentSize : 29 <-- 0.013182 s
currentSize : 30 <-- 0.751065 s
currentSize : 31 <-- 1.010662 s
currentSize : 32 <-- 78.637054 s
currentSize : 33 <-- 372.554901 s
currentSize : 34 <-- 553.698059 s

TIMEOUT
maxsize : 34
nodes : 199352062.000000
filtered : 1181854446.000000
time : 1000.000000
