Parameters: GAD=1 vflib=1 dir=0 label=0 vlabel=1 lowerbound=1 fileNameGp=../../cp2016-max-common-connected-subgraph-paper/datasets/graphsdb/mcs30/m4D/m4Dr4/mcs30_m4Dr4_s80.A09 fileNameGt=../../cp2016-max-common-connected-subgraph-paper/datasets/graphsdb/mcs30/m4D/m4Dr4/mcs30_m4Dr4_s80.B09
Reading graphs...
80 :  162
80 :  162
Initializing...
maxdom : 10
D->valSize : 410
Solving...
Blb : 2 (clique : 26)
currentSize : 26 <-- 0.006554 s
currentSize : 27 <-- 0.007081 s
currentSize : 29 <-- 0.008679 s
currentSize : 30 <-- 0.036956 s
currentSize : 31 <-- 0.284466 s
currentSize : 32 <-- 1.825145 s
currentSize : 33 <-- 1.826798 s
currentSize : 34 <-- 7.781131 s
currentSize : 35 <-- 150.962646 s

TIMEOUT
maxsize : 35
nodes : 192781067.000000
filtered : 1434912019.000000
time : 1000.000061
