Parameters: GAD=1 vflib=1 dir=0 label=0 vlabel=1 lowerbound=1 fileNameGp=../../cp2016-max-common-connected-subgraph-paper/datasets/graphsdb/mcs30/bvg/b06m/mcs30_b06m_s80.A04 fileNameGt=../../cp2016-max-common-connected-subgraph-paper/datasets/graphsdb/mcs30/bvg/b06m/mcs30_b06m_s80.B04
Reading graphs...
80 :  235
80 :  234
Initializing...
maxdom : 10
D->valSize : 411
Solving...
Blb : 3 (clique : 28)
currentSize : 28 <-- 0.004011 s
currentSize : 29 <-- 1.518763 s
currentSize : 30 <-- 3.355541 s
currentSize : 31 <-- 4.775248 s
currentSize : 32 <-- 21.388973 s
currentSize : 33 <-- 37.121216 s
currentSize : 34 <-- 60.693638 s

TIMEOUT
maxsize : 34
nodes : 198517035.000000
filtered : 1081554256.000000
time : 1000.000000
