Parameters: GAD=1 vflib=1 dir=0 label=0 vlabel=1 lowerbound=1 fileNameGp=../../cp2016-max-common-connected-subgraph-paper/datasets/graphsdb/mcs30/m2D/m2Dr4/mcs30_m2Dr4_s50.A09 fileNameGt=../../cp2016-max-common-connected-subgraph-paper/datasets/graphsdb/mcs30/m2D/m2Dr4/mcs30_m2Dr4_s50.B09
Reading graphs...
50 :  105
50 :  100
Initializing...
maxdom : 10
D->valSize : 354
Solving...
Blb : 2 (clique : 19)
currentSize : 19 <-- 0.002844 s
currentSize : 20 <-- 0.003983 s
currentSize : 21 <-- 0.004298 s
currentSize : 22 <-- 0.014060 s
currentSize : 23 <-- 1.420499 s
currentSize : 24 <-- 88.923584 s

maxsize : 24
nodes : 79995953.000000
filtered : 1202467284.000000
time : 436.178802
