Parameters: GAD=1 vflib=1 dir=0 label=0 vlabel=1 lowerbound=1 fileNameGp=../../cp2016-max-common-connected-subgraph-paper/datasets/graphsdb/mcs30/m2D/m2Dr4/mcs30_m2Dr4_s50.A03 fileNameGt=../../cp2016-max-common-connected-subgraph-paper/datasets/graphsdb/mcs30/m2D/m2Dr4/mcs30_m2Dr4_s50.B03
Reading graphs...
50 :  102
50 :  104
Initializing...
maxdom : 13
D->valSize : 348
Solving...
Blb : 2 (clique : 21)
currentSize : 21 <-- 0.002675 s
currentSize : 22 <-- 0.006435 s
currentSize : 23 <-- 0.010058 s
currentSize : 24 <-- 0.085526 s
currentSize : 25 <-- 1.432680 s
currentSize : 26 <-- 66.039635 s

maxsize : 26
nodes : 26200824.000000
filtered : 359249678.000000
time : 139.285538
