Parameters: GAD=1 vflib=1 dir=0 label=0 vlabel=1 lowerbound=1 fileNameGp=../../cp2016-max-common-connected-subgraph-paper/datasets/graphsdb/mcs30/m2D/m2Dr2/mcs30_m2Dr2_s90.A00 fileNameGt=../../cp2016-max-common-connected-subgraph-paper/datasets/graphsdb/mcs30/m2D/m2Dr2/mcs30_m2Dr2_s90.B00
Reading graphs...
90 :  176
90 :  178
Initializing...
maxdom : 11
D->valSize : 542
Solving...
Blb : 3 (clique : 34)
currentSize : 34 <-- 0.010612 s
currentSize : 35 <-- 0.267239 s
currentSize : 36 <-- 1.495615 s
currentSize : 37 <-- 1.587600 s
currentSize : 38 <-- 14.941919 s
currentSize : 39 <-- 15.774988 s
currentSize : 40 <-- 519.677368 s

TIMEOUT
maxsize : 40
nodes : 172184994.000000
filtered : 1135663142.000000
time : 1000.000061
