Parameters: GAD=1 vflib=1 dir=0 label=0 vlabel=1 lowerbound=1 fileNameGp=../../cp2016-max-common-connected-subgraph-paper/datasets/graphsdb/mcs30/bvg/b09/mcs30_b09_s100.A07 fileNameGt=../../cp2016-max-common-connected-subgraph-paper/datasets/graphsdb/mcs30/bvg/b09/mcs30_b09_s100.B07
Reading graphs...
100 :  444
100 :  447
Initializing...
maxdom : 8
D->valSize : 343
Solving...
Blb : 2 (clique : 22)
currentSize : 22 <-- 0.005425 s
currentSize : 23 <-- 0.006176 s
currentSize : 24 <-- 0.008800 s
currentSize : 25 <-- 0.021431 s
currentSize : 26 <-- 0.080674 s
currentSize : 27 <-- 0.275098 s
currentSize : 29 <-- 0.616669 s
currentSize : 30 <-- 0.616818 s
currentSize : 31 <-- 479.450104 s
currentSize : 32 <-- 780.418030 s

TIMEOUT
maxsize : 32
nodes : 170272785.000000
filtered : 908060797.000000
time : 1000.000061
