Parameters: GAD=1 vflib=1 dir=0 label=0 vlabel=1 lowerbound=1 fileNameGp=../../cp2016-max-common-connected-subgraph-paper/datasets/graphsdb/mcs30/bvg/b09/mcs30_b09_s80.A06 fileNameGt=../../cp2016-max-common-connected-subgraph-paper/datasets/graphsdb/mcs30/bvg/b09/mcs30_b09_s80.B06
Reading graphs...
80 :  355
80 :  356
Initializing...
maxdom : 10
D->valSize : 402
Solving...
Blb : 2 (clique : 21)
currentSize : 21 <-- 0.003788 s
currentSize : 22 <-- 0.003974 s
currentSize : 23 <-- 0.004066 s
currentSize : 24 <-- 0.008804 s
currentSize : 25 <-- 0.040922 s
currentSize : 26 <-- 3.794218 s
currentSize : 27 <-- 23.777079 s

TIMEOUT
maxsize : 27
nodes : 170814769.000000
filtered : 1669736901.000000
time : 1000.000061
