Parameters: GAD=1 vflib=1 dir=0 label=0 vlabel=1 lowerbound=1 fileNameGp=../../cp2016-max-common-connected-subgraph-paper/datasets/graphsdb/mcs30/rand/r01/mcs30_r01_s60.A08 fileNameGt=../../cp2016-max-common-connected-subgraph-paper/datasets/graphsdb/mcs30/rand/r01/mcs30_r01_s60.B08
Reading graphs...
60 :  336
60 :  331
Initializing...
maxdom : 9
D->valSize : 238
Solving...
Blb : 2 (clique : 12)
currentSize : 12 <-- 0.002591 s
currentSize : 13 <-- 0.002747 s
currentSize : 14 <-- 0.002867 s
currentSize : 15 <-- 0.032983 s
currentSize : 16 <-- 0.043182 s
currentSize : 17 <-- 0.206136 s
currentSize : 19 <-- 0.784355 s
currentSize : 20 <-- 0.784641 s

maxsize : 20
nodes : 823932.000000
filtered : 6998191.000000
time : 4.172706
