Parameters: GAD=1 vflib=1 dir=0 label=0 vlabel=1 lowerbound=1 fileNameGp=../../cp2016-max-common-connected-subgraph-paper/datasets/graphsdb/mcs30/m2D/m2Dr4/mcs30_m2Dr4_s100.A01 fileNameGt=../../cp2016-max-common-connected-subgraph-paper/datasets/graphsdb/mcs30/m2D/m2Dr4/mcs30_m2Dr4_s100.B01
Reading graphs...
100 :  219
100 :  218
Initializing...
maxdom : 6
D->valSize : 348
Solving...
Blb : 2 (clique : 31)
currentSize : 31 <-- 0.003457 s
currentSize : 32 <-- 0.003799 s
currentSize : 33 <-- 0.007742 s
currentSize : 34 <-- 0.440775 s
currentSize : 35 <-- 1.801858 s
currentSize : 36 <-- 23.180302 s

TIMEOUT
maxsize : 36
nodes : 196568869.000000
filtered : 826678101.000000
time : 1000.000061
