Parameters: GAD=1 vflib=1 dir=0 label=0 vlabel=1 lowerbound=1 fileNameGp=../../cp2016-max-common-connected-subgraph-paper/datasets/graphsdb/mcs30/m3D/m3Dr4/mcs30_m3Dr4_s80.A01 fileNameGt=../../cp2016-max-common-connected-subgraph-paper/datasets/graphsdb/mcs30/m3D/m3Dr4/mcs30_m3Dr4_s80.B01
Reading graphs...
80 :  215
80 :  212
Initializing...
maxdom : 12
D->valSize : 429
Solving...
Blb : 2 (clique : 25)
currentSize : 25 <-- 0.006860 s
currentSize : 26 <-- 0.009348 s
currentSize : 27 <-- 0.009548 s
currentSize : 28 <-- 0.224058 s
currentSize : 29 <-- 0.256458 s
currentSize : 30 <-- 0.263010 s
currentSize : 31 <-- 10.894587 s
currentSize : 32 <-- 256.453979 s
currentSize : 33 <-- 256.633545 s

TIMEOUT
maxsize : 33
nodes : 182534987.000000
filtered : 1564399185.000000
time : 1000.000061
