Parameters: GAD=1 vflib=1 dir=0 label=0 vlabel=1 lowerbound=1 fileNameGp=../../cp2016-max-common-connected-subgraph-paper/datasets/graphsdb/mcs30/m3D/m3Dr2/mcs30_m3Dr2_s90.A09 fileNameGt=../../cp2016-max-common-connected-subgraph-paper/datasets/graphsdb/mcs30/m3D/m3Dr2/mcs30_m3Dr2_s90.B09
Reading graphs...
90 :  223
90 :  226
Initializing...
maxdom : 9
D->valSize : 552
Solving...
Blb : 2 (clique : 32)
currentSize : 32 <-- 0.006501 s
currentSize : 33 <-- 0.007030 s
currentSize : 34 <-- 0.033116 s
currentSize : 35 <-- 0.337618 s
currentSize : 36 <-- 22.936996 s
currentSize : 37 <-- 144.498123 s
currentSize : 38 <-- 396.013672 s

TIMEOUT
maxsize : 38
nodes : 169154054.000000
filtered : 1321468243.000000
time : 1000.000061
