Parameters: GAD=1 vflib=1 dir=0 label=0 vlabel=1 lowerbound=1 fileNameGp=../../cp2016-max-common-connected-subgraph-paper/datasets/graphsdb/mcs30/bvg/b06m/mcs30_b06m_s80.A05 fileNameGt=../../cp2016-max-common-connected-subgraph-paper/datasets/graphsdb/mcs30/bvg/b06m/mcs30_b06m_s80.B05
Reading graphs...
80 :  235
80 :  237
Initializing...
maxdom : 8
D->valSize : 415
Solving...
Blb : 2 (clique : 23)
currentSize : 23 <-- 0.003856 s
currentSize : 24 <-- 0.144324 s
currentSize : 25 <-- 0.210532 s
currentSize : 26 <-- 0.810752 s
currentSize : 27 <-- 11.782196 s
currentSize : 28 <-- 14.573268 s
currentSize : 29 <-- 76.543655 s

TIMEOUT
maxsize : 29
nodes : 184264351.000000
filtered : 1373236709.000000
time : 1000.000061
