Parameters: GAD=1 vflib=1 dir=0 label=0 vlabel=1 lowerbound=1 fileNameGp=../../cp2016-max-common-connected-subgraph-paper/datasets/graphsdb/mcs30/bvg/b03m/mcs30_b03m_s60.A03 fileNameGt=../../cp2016-max-common-connected-subgraph-paper/datasets/graphsdb/mcs30/bvg/b03m/mcs30_b03m_s60.B03
Reading graphs...
60 :  90
60 :  90
Initializing...
maxdom : 7
D->valSize : 255
Solving...
Blb : 2 (clique : 24)
currentSize : 24 <-- 0.001849 s
currentSize : 25 <-- 0.005515 s
currentSize : 26 <-- 0.082722 s
currentSize : 27 <-- 0.083561 s
currentSize : 28 <-- 0.115089 s
currentSize : 29 <-- 5.908540 s
currentSize : 30 <-- 12.591711 s

maxsize : 30
nodes : 31547492.000000
filtered : 269445279.000000
time : 153.151459
