Parameters: GAD=1 vflib=1 dir=0 label=0 vlabel=1 lowerbound=1 fileNameGp=../../cp2016-max-common-connected-subgraph-paper/datasets/graphsdb/mcs30/bvg/b03/mcs30_b03_s90.A08 fileNameGt=../../cp2016-max-common-connected-subgraph-paper/datasets/graphsdb/mcs30/bvg/b03/mcs30_b03_s90.B08
Reading graphs...
90 :  135
90 :  135
Initializing...
maxdom : 10
D->valSize : 557
Solving...
Blb : 2 (clique : 39)
currentSize : 39 <-- 0.006800 s
currentSize : 40 <-- 0.007360 s
currentSize : 41 <-- 0.007614 s
currentSize : 42 <-- 0.009650 s
currentSize : 43 <-- 0.015760 s
currentSize : 44 <-- 3.944120 s
currentSize : 45 <-- 3.945182 s

TIMEOUT
maxsize : 45
nodes : 180600033.000000
filtered : 1240386988.000000
time : 1000.000061
