Parameters: GAD=1 vflib=1 dir=0 label=0 vlabel=1 lowerbound=1 fileNameGp=../../cp2016-max-common-connected-subgraph-paper/datasets/graphsdb/mcs30/bvg/b06/mcs30_b06_s60.A08 fileNameGt=../../cp2016-max-common-connected-subgraph-paper/datasets/graphsdb/mcs30/bvg/b06/mcs30_b06_s60.B08
Reading graphs...
60 :  177
60 :  179
Initializing...
maxdom : 8
D->valSize : 255
Solving...
Blb : 2 (clique : 17)
currentSize : 17 <-- 0.002914 s
currentSize : 18 <-- 0.003417 s
currentSize : 19 <-- 0.003468 s
currentSize : 20 <-- 0.202766 s
currentSize : 21 <-- 0.404751 s
currentSize : 22 <-- 0.654992 s
currentSize : 23 <-- 72.459839 s
currentSize : 24 <-- 73.768410 s

maxsize : 24
nodes : 29286770.000000
filtered : 227387608.000000
time : 140.325638
