Parameters: GAD=1 vflib=1 dir=0 label=0 vlabel=1 lowerbound=1 fileNameGp=../../cp2016-max-common-connected-subgraph-paper/datasets/graphsdb/mcs30/bvg/b06m/mcs30_b06m_s50.A00 fileNameGt=../../cp2016-max-common-connected-subgraph-paper/datasets/graphsdb/mcs30/bvg/b06m/mcs30_b06m_s50.B00
Reading graphs...
50 :  149
50 :  143
Initializing...
maxdom : 8
D->valSize : 311
Solving...
Blb : 2 (clique : 17)
currentSize : 17 <-- 0.002235 s
currentSize : 18 <-- 0.002813 s
currentSize : 19 <-- 0.003736 s
currentSize : 20 <-- 0.043229 s
currentSize : 21 <-- 0.043300 s
currentSize : 22 <-- 2.240806 s
currentSize : 23 <-- 2.316692 s

maxsize : 23
nodes : 7115428.000000
filtered : 77708227.000000
time : 34.688358
