Parameters: GAD=1 vflib=1 dir=0 label=0 vlabel=1 lowerbound=1 fileNameGp=../../cp2016-max-common-connected-subgraph-paper/datasets/graphsdb/mcs30/rand/r005/mcs30_r005_s100.A09 fileNameGt=../../cp2016-max-common-connected-subgraph-paper/datasets/graphsdb/mcs30/rand/r005/mcs30_r005_s100.B09
Reading graphs...
100 :  481
100 :  486
Initializing...
maxdom : 7
D->valSize : 351
Solving...
Blb : 2 (clique : 19)
currentSize : 19 <-- 0.005577 s
currentSize : 20 <-- 0.006016 s
currentSize : 21 <-- 0.009214 s
currentSize : 22 <-- 0.012931 s
currentSize : 23 <-- 0.013607 s
currentSize : 24 <-- 0.016124 s
currentSize : 25 <-- 0.017240 s
currentSize : 26 <-- 0.161981 s
currentSize : 27 <-- 9.334404 s
currentSize : 28 <-- 115.153870 s
currentSize : 29 <-- 949.951416 s

TIMEOUT
maxsize : 29
nodes : 171227945.000000
filtered : 979036867.000000
time : 1000.000061
