Parameters: GAD=1 vflib=1 dir=0 label=0 vlabel=1 lowerbound=1 fileNameGp=../../cp2016-max-common-connected-subgraph-paper/datasets/graphsdb/mcs30/m2D/m2Dr2/mcs30_m2Dr2_s70.A05 fileNameGt=../../cp2016-max-common-connected-subgraph-paper/datasets/graphsdb/mcs30/m2D/m2Dr2/mcs30_m2Dr2_s70.B05
Reading graphs...
70 :  135
70 :  133
Initializing...
maxdom : 9
D->valSize : 354
Solving...
Blb : 5 (clique : 27)
currentSize : 27 <-- 0.005125 s
currentSize : 28 <-- 0.353214 s
currentSize : 29 <-- 1.251062 s
currentSize : 30 <-- 6.383781 s
currentSize : 31 <-- 9.729836 s
currentSize : 32 <-- 9.903076 s
currentSize : 33 <-- 63.000591 s
currentSize : 34 <-- 667.181580 s

TIMEOUT
maxsize : 34
nodes : 186119461.000000
filtered : 1648931593.000000
time : 1000.000061
