Parameters: GAD=1 vflib=1 dir=0 label=0 vlabel=1 lowerbound=1 fileNameGp=../../cp2016-max-common-connected-subgraph-paper/datasets/graphsdb/mcs30/rand/r02/mcs30_r02_s90.A08 fileNameGt=../../cp2016-max-common-connected-subgraph-paper/datasets/graphsdb/mcs30/rand/r02/mcs30_r02_s90.B08
Reading graphs...
90 :  1423
90 :  1422
Initializing...
maxdom : 10
D->valSize : 596
Solving...
Blb : 2 (clique : 10)
currentSize : 10 <-- 0.007212 s
currentSize : 11 <-- 0.007395 s
currentSize : 12 <-- 0.016171 s
currentSize : 13 <-- 0.066827 s
currentSize : 14 <-- 0.662214 s
currentSize : 15 <-- 1.373782 s
currentSize : 16 <-- 4.094618 s
currentSize : 17 <-- 4.094764 s
currentSize : 18 <-- 6.163652 s
currentSize : 21 <-- 9.867698 s
currentSize : 22 <-- 16.153690 s
currentSize : 27 <-- 24.845100 s

maxsize : 27
nodes : 10479241.000000
filtered : 140545349.000000
time : 71.813538
