Parameters: GAD=1 vflib=1 dir=0 label=0 vlabel=1 lowerbound=1 fileNameGp=../../cp2016-max-common-connected-subgraph-paper/datasets/graphsdb/mcs30/m3D/m3Dr6/mcs30_m3Dr6_s70.A09 fileNameGt=../../cp2016-max-common-connected-subgraph-paper/datasets/graphsdb/mcs30/m3D/m3Dr6/mcs30_m3Dr6_s70.B09
Reading graphs...
70 :  200
70 :  194
Initializing...
maxdom : 7
D->valSize : 315
Solving...
Blb : 2 (clique : 23)
currentSize : 23 <-- 0.002712 s
currentSize : 24 <-- 0.010880 s
currentSize : 25 <-- 0.057401 s
currentSize : 26 <-- 6.443398 s
currentSize : 27 <-- 37.923187 s
currentSize : 28 <-- 56.739895 s
currentSize : 29 <-- 149.615585 s
currentSize : 30 <-- 149.724319 s
currentSize : 31 <-- 195.572189 s

maxsize : 31
nodes : 68661928.000000
filtered : 579856689.000000
time : 365.949524
