Parameters: GAD=1 vflib=1 dir=0 label=0 vlabel=1 lowerbound=1 fileNameGp=../../cp2016-max-common-connected-subgraph-paper/datasets/graphsdb/mcs30/rand/r01/mcs30_r01_s80.A08 fileNameGt=../../cp2016-max-common-connected-subgraph-paper/datasets/graphsdb/mcs30/rand/r01/mcs30_r01_s80.B08
Reading graphs...
80 :  599
80 :  589
Initializing...
maxdom : 12
D->valSize : 411
Solving...
Blb : 2 (clique : 15)
currentSize : 15 <-- 0.006220 s
currentSize : 16 <-- 0.024230 s
currentSize : 17 <-- 0.098758 s
currentSize : 18 <-- 0.815812 s
currentSize : 19 <-- 1.287932 s
currentSize : 20 <-- 58.902138 s
currentSize : 21 <-- 61.613434 s
currentSize : 24 <-- 61.738937 s

maxsize : 24
nodes : 31363999.000000
filtered : 313514738.000000
time : 188.859406
