Parameters: GAD=1 vflib=1 dir=0 label=0 vlabel=1 lowerbound=1 fileNameGp=../../cp2016-max-common-connected-subgraph-paper/datasets/graphsdb/mcs30/m4D/m4Dr6/mcs30_m4Dr6_s70.A07 fileNameGt=../../cp2016-max-common-connected-subgraph-paper/datasets/graphsdb/mcs30/m4D/m4Dr6/mcs30_m4Dr6_s70.B07
Reading graphs...
70 :  158
70 :  154
Initializing...
maxdom : 8
D->valSize : 358
Solving...
Blb : 2 (clique : 25)
currentSize : 25 <-- 0.005059 s
currentSize : 26 <-- 0.044819 s
currentSize : 27 <-- 0.100346 s
currentSize : 28 <-- 0.810088 s
currentSize : 29 <-- 15.600773 s
currentSize : 30 <-- 59.942719 s
currentSize : 31 <-- 66.944725 s

TIMEOUT
maxsize : 31
nodes : 184504377.000000
filtered : 1773054515.000000
time : 1000.000061
