Parameters: GAD=1 vflib=1 dir=0 label=0 vlabel=1 lowerbound=1 fileNameGp=../../cp2016-max-common-connected-subgraph-paper/datasets/graphsdb/mcs30/m3D/m3D/mcs30_m3D_s70.A05 fileNameGt=../../cp2016-max-common-connected-subgraph-paper/datasets/graphsdb/mcs30/m3D/m3D/mcs30_m3D_s70.B05
Reading graphs...
70 :  158
70 :  158
Initializing...
maxdom : 10
D->valSize : 340
Solving...
Blb : 2 (clique : 25)
currentSize : 25 <-- 0.004746 s
currentSize : 26 <-- 0.008774 s
currentSize : 27 <-- 0.075211 s
currentSize : 28 <-- 0.127108 s
currentSize : 29 <-- 7.777674 s
currentSize : 30 <-- 164.857559 s
currentSize : 31 <-- 166.248962 s
currentSize : 32 <-- 650.058350 s
currentSize : 33 <-- 675.130981 s

TIMEOUT
maxsize : 33
nodes : 171457052.000000
filtered : 1754937339.000000
time : 1000.000061
