Parameters: GAD=1 vflib=1 dir=0 label=0 vlabel=1 lowerbound=1 fileNameGp=../../cp2016-max-common-connected-subgraph-paper/datasets/graphsdb/mcs30/m3D/m3Dr2/mcs30_m3Dr2_s100.A08 fileNameGt=../../cp2016-max-common-connected-subgraph-paper/datasets/graphsdb/mcs30/m3D/m3Dr2/mcs30_m3Dr2_s100.B08
Reading graphs...
100 :  253
100 :  253
Initializing...
maxdom : 7
D->valSize : 322
Solving...
Blb : 2 (clique : 30)
currentSize : 30 <-- 0.003240 s
currentSize : 31 <-- 0.524410 s
currentSize : 32 <-- 0.863569 s
currentSize : 33 <-- 4.791973 s
currentSize : 34 <-- 15.635918 s
currentSize : 35 <-- 481.208527 s
currentSize : 36 <-- 482.719513 s
currentSize : 37 <-- 835.604431 s

TIMEOUT
maxsize : 37
nodes : 182949527.000000
filtered : 756493573.000000
time : 1000.000061
