Parameters: GAD=1 vflib=1 dir=0 label=0 vlabel=1 lowerbound=1 fileNameGp=../../cp2016-max-common-connected-subgraph-paper/datasets/graphsdb/mcs30/rand/r02/mcs30_r02_s50.A09 fileNameGt=../../cp2016-max-common-connected-subgraph-paper/datasets/graphsdb/mcs30/rand/r02/mcs30_r02_s50.B09
Reading graphs...
50 :  440
50 :  436
Initializing...
maxdom : 11
D->valSize : 339
Solving...
Blb : 2 (clique : 8)
currentSize : 8 <-- 0.002412 s
currentSize : 9 <-- 0.002503 s
currentSize : 10 <-- 0.002551 s
currentSize : 11 <-- 0.003204 s
currentSize : 12 <-- 0.008963 s
currentSize : 13 <-- 1.485400 s
currentSize : 14 <-- 5.512905 s
currentSize : 15 <-- 7.125054 s

maxsize : 15
nodes : 1977959.000000
filtered : 14766795.000000
time : 8.577009
