Parameters: GAD=1 vflib=1 dir=0 label=0 vlabel=1 lowerbound=1 fileNameGp=../../cp2016-max-common-connected-subgraph-paper/datasets/graphsdb/mcs30/rand/r005/mcs30_r005_s80.A08 fileNameGt=../../cp2016-max-common-connected-subgraph-paper/datasets/graphsdb/mcs30/rand/r005/mcs30_r005_s80.B08
Reading graphs...
80 :  304
80 :  314
Initializing...
maxdom : 9
D->valSize : 386
Solving...
Blb : 2 (clique : 20)
currentSize : 20 <-- 0.005827 s
currentSize : 21 <-- 0.006463 s
currentSize : 22 <-- 0.007196 s
currentSize : 23 <-- 0.011321 s
currentSize : 24 <-- 0.039538 s
currentSize : 25 <-- 10.092464 s
currentSize : 26 <-- 26.677876 s
currentSize : 27 <-- 34.463123 s

TIMEOUT
maxsize : 27
nodes : 181649220.000000
filtered : 1309995698.000000
time : 1000.000000
