Parameters: GAD=1 vflib=1 dir=0 label=0 vlabel=1 lowerbound=1 fileNameGp=../../cp2016-max-common-connected-subgraph-paper/datasets/graphsdb/mcs30/m3D/m3Dr6/mcs30_m3Dr6_s90.A02 fileNameGt=../../cp2016-max-common-connected-subgraph-paper/datasets/graphsdb/mcs30/m3D/m3Dr6/mcs30_m3Dr6_s90.B02
Reading graphs...
90 :  259
90 :  261
Initializing...
maxdom : 10
D->valSize : 519
Solving...
Blb : 2 (clique : 26)
currentSize : 26 <-- 0.006007 s
currentSize : 27 <-- 0.033719 s
currentSize : 28 <-- 0.033780 s
currentSize : 29 <-- 0.390337 s
currentSize : 30 <-- 0.803547 s
currentSize : 31 <-- 9.614709 s
currentSize : 32 <-- 55.935448 s
currentSize : 33 <-- 63.827023 s
currentSize : 34 <-- 299.045227 s
currentSize : 35 <-- 395.161652 s

TIMEOUT
maxsize : 35
nodes : 175522412.000000
filtered : 1303300729.000000
time : 1000.000061
