Parameters: GAD=1 vflib=1 dir=0 label=0 vlabel=1 lowerbound=1 fileNameGp=../../cp2016-max-common-connected-subgraph-paper/datasets/graphsdb/mcs30/bvg/b09m/mcs30_b09m_s70.A05 fileNameGt=../../cp2016-max-common-connected-subgraph-paper/datasets/graphsdb/mcs30/bvg/b09m/mcs30_b09m_s70.B05
Reading graphs...
70 :  303
70 :  302
Initializing...
maxdom : 8
D->valSize : 326
Solving...
Blb : 2 (clique : 17)
currentSize : 17 <-- 0.002988 s
currentSize : 18 <-- 0.003126 s
currentSize : 19 <-- 0.004328 s
currentSize : 20 <-- 0.064123 s
currentSize : 21 <-- 1.519677 s
currentSize : 22 <-- 15.275521 s
currentSize : 23 <-- 45.038822 s
currentSize : 24 <-- 46.457691 s
currentSize : 25 <-- 47.423752 s
currentSize : 26 <-- 47.499744 s

maxsize : 26
nodes : 37121653.000000
filtered : 321613630.000000
time : 195.830307
