Parameters: GAD=1 vflib=1 dir=0 label=0 vlabel=1 lowerbound=1 fileNameGp=../../cp2016-max-common-connected-subgraph-paper/datasets/graphsdb/mcs30/bvg/b06m/mcs30_b06m_s80.A06 fileNameGt=../../cp2016-max-common-connected-subgraph-paper/datasets/graphsdb/mcs30/bvg/b06m/mcs30_b06m_s80.B06
Reading graphs...
80 :  236
80 :  235
Initializing...
maxdom : 8
D->valSize : 444
Solving...
Blb : 2 (clique : 25)
currentSize : 25 <-- 0.007088 s
currentSize : 26 <-- 0.007441 s
currentSize : 27 <-- 0.007874 s
currentSize : 28 <-- 0.008193 s
currentSize : 29 <-- 0.008803 s
currentSize : 30 <-- 0.685848 s
currentSize : 31 <-- 13.728251 s
currentSize : 32 <-- 504.694183 s

TIMEOUT
maxsize : 32
nodes : 169934414.000000
filtered : 1668230752.000000
time : 1000.000000
