Parameters: GAD=1 vflib=1 dir=0 label=0 vlabel=1 lowerbound=1 fileNameGp=../../cp2016-max-common-connected-subgraph-paper/datasets/graphsdb/mcs30/bvg/b03/mcs30_b03_s50.A00 fileNameGt=../../cp2016-max-common-connected-subgraph-paper/datasets/graphsdb/mcs30/bvg/b03/mcs30_b03_s50.B00
Reading graphs...
50 :  75
50 :  75
Initializing...
maxdom : 9
D->valSize : 340
Solving...
Blb : 5 (clique : 21)
currentSize : 21 <-- 0.004159 s
currentSize : 22 <-- 0.004360 s
currentSize : 23 <-- 0.004476 s
currentSize : 24 <-- 0.004717 s
currentSize : 25 <-- 0.005014 s
currentSize : 26 <-- 0.018959 s
currentSize : 27 <-- 476.320831 s

maxsize : 27
nodes : 165252493.000000
filtered : 2387703289.000000
time : 902.691589
