Parameters: GAD=1 vflib=1 dir=0 label=0 vlabel=1 lowerbound=1 fileNameGp=../../cp2016-max-common-connected-subgraph-paper/datasets/graphsdb/mcs30/bvg/b03m/mcs30_b03m_s90.A02 fileNameGt=../../cp2016-max-common-connected-subgraph-paper/datasets/graphsdb/mcs30/bvg/b03m/mcs30_b03m_s90.B02
Reading graphs...
90 :  135
90 :  135
Initializing...
maxdom : 11
D->valSize : 545
Solving...
Blb : 2 (clique : 37)
currentSize : 37 <-- 0.010828 s
currentSize : 38 <-- 0.011765 s
currentSize : 39 <-- 0.012277 s
currentSize : 40 <-- 0.050511 s
currentSize : 41 <-- 0.073229 s
currentSize : 42 <-- 7.254124 s
currentSize : 43 <-- 239.511337 s
currentSize : 44 <-- 321.666870 s

TIMEOUT
maxsize : 44
nodes : 195657950.000000
filtered : 1252915351.000000
time : 1000.000122
