Parameters: GAD=1 vflib=1 dir=0 label=0 vlabel=1 lowerbound=1 fileNameGp=../../cp2016-max-common-connected-subgraph-paper/datasets/graphsdb/mcs30/m2D/m2D/mcs30_m2D_s50.A05 fileNameGt=../../cp2016-max-common-connected-subgraph-paper/datasets/graphsdb/mcs30/m2D/m2D/mcs30_m2D_s50.B05
Reading graphs...
50 :  85
50 :  83
Initializing...
maxdom : 12
D->valSize : 333
Solving...
Blb : 2 (clique : 20)
currentSize : 20 <-- 0.002408 s
currentSize : 21 <-- 0.002579 s
currentSize : 22 <-- 0.002732 s
currentSize : 23 <-- 0.002910 s
currentSize : 24 <-- 0.009449 s
currentSize : 25 <-- 0.477383 s
currentSize : 26 <-- 107.195641 s

maxsize : 26
nodes : 24537325.000000
filtered : 269038149.000000
time : 117.714005
