Parameters: GAD=1 vflib=1 dir=0 label=0 vlabel=1 lowerbound=1 fileNameGp=../../cp2016-max-common-connected-subgraph-paper/datasets/graphsdb/mcs30/rand/r01/mcs30_r01_s80.A01 fileNameGt=../../cp2016-max-common-connected-subgraph-paper/datasets/graphsdb/mcs30/rand/r01/mcs30_r01_s80.B01
Reading graphs...
80 :  598
80 :  588
Initializing...
maxdom : 8
D->valSize : 440
Solving...
Blb : 2 (clique : 15)
currentSize : 15 <-- 0.006579 s
currentSize : 16 <-- 0.006942 s
currentSize : 17 <-- 0.007479 s
currentSize : 18 <-- 0.025820 s
currentSize : 19 <-- 0.532135 s
currentSize : 20 <-- 1.002034 s
currentSize : 21 <-- 17.397266 s
currentSize : 22 <-- 238.992416 s
currentSize : 23 <-- 239.428238 s
currentSize : 24 <-- 352.292358 s
currentSize : 25 <-- 352.301025 s
currentSize : 26 <-- 418.519287 s

maxsize : 26
nodes : 82291363.000000
filtered : 821686135.000000
time : 493.272186
