Parameters: GAD=1 vflib=1 dir=0 label=0 vlabel=1 lowerbound=1 fileNameGp=../../cp2016-max-common-connected-subgraph-paper/datasets/graphsdb/mcs30/m2D/m2Dr4/mcs30_m2Dr4_s90.A05 fileNameGt=../../cp2016-max-common-connected-subgraph-paper/datasets/graphsdb/mcs30/m2D/m2Dr4/mcs30_m2Dr4_s90.B05
Reading graphs...
90 :  196
90 :  194
Initializing...
maxdom : 10
D->valSize : 520
Solving...
Blb : 2 (clique : 29)
currentSize : 29 <-- 0.005889 s
currentSize : 30 <-- 0.064508 s
currentSize : 31 <-- 0.064849 s
currentSize : 32 <-- 0.066122 s
currentSize : 33 <-- 0.457235 s
currentSize : 34 <-- 1.289175 s
currentSize : 35 <-- 1.723596 s
currentSize : 36 <-- 2.153526 s
currentSize : 37 <-- 3.404475 s

TIMEOUT
maxsize : 37
nodes : 187177195.000000
filtered : 1364936653.000000
time : 1000.000061
