Parameters: GAD=1 vflib=1 dir=0 label=0 vlabel=1 lowerbound=1 fileNameGp=../../cp2016-max-common-connected-subgraph-paper/datasets/graphsdb/mcs30/rand/r02/mcs30_r02_s80.A07 fileNameGt=../../cp2016-max-common-connected-subgraph-paper/datasets/graphsdb/mcs30/rand/r02/mcs30_r02_s80.B07
Reading graphs...
80 :  1128
80 :  1123
Initializing...
maxdom : 13
D->valSize : 396
Solving...
Blb : 2 (clique : 9)
currentSize : 9 <-- 0.003624 s
currentSize : 10 <-- 0.003941 s
currentSize : 11 <-- 0.004019 s
currentSize : 12 <-- 0.024657 s
currentSize : 13 <-- 0.030241 s
currentSize : 14 <-- 0.041135 s
currentSize : 15 <-- 0.652045 s
currentSize : 16 <-- 6.705122 s
currentSize : 17 <-- 6.705253 s
currentSize : 23 <-- 9.075352 s
currentSize : 24 <-- 9.075557 s

maxsize : 24
nodes : 2002457.000000
filtered : 16628099.000000
time : 11.766400
