Parameters: GAD=1 vflib=1 dir=0 label=0 vlabel=1 lowerbound=1 fileNameGp=../../cp2016-max-common-connected-subgraph-paper/datasets/graphsdb/mcs30/rand/r005/mcs30_r005_s50.A07 fileNameGt=../../cp2016-max-common-connected-subgraph-paper/datasets/graphsdb/mcs30/rand/r005/mcs30_r005_s50.B07
Reading graphs...
50 :  123
50 :  125
Initializing...
maxdom : 14
D->valSize : 354
Solving...
Blb : 5 (clique : 16)
currentSize : 16 <-- 0.004437 s
currentSize : 17 <-- 0.004837 s
currentSize : 18 <-- 0.005507 s
currentSize : 19 <-- 0.005723 s
currentSize : 20 <-- 0.010410 s
currentSize : 21 <-- 0.087515 s
currentSize : 22 <-- 6.591426 s
currentSize : 23 <-- 10.332100 s

maxsize : 23
nodes : 89080614.000000
filtered : 1018113692.000000
time : 438.356781
