Parameters: GAD=1 vflib=1 dir=0 label=0 vlabel=1 lowerbound=1 fileNameGp=../../cp2016-max-common-connected-subgraph-paper/datasets/graphsdb/mcs30/m2D/m2Dr4/mcs30_m2Dr4_s50.A02 fileNameGt=../../cp2016-max-common-connected-subgraph-paper/datasets/graphsdb/mcs30/m2D/m2Dr4/mcs30_m2Dr4_s50.B02
Reading graphs...
50 :  104
50 :  102
Initializing...
maxdom : 9
D->valSize : 325
Solving...
Blb : 2 (clique : 18)
currentSize : 18 <-- 0.002842 s
currentSize : 19 <-- 0.002954 s
currentSize : 20 <-- 0.003007 s
currentSize : 21 <-- 0.012814 s
currentSize : 22 <-- 0.066635 s
currentSize : 23 <-- 0.141229 s
currentSize : 24 <-- 0.327923 s
currentSize : 25 <-- 4.886073 s

maxsize : 25
nodes : 114556097.000000
filtered : 1267966012.000000
time : 560.775513
