Parameters: GAD=1 vflib=1 dir=0 label=0 vlabel=1 lowerbound=1 fileNameGp=../../cp2016-max-common-connected-subgraph-paper/datasets/graphsdb/mcs30/rand/r01/mcs30_r01_s80.A02 fileNameGt=../../cp2016-max-common-connected-subgraph-paper/datasets/graphsdb/mcs30/rand/r01/mcs30_r01_s80.B02
Reading graphs...
80 :  598
80 :  600
Initializing...
maxdom : 10
D->valSize : 461
Solving...
Blb : 2 (clique : 14)
currentSize : 14 <-- 0.004384 s
currentSize : 15 <-- 0.004550 s
currentSize : 16 <-- 0.005589 s
currentSize : 17 <-- 0.175534 s
currentSize : 18 <-- 3.095591 s
currentSize : 19 <-- 15.045646 s
currentSize : 20 <-- 20.964357 s
currentSize : 21 <-- 31.458378 s
currentSize : 23 <-- 126.041786 s
currentSize : 25 <-- 126.690201 s

maxsize : 25
nodes : 54435023.000000
filtered : 586869208.000000
time : 329.721863
