Parameters: GAD=1 vflib=1 dir=0 label=0 vlabel=1 lowerbound=1 fileNameGp=../../cp2016-max-common-connected-subgraph-paper/datasets/graphsdb/mcs30/bvg/b03/mcs30_b03_s90.A09 fileNameGt=../../cp2016-max-common-connected-subgraph-paper/datasets/graphsdb/mcs30/bvg/b03/mcs30_b03_s90.B09
Reading graphs...
90 :  135
90 :  135
Initializing...
maxdom : 11
D->valSize : 520
Solving...
Blb : 2 (clique : 37)
currentSize : 37 <-- 0.006178 s
currentSize : 38 <-- 0.006540 s
currentSize : 39 <-- 0.042158 s
currentSize : 40 <-- 0.050261 s
currentSize : 41 <-- 1.119829 s
currentSize : 42 <-- 46.865372 s
currentSize : 43 <-- 46.882545 s

TIMEOUT
maxsize : 43
nodes : 187277436.000000
filtered : 1146736449.000000
time : 1000.000061
