Parameters: GAD=1 vflib=1 dir=0 label=0 vlabel=1 lowerbound=1 fileNameGp=../../cp2016-max-common-connected-subgraph-paper/datasets/graphsdb/mcs30/bvg/b03/mcs30_b03_s80.A03 fileNameGt=../../cp2016-max-common-connected-subgraph-paper/datasets/graphsdb/mcs30/bvg/b03/mcs30_b03_s80.B03
Reading graphs...
80 :  120
80 :  120
Initializing...
maxdom : 9
D->valSize : 425
Solving...
Blb : 2 (clique : 32)
currentSize : 32 <-- 0.004353 s
currentSize : 34 <-- 0.004581 s
currentSize : 35 <-- 0.004770 s
currentSize : 36 <-- 3.189359 s
currentSize : 37 <-- 93.978264 s
currentSize : 38 <-- 218.594894 s

TIMEOUT
maxsize : 38
nodes : 191414258.000000
filtered : 1227623602.000000
time : 1000.000061
