Parameters: GAD=1 vflib=1 dir=0 label=0 vlabel=1 lowerbound=1 fileNameGp=../../cp2016-max-common-connected-subgraph-paper/datasets/graphsdb/mcs30/m4D/m4D/mcs30_m4D_s90.A08 fileNameGt=../../cp2016-max-common-connected-subgraph-paper/datasets/graphsdb/mcs30/m4D/m4D/mcs30_m4D_s90.B08
Reading graphs...
90 :  146
90 :  144
Initializing...
maxdom : 10
D->valSize : 523
Solving...
Blb : 2 (clique : 39)
currentSize : 39 <-- 0.006282 s
currentSize : 40 <-- 0.006649 s
currentSize : 41 <-- 0.007709 s
currentSize : 42 <-- 0.008497 s
currentSize : 43 <-- 3.067438 s
currentSize : 44 <-- 25.136988 s
currentSize : 45 <-- 66.875801 s

TIMEOUT
maxsize : 45
nodes : 187472768.000000
filtered : 1107238205.000000
time : 1000.000061
