Parameters: GAD=1 vflib=1 dir=0 label=0 vlabel=1 lowerbound=1 fileNameGp=../../cp2016-max-common-connected-subgraph-paper/datasets/graphsdb/mcs30/rand/r005/mcs30_r005_s50.A09 fileNameGt=../../cp2016-max-common-connected-subgraph-paper/datasets/graphsdb/mcs30/rand/r005/mcs30_r005_s50.B09
Reading graphs...
50 :  122
50 :  123
Initializing...
maxdom : 10
D->valSize : 307
Solving...
Blb : 2 (clique : 18)
currentSize : 18 <-- 0.003492 s
currentSize : 19 <-- 0.030572 s
currentSize : 20 <-- 0.474746 s
currentSize : 21 <-- 3.387724 s
currentSize : 22 <-- 15.194373 s
currentSize : 23 <-- 24.331867 s

maxsize : 23
nodes : 11104797.000000
filtered : 118211625.000000
time : 53.743748
