Parameters: GAD=1 vflib=1 dir=0 label=0 vlabel=1 lowerbound=1 fileNameGp=../../cp2016-max-common-connected-subgraph-paper/datasets/graphsdb/mcs30/bvg/b06/mcs30_b06_s80.A08 fileNameGt=../../cp2016-max-common-connected-subgraph-paper/datasets/graphsdb/mcs30/bvg/b06/mcs30_b06_s80.B08
Reading graphs...
80 :  240
80 :  239
Initializing...
maxdom : 12
D->valSize : 456
Solving...
Blb : 2 (clique : 24)
currentSize : 24 <-- 0.007588 s
currentSize : 25 <-- 0.007882 s
currentSize : 26 <-- 0.008292 s
currentSize : 27 <-- 0.008922 s
currentSize : 28 <-- 0.338968 s
currentSize : 29 <-- 27.544096 s
currentSize : 30 <-- 134.223175 s
currentSize : 31 <-- 141.839539 s

TIMEOUT
maxsize : 31
nodes : 180451921.000000
filtered : 1545859056.000000
time : 1000.000061
