Parameters: GAD=1 vflib=1 dir=0 label=0 vlabel=1 lowerbound=1 fileNameGp=../../cp2016-max-common-connected-subgraph-paper/datasets/graphsdb/mcs30/bvg/b06m/mcs30_b06m_s50.A08 fileNameGt=../../cp2016-max-common-connected-subgraph-paper/datasets/graphsdb/mcs30/bvg/b06m/mcs30_b06m_s50.B08
Reading graphs...
50 :  143
50 :  143
Initializing...
maxdom : 8
D->valSize : 324
Solving...
Blb : 2 (clique : 18)
currentSize : 18 <-- 0.003678 s
currentSize : 19 <-- 0.007094 s
currentSize : 20 <-- 0.017606 s
currentSize : 21 <-- 0.051263 s
currentSize : 22 <-- 0.626992 s
currentSize : 23 <-- 48.379528 s

maxsize : 23
nodes : 20480716.000000
filtered : 243427920.000000
time : 101.430367
