Parameters: GAD=1 vflib=1 dir=0 label=0 vlabel=1 lowerbound=1 fileNameGp=../../cp2016-max-common-connected-subgraph-paper/datasets/graphsdb/mcs30/rand/r005/mcs30_r005_s50.A00 fileNameGt=../../cp2016-max-common-connected-subgraph-paper/datasets/graphsdb/mcs30/rand/r005/mcs30_r005_s50.B00
Reading graphs...
50 :  125
50 :  124
Initializing...
maxdom : 11
D->valSize : 342
Solving...
Blb : 5 (clique : 18)
currentSize : 18 <-- 0.002620 s
currentSize : 19 <-- 0.003462 s
currentSize : 20 <-- 0.003739 s
currentSize : 21 <-- 0.008918 s
currentSize : 22 <-- 2.722078 s
currentSize : 23 <-- 159.098236 s
currentSize : 24 <-- 212.945526 s

maxsize : 24
nodes : 43944565.000000
filtered : 506096581.000000
time : 226.887268
