Parameters: GAD=1 vflib=1 dir=0 label=0 vlabel=1 lowerbound=1 fileNameGp=../../cp2016-max-common-connected-subgraph-paper/datasets/graphsdb/mcs30/m4D/m4Dr2/mcs30_m4Dr2_s50.A09 fileNameGt=../../cp2016-max-common-connected-subgraph-paper/datasets/graphsdb/mcs30/m4D/m4Dr2/mcs30_m4Dr2_s50.B09
Reading graphs...
50 :  96
50 :  95
Initializing...
maxdom : 9
D->valSize : 318
Solving...
Blb : 2 (clique : 21)
currentSize : 21 <-- 0.003687 s
currentSize : 22 <-- 0.003943 s
currentSize : 23 <-- 0.521326 s
currentSize : 24 <-- 1.113842 s
currentSize : 25 <-- 3.704097 s
currentSize : 26 <-- 19.718485 s

maxsize : 26
nodes : 81856853.000000
filtered : 985545678.000000
time : 419.587311
