Parameters: GAD=1 vflib=1 dir=0 label=0 vlabel=1 lowerbound=1 fileNameGp=../../cp2016-max-common-connected-subgraph-paper/datasets/graphsdb/mcs30/bvg/b03m/mcs30_b03m_s90.A08 fileNameGt=../../cp2016-max-common-connected-subgraph-paper/datasets/graphsdb/mcs30/bvg/b03m/mcs30_b03m_s90.B08
Reading graphs...
90 :  135
90 :  135
Initializing...
maxdom : 10
D->valSize : 575
Solving...
Blb : 2 (clique : 38)
currentSize : 38 <-- 0.007052 s
currentSize : 39 <-- 0.008273 s
currentSize : 40 <-- 0.096122 s
currentSize : 41 <-- 1.767018 s
currentSize : 42 <-- 9.745599 s
currentSize : 43 <-- 18.548262 s
currentSize : 44 <-- 216.867981 s
currentSize : 45 <-- 395.444702 s

TIMEOUT
maxsize : 45
nodes : 207602076.000000
filtered : 1120441505.000000
time : 1000.000061
