Parameters: GAD=1 vflib=1 dir=0 label=0 vlabel=1 lowerbound=1 fileNameGp=../../cp2016-max-common-connected-subgraph-paper/datasets/graphsdb/mcs30/m2D/m2Dr4/mcs30_m2Dr4_s100.A06 fileNameGt=../../cp2016-max-common-connected-subgraph-paper/datasets/graphsdb/mcs30/m2D/m2Dr4/mcs30_m2Dr4_s100.B06
Reading graphs...
100 :  219
100 :  219
Initializing...
maxdom : 9
D->valSize : 326
Solving...
Blb : 2 (clique : 30)
currentSize : 30 <-- 0.005377 s
currentSize : 31 <-- 0.027495 s
currentSize : 32 <-- 0.045392 s
currentSize : 33 <-- 0.604220 s
currentSize : 34 <-- 18.113268 s
currentSize : 35 <-- 66.338295 s
currentSize : 36 <-- 98.950806 s
currentSize : 37 <-- 289.167969 s
currentSize : 38 <-- 962.862976 s

TIMEOUT
maxsize : 38
nodes : 184223591.000000
filtered : 938766642.000000
time : 1000.000061
