Parameters: GAD=1 vflib=1 dir=0 label=0 vlabel=1 lowerbound=1 fileNameGp=../../cp2016-max-common-connected-subgraph-paper/datasets/graphsdb/mcs30/m4D/m4D/mcs30_m4D_s70.A09 fileNameGt=../../cp2016-max-common-connected-subgraph-paper/datasets/graphsdb/mcs30/m4D/m4D/mcs30_m4D_s70.B09
Reading graphs...
70 :  117
70 :  118
Initializing...
maxdom : 8
D->valSize : 303
Solving...
Blb : 2 (clique : 25)
currentSize : 25 <-- 0.004053 s
currentSize : 26 <-- 0.004790 s
currentSize : 27 <-- 0.022765 s
currentSize : 28 <-- 0.053634 s
currentSize : 29 <-- 0.054611 s
currentSize : 30 <-- 0.090464 s
currentSize : 31 <-- 0.196078 s
currentSize : 32 <-- 2.429202 s
currentSize : 33 <-- 10.653304 s

TIMEOUT
maxsize : 33
nodes : 203089151.000000
filtered : 1334764635.000000
time : 1000.000061
