Parameters: GAD=1 vflib=1 dir=0 label=0 vlabel=1 lowerbound=1 fileNameGp=../../cp2016-max-common-connected-subgraph-paper/datasets/graphsdb/mcs30/m2D/m2Dr2/mcs30_m2Dr2_s50.A01 fileNameGt=../../cp2016-max-common-connected-subgraph-paper/datasets/graphsdb/mcs30/m2D/m2Dr2/mcs30_m2Dr2_s50.B01
Reading graphs...
50 :  94
50 :  94
Initializing...
maxdom : 8
D->valSize : 327
Solving...
Blb : 5 (clique : 19)
currentSize : 19 <-- 0.002609 s
currentSize : 20 <-- 0.002730 s
currentSize : 21 <-- 0.002819 s
currentSize : 22 <-- 0.004102 s
currentSize : 23 <-- 0.004860 s
currentSize : 24 <-- 10.024165 s
currentSize : 25 <-- 164.691711 s

maxsize : 25
nodes : 34727640.000000
filtered : 458567536.000000
time : 184.542862
