Parameters: GAD=1 vflib=1 dir=0 label=0 vlabel=1 lowerbound=1 fileNameGp=../../cp2016-max-common-connected-subgraph-paper/datasets/graphsdb/mcs30/bvg/b09m/mcs30_b09m_s100.A02 fileNameGt=../../cp2016-max-common-connected-subgraph-paper/datasets/graphsdb/mcs30/bvg/b09m/mcs30_b09m_s100.B02
Reading graphs...
100 :  439
100 :  436
Initializing...
maxdom : 7
D->valSize : 325
Solving...
Blb : 2 (clique : 29)
currentSize : 29 <-- 0.003469 s
currentSize : 30 <-- 0.008248 s
currentSize : 31 <-- 0.032251 s
currentSize : 32 <-- 1.707169 s
currentSize : 33 <-- 10.579291 s
currentSize : 34 <-- 193.387894 s
currentSize : 35 <-- 193.404984 s

TIMEOUT
maxsize : 35
nodes : 195423925.000000
filtered : 570863334.000000
time : 1000.000061
