Parameters: GAD=1 vflib=1 dir=0 label=0 vlabel=1 lowerbound=1 fileNameGp=../../cp2016-max-common-connected-subgraph-paper/datasets/graphsdb/mcs30/m2D/m2D/mcs30_m2D_s60.A08 fileNameGt=../../cp2016-max-common-connected-subgraph-paper/datasets/graphsdb/mcs30/m2D/m2D/mcs30_m2D_s60.B08
Reading graphs...
60 :  102
60 :  104
Initializing...
maxdom : 8
D->valSize : 253
Solving...
Blb : 5 (clique : 21)
currentSize : 21 <-- 0.003067 s
currentSize : 22 <-- 0.003337 s
currentSize : 23 <-- 0.005737 s
currentSize : 24 <-- 0.006922 s
currentSize : 25 <-- 0.567086 s
currentSize : 26 <-- 3.644120 s
currentSize : 27 <-- 4.192215 s
currentSize : 28 <-- 26.098852 s

TIMEOUT
maxsize : 28
nodes : 214996877.000000
filtered : 1777172327.000000
time : 1000.000000
