Parameters: GAD=1 vflib=1 dir=0 label=0 vlabel=1 lowerbound=1 fileNameGp=../../cp2016-max-common-connected-subgraph-paper/datasets/graphsdb/mcs30/m4D/m4Dr6/mcs30_m4Dr6_s70.A05 fileNameGt=../../cp2016-max-common-connected-subgraph-paper/datasets/graphsdb/mcs30/m4D/m4Dr6/mcs30_m4Dr6_s70.B05
Reading graphs...
70 :  159
70 :  158
Initializing...
maxdom : 7
D->valSize : 339
Solving...
Blb : 2 (clique : 23)
currentSize : 23 <-- 0.004757 s
currentSize : 24 <-- 0.009416 s
currentSize : 25 <-- 0.066161 s
currentSize : 26 <-- 2.110168 s
currentSize : 27 <-- 2.935562 s
currentSize : 28 <-- 3.025978 s
currentSize : 29 <-- 23.111889 s
currentSize : 30 <-- 23.124022 s
currentSize : 31 <-- 23.423321 s

TIMEOUT
maxsize : 31
nodes : 190899808.000000
filtered : 1616903898.000000
time : 1000.000000
