Parameters: GAD=1 vflib=1 dir=0 label=0 vlabel=1 lowerbound=1 fileNameGp=../../cp2016-max-common-connected-subgraph-paper/datasets/graphsdb/mcs30/bvg/b03/mcs30_b03_s50.A06 fileNameGt=../../cp2016-max-common-connected-subgraph-paper/datasets/graphsdb/mcs30/bvg/b03/mcs30_b03_s50.B06
Reading graphs...
50 :  75
50 :  74
Initializing...
maxdom : 11
D->valSize : 347
Solving...
Blb : 2 (clique : 22)
currentSize : 22 <-- 0.004231 s
currentSize : 23 <-- 0.006963 s
currentSize : 24 <-- 8.016583 s
currentSize : 25 <-- 25.599052 s
currentSize : 26 <-- 26.166508 s
currentSize : 27 <-- 28.393705 s
currentSize : 28 <-- 43.315140 s

maxsize : 28
nodes : 10883508.000000
filtered : 80129852.000000
time : 51.246078
