Parameters: GAD=1 vflib=1 dir=0 label=0 vlabel=1 lowerbound=1 fileNameGp=../../cp2016-max-common-connected-subgraph-paper/datasets/graphsdb/mcs30/m3D/m3Dr6/mcs30_m3Dr6_s80.A07 fileNameGt=../../cp2016-max-common-connected-subgraph-paper/datasets/graphsdb/mcs30/m3D/m3Dr6/mcs30_m3Dr6_s80.B07
Reading graphs...
80 :  230
80 :  228
Initializing...
maxdom : 9
D->valSize : 424
Solving...
Blb : 2 (clique : 24)
currentSize : 24 <-- 0.004328 s
currentSize : 25 <-- 0.004923 s
currentSize : 26 <-- 0.025065 s
currentSize : 27 <-- 0.086341 s
currentSize : 28 <-- 0.223376 s
currentSize : 29 <-- 4.340246 s
currentSize : 30 <-- 13.583247 s
currentSize : 31 <-- 152.058365 s

TIMEOUT
maxsize : 31
nodes : 188824257.000000
filtered : 1294507681.000000
time : 1000.000061
