Parameters: GAD=1 vflib=1 dir=0 label=0 vlabel=1 lowerbound=1 fileNameGp=../../cp2016-max-common-connected-subgraph-paper/datasets/graphsdb/mcs30/rand/r01/mcs30_r01_s100.A01 fileNameGt=../../cp2016-max-common-connected-subgraph-paper/datasets/graphsdb/mcs30/rand/r01/mcs30_r01_s100.B01
Reading graphs...
100 :  941
100 :  943
Initializing...
maxdom : 7
D->valSize : 327
Solving...
Blb : 2 (clique : 15)
currentSize : 15 <-- 0.005014 s
currentSize : 16 <-- 0.005304 s
currentSize : 17 <-- 0.005732 s
currentSize : 18 <-- 0.006650 s
currentSize : 19 <-- 0.007370 s
currentSize : 21 <-- 0.015109 s
currentSize : 22 <-- 0.020183 s
currentSize : 23 <-- 0.080919 s
currentSize : 24 <-- 0.161561 s
currentSize : 25 <-- 0.477495 s
currentSize : 26 <-- 0.488770 s
currentSize : 27 <-- 0.494938 s
currentSize : 30 <-- 0.503348 s

maxsize : 30
nodes : 2252585.000000
filtered : 23541019.000000
time : 15.843314
