Parameters: GAD=1 vflib=1 dir=0 label=0 vlabel=1 lowerbound=1 fileNameGp=../../cp2016-max-common-connected-subgraph-paper/datasets/graphsdb/mcs30/m4D/m4Dr6/mcs30_m4Dr6_s80.A09 fileNameGt=../../cp2016-max-common-connected-subgraph-paper/datasets/graphsdb/mcs30/m4D/m4Dr6/mcs30_m4Dr6_s80.B09
Reading graphs...
80 :  178
80 :  178
Initializing...
maxdom : 9
D->valSize : 424
Solving...
Blb : 2 (clique : 24)
currentSize : 24 <-- 0.006760 s
currentSize : 25 <-- 0.007127 s
currentSize : 26 <-- 0.014545 s
currentSize : 27 <-- 0.073915 s
currentSize : 28 <-- 0.298862 s
currentSize : 29 <-- 1.964692 s
currentSize : 30 <-- 2.094715 s
currentSize : 31 <-- 6.303469 s
currentSize : 32 <-- 35.849255 s
currentSize : 33 <-- 799.438538 s

TIMEOUT
maxsize : 33
nodes : 173539718.000000
filtered : 1497296701.000000
time : 1000.000000
