Parameters: GAD=1 vflib=1 dir=0 label=0 vlabel=1 lowerbound=1 fileNameGp=../../cp2016-max-common-connected-subgraph-paper/datasets/graphsdb/mcs30/bvg/b03/mcs30_b03_s50.A08 fileNameGt=../../cp2016-max-common-connected-subgraph-paper/datasets/graphsdb/mcs30/bvg/b03/mcs30_b03_s50.B08
Reading graphs...
50 :  75
50 :  75
Initializing...
maxdom : 10
D->valSize : 347
Solving...
Blb : 2 (clique : 21)
currentSize : 21 <-- 0.002610 s
currentSize : 23 <-- 0.003107 s
currentSize : 24 <-- 0.005214 s
currentSize : 25 <-- 0.088486 s
currentSize : 26 <-- 0.094512 s
currentSize : 27 <-- 3.600778 s
currentSize : 28 <-- 73.553558 s

maxsize : 28
nodes : 29093957.000000
filtered : 415502198.000000
time : 174.486557
