Parameters: GAD=1 vflib=1 dir=0 label=0 vlabel=1 lowerbound=1 fileNameGp=../../cp2016-max-common-connected-subgraph-paper/datasets/graphsdb/mcs30/bvg/b09/mcs30_b09_s100.A01 fileNameGt=../../cp2016-max-common-connected-subgraph-paper/datasets/graphsdb/mcs30/bvg/b09/mcs30_b09_s100.B01
Reading graphs...
100 :  448
100 :  445
Initializing...
maxdom : 7
D->valSize : 334
Solving...
Blb : 5 (clique : 22)
currentSize : 22 <-- 0.004128 s
currentSize : 23 <-- 0.004434 s
currentSize : 24 <-- 0.005101 s
currentSize : 25 <-- 0.007101 s
currentSize : 26 <-- 0.753397 s
currentSize : 27 <-- 1.464498 s
currentSize : 28 <-- 49.203407 s
currentSize : 29 <-- 67.176071 s
currentSize : 30 <-- 486.783447 s

TIMEOUT
maxsize : 30
nodes : 167429670.000000
filtered : 991012491.000000
time : 1000.000000
