Parameters: GAD=1 vflib=1 dir=0 label=0 vlabel=1 lowerbound=1 fileNameGp=../../cp2016-max-common-connected-subgraph-paper/datasets/graphsdb/mcs30/bvg/b03m/mcs30_b03m_s100.A06 fileNameGt=../../cp2016-max-common-connected-subgraph-paper/datasets/graphsdb/mcs30/bvg/b03m/mcs30_b03m_s100.B06
Reading graphs...
100 :  149
100 :  150
Initializing...
maxdom : 9
D->valSize : 345
Solving...
Blb : 2 (clique : 35)
currentSize : 35 <-- 0.003883 s
currentSize : 36 <-- 0.004191 s
currentSize : 37 <-- 0.004524 s
currentSize : 38 <-- 0.006736 s
currentSize : 39 <-- 1.176766 s
currentSize : 40 <-- 4.399687 s
currentSize : 41 <-- 18.538960 s

TIMEOUT
maxsize : 41
nodes : 205998547.000000
filtered : 764526248.000000
time : 1000.000061
