Parameters: GAD=1 vflib=1 dir=0 label=0 vlabel=1 lowerbound=1 fileNameGp=../../cp2016-max-common-connected-subgraph-paper/datasets/graphsdb/mcs30/m4D/m4D/mcs30_m4D_s60.A09 fileNameGt=../../cp2016-max-common-connected-subgraph-paper/datasets/graphsdb/mcs30/m4D/m4D/mcs30_m4D_s60.B09
Reading graphs...
60 :  102
60 :  102
Initializing...
maxdom : 11
D->valSize : 246
Solving...
Blb : 2 (clique : 20)
currentSize : 20 <-- 0.002910 s
currentSize : 21 <-- 0.003148 s
currentSize : 22 <-- 0.003464 s
currentSize : 23 <-- 0.004665 s
currentSize : 24 <-- 0.012807 s
currentSize : 25 <-- 0.013583 s
currentSize : 26 <-- 0.027040 s
currentSize : 27 <-- 0.028799 s
currentSize : 28 <-- 0.211878 s
currentSize : 29 <-- 15.658319 s

maxsize : 29
nodes : 5386679.000000
filtered : 33665117.000000
time : 24.159220
