Parameters: GAD=1 vflib=1 dir=0 label=0 vlabel=1 lowerbound=1 fileNameGp=../../cp2016-max-common-connected-subgraph-paper/datasets/graphsdb/mcs30/m4D/m4D/mcs30_m4D_s60.A04 fileNameGt=../../cp2016-max-common-connected-subgraph-paper/datasets/graphsdb/mcs30/m4D/m4D/mcs30_m4D_s60.B04
Reading graphs...
60 :  101
60 :  101
Initializing...
maxdom : 8
D->valSize : 218
Solving...
Blb : 5 (clique : 23)
currentSize : 23 <-- 0.001790 s
currentSize : 24 <-- 0.002229 s
currentSize : 25 <-- 0.002960 s
currentSize : 26 <-- 0.008018 s
currentSize : 27 <-- 0.182624 s
currentSize : 28 <-- 13.404962 s
currentSize : 29 <-- 21.234703 s

maxsize : 29
nodes : 16137748.000000
filtered : 116152579.000000
time : 74.912010
