Parameters: GAD=1 vflib=1 dir=0 label=0 vlabel=1 lowerbound=1 fileNameGp=../../cp2016-max-common-connected-subgraph-paper/datasets/graphsdb/mcs30/bvg/b03/mcs30_b03_s70.A04 fileNameGt=../../cp2016-max-common-connected-subgraph-paper/datasets/graphsdb/mcs30/bvg/b03/mcs30_b03_s70.B04
Reading graphs...
70 :  105
70 :  104
Initializing...
maxdom : 8
D->valSize : 336
Solving...
Blb : 5 (clique : 27)
currentSize : 27 <-- 0.003017 s
currentSize : 30 <-- 0.003195 s
currentSize : 31 <-- 0.003218 s
currentSize : 32 <-- 0.003386 s
currentSize : 33 <-- 0.003610 s
currentSize : 34 <-- 0.287840 s
currentSize : 35 <-- 216.350693 s
currentSize : 36 <-- 216.570236 s

TIMEOUT
maxsize : 36
nodes : 205135473.000000
filtered : 1440018956.000000
time : 1000.000061
