Parameters: GAD=1 vflib=1 dir=0 label=0 vlabel=1 lowerbound=1 fileNameGp=../../cp2016-max-common-connected-subgraph-paper/datasets/graphsdb/mcs30/m3D/m3Dr4/mcs30_m3Dr4_s80.A09 fileNameGt=../../cp2016-max-common-connected-subgraph-paper/datasets/graphsdb/mcs30/m3D/m3Dr4/mcs30_m3Dr4_s80.B09
Reading graphs...
80 :  215
80 :  211
Initializing...
maxdom : 9
D->valSize : 413
Solving...
Blb : 2 (clique : 24)
currentSize : 24 <-- 0.004101 s
currentSize : 25 <-- 0.004345 s
currentSize : 26 <-- 0.018720 s
currentSize : 27 <-- 0.060705 s
currentSize : 28 <-- 0.119169 s
currentSize : 29 <-- 3.586595 s
currentSize : 30 <-- 42.727421 s
currentSize : 31 <-- 66.738747 s

TIMEOUT
maxsize : 31
nodes : 186333211.000000
filtered : 1290089616.000000
time : 1000.000061
