Parameters: GAD=1 vflib=1 dir=0 label=0 vlabel=1 lowerbound=1 fileNameGp=../../cp2016-max-common-connected-subgraph-paper/datasets/graphsdb/mcs30/m3D/m3D/mcs30_m3D_s80.A03 fileNameGt=../../cp2016-max-common-connected-subgraph-paper/datasets/graphsdb/mcs30/m3D/m3D/mcs30_m3D_s80.B03
Reading graphs...
80 :  183
80 :  184
Initializing...
maxdom : 9
D->valSize : 382
Solving...
Blb : 2 (clique : 25)
currentSize : 25 <-- 0.005995 s
currentSize : 26 <-- 0.008193 s
currentSize : 27 <-- 0.931461 s
currentSize : 28 <-- 0.937270 s
currentSize : 29 <-- 2.786530 s
currentSize : 30 <-- 149.076218 s
currentSize : 31 <-- 149.716202 s
currentSize : 32 <-- 360.605103 s

TIMEOUT
maxsize : 32
nodes : 189919102.000000
filtered : 1237578030.000000
time : 1000.000061
