Parameters: GAD=1 vflib=1 dir=0 label=0 vlabel=1 lowerbound=1 fileNameGp=../../cp2016-max-common-connected-subgraph-paper/datasets/graphsdb/mcs30/rand/r01/mcs30_r01_s90.A05 fileNameGt=../../cp2016-max-common-connected-subgraph-paper/datasets/graphsdb/mcs30/rand/r01/mcs30_r01_s90.B05
Reading graphs...
90 :  766
90 :  764
Initializing...
maxdom : 12
D->valSize : 496
Solving...
Blb : 2 (clique : 15)
currentSize : 15 <-- 0.005144 s
currentSize : 16 <-- 0.006409 s
currentSize : 17 <-- 0.009961 s
currentSize : 18 <-- 0.080159 s
currentSize : 19 <-- 0.168975 s
currentSize : 20 <-- 2.705750 s
currentSize : 21 <-- 31.378128 s
currentSize : 23 <-- 468.686493 s
currentSize : 24 <-- 468.726624 s
currentSize : 25 <-- 468.729858 s
currentSize : 26 <-- 468.730011 s
currentSize : 27 <-- 468.730103 s

maxsize : 27
nodes : 127691296.000000
filtered : 1321220963.000000
time : 826.224426
