Parameters: GAD=1 vflib=1 dir=0 label=0 vlabel=1 lowerbound=1 fileNameGp=../../cp2016-max-common-connected-subgraph-paper/datasets/graphsdb/mcs30/bvg/b03/mcs30_b03_s40.A03 fileNameGt=../../cp2016-max-common-connected-subgraph-paper/datasets/graphsdb/mcs30/bvg/b03/mcs30_b03_s40.B03
Reading graphs...
40 :  60
40 :  60
Initializing...
maxdom : 10
D->valSize : 234
Solving...
Blb : 2 (clique : 16)
currentSize : 16 <-- 0.002208 s
currentSize : 17 <-- 0.002609 s
currentSize : 18 <-- 0.003132 s
currentSize : 19 <-- 0.004099 s
currentSize : 20 <-- 0.010878 s
currentSize : 21 <-- 0.018786 s
currentSize : 22 <-- 0.045999 s
currentSize : 23 <-- 0.440653 s

maxsize : 23
nodes : 279170.000000
filtered : 2599152.000000
time : 1.333043
