Parameters: GAD=1 vflib=1 dir=0 label=0 vlabel=1 lowerbound=1 fileNameGp=../../cp2016-max-common-connected-subgraph-paper/datasets/graphsdb/mcs30/bvg/b03m/mcs30_b03m_s60.A01 fileNameGt=../../cp2016-max-common-connected-subgraph-paper/datasets/graphsdb/mcs30/bvg/b03m/mcs30_b03m_s60.B01
Reading graphs...
60 :  90
60 :  90
Initializing...
maxdom : 6
D->valSize : 227
Solving...
Blb : 2 (clique : 22)
currentSize : 22 <-- 0.001761 s
currentSize : 23 <-- 0.001943 s
currentSize : 24 <-- 0.010271 s
currentSize : 25 <-- 0.010365 s
currentSize : 26 <-- 4.693733 s
currentSize : 27 <-- 29.430592 s
currentSize : 28 <-- 174.468491 s
currentSize : 29 <-- 229.738373 s

maxsize : 29
nodes : 90670435.000000
filtered : 546399090.000000
time : 398.895721
