Parameters: GAD=1 vflib=1 dir=0 label=0 vlabel=1 lowerbound=1 fileNameGp=../../cp2016-max-common-connected-subgraph-paper/datasets/graphsdb/mcs30/bvg/b09m/mcs30_b09m_s60.A01 fileNameGt=../../cp2016-max-common-connected-subgraph-paper/datasets/graphsdb/mcs30/bvg/b09m/mcs30_b09m_s60.B01
Reading graphs...
60 :  258
60 :  260
Initializing...
maxdom : 7
D->valSize : 256
Solving...
Blb : 2 (clique : 13)
currentSize : 13 <-- 0.001855 s
currentSize : 14 <-- 0.002009 s
currentSize : 15 <-- 0.002146 s
currentSize : 16 <-- 0.237472 s
currentSize : 17 <-- 0.516917 s
currentSize : 18 <-- 1.749740 s
currentSize : 19 <-- 1.962004 s
currentSize : 20 <-- 6.005818 s
currentSize : 21 <-- 6.006389 s
currentSize : 22 <-- 13.987089 s

maxsize : 22
nodes : 4854139.000000
filtered : 34156874.000000
time : 22.607748
