Parameters: GAD=1 vflib=1 dir=0 label=0 vlabel=1 lowerbound=1 fileNameGp=../../cp2016-max-common-connected-subgraph-paper/datasets/graphsdb/mcs30/bvg/b09m/mcs30_b09m_s80.A07 fileNameGt=../../cp2016-max-common-connected-subgraph-paper/datasets/graphsdb/mcs30/bvg/b09m/mcs30_b09m_s80.B07
Reading graphs...
80 :  346
80 :  352
Initializing...
maxdom : 10
D->valSize : 414
Solving...
Blb : 2 (clique : 21)
currentSize : 21 <-- 0.006376 s
currentSize : 22 <-- 0.008075 s
currentSize : 23 <-- 0.022583 s
currentSize : 24 <-- 0.023987 s
currentSize : 25 <-- 0.049887 s
currentSize : 26 <-- 0.052038 s
currentSize : 27 <-- 1.697465 s
currentSize : 28 <-- 2.854401 s
currentSize : 29 <-- 11.560114 s
currentSize : 30 <-- 11.600054 s

TIMEOUT
maxsize : 30
nodes : 166564284.000000
filtered : 1775937256.000000
time : 1000.000000
