Parameters: GAD=1 vflib=1 dir=0 label=0 vlabel=1 lowerbound=1 fileNameGp=../../cp2016-max-common-connected-subgraph-paper/datasets/graphsdb/mcs30/bvg/b03m/mcs30_b03m_s50.A02 fileNameGt=../../cp2016-max-common-connected-subgraph-paper/datasets/graphsdb/mcs30/bvg/b03m/mcs30_b03m_s50.B02
Reading graphs...
50 :  74
50 :  75
Initializing...
maxdom : 11
D->valSize : 332
Solving...
Blb : 2 (clique : 23)
currentSize : 23 <-- 0.002539 s
currentSize : 24 <-- 0.004129 s
currentSize : 25 <-- 0.090927 s
currentSize : 26 <-- 0.800601 s
currentSize : 27 <-- 5.093883 s
currentSize : 28 <-- 5.227031 s
currentSize : 29 <-- 5.463248 s

maxsize : 29
nodes : 8893835.000000
filtered : 128214992.000000
time : 50.977810
