Parameters: GAD=1 vflib=1 dir=0 label=0 vlabel=1 lowerbound=1 fileNameGp=../../cp2016-max-common-connected-subgraph-paper/datasets/graphsdb/mcs30/rand/r005/mcs30_r005_s70.A07 fileNameGt=../../cp2016-max-common-connected-subgraph-paper/datasets/graphsdb/mcs30/rand/r005/mcs30_r005_s70.B07
Reading graphs...
70 :  236
70 :  233
Initializing...
maxdom : 8
D->valSize : 321
Solving...
Blb : 2 (clique : 21)
currentSize : 21 <-- 0.002570 s
currentSize : 22 <-- 0.002794 s
currentSize : 23 <-- 0.002932 s
currentSize : 24 <-- 0.003489 s
currentSize : 25 <-- 0.227527 s
currentSize : 26 <-- 0.925039 s
currentSize : 27 <-- 185.483917 s

TIMEOUT
maxsize : 27
nodes : 192195983.000000
filtered : 1525805229.000000
time : 1000.000000
