Parameters: GAD=1 vflib=1 dir=0 label=0 vlabel=1 lowerbound=1 fileNameGp=../../cp2016-max-common-connected-subgraph-paper/datasets/graphsdb/mcs30/bvg/b03/mcs30_b03_s60.A08 fileNameGt=../../cp2016-max-common-connected-subgraph-paper/datasets/graphsdb/mcs30/bvg/b03/mcs30_b03_s60.B08
Reading graphs...
60 :  90
60 :  90
Initializing...
maxdom : 7
D->valSize : 244
Solving...
Blb : 2 (clique : 25)
currentSize : 25 <-- 0.002930 s
currentSize : 26 <-- 0.024660 s
currentSize : 27 <-- 0.054672 s
currentSize : 28 <-- 0.055649 s
currentSize : 29 <-- 1.507659 s
currentSize : 30 <-- 23.115984 s
currentSize : 31 <-- 91.709122 s
currentSize : 32 <-- 502.849670 s

TIMEOUT
maxsize : 32
nodes : 216264386.000000
filtered : 1570060286.000000
time : 1000.000000
