Parameters: GAD=1 vflib=1 dir=0 label=0 vlabel=1 lowerbound=1 fileNameGp=../../cp2016-max-common-connected-subgraph-paper/datasets/graphsdb/mcs30/rand/r02/mcs30_r02_s90.A01 fileNameGt=../../cp2016-max-common-connected-subgraph-paper/datasets/graphsdb/mcs30/rand/r02/mcs30_r02_s90.B01
Reading graphs...
90 :  1432
90 :  1431
Initializing...
maxdom : 8
D->valSize : 549
Solving...
Blb : 2 (clique : 15)
currentSize : 15 <-- 0.005984 s
currentSize : 16 <-- 0.006164 s
currentSize : 19 <-- 0.016781 s
currentSize : 20 <-- 0.058815 s
currentSize : 23 <-- 0.060646 s
currentSize : 27 <-- 0.072306 s

maxsize : 27
nodes : 4118131.000000
filtered : 63410374.000000
time : 29.826315
