Parameters: GAD=1 vflib=1 dir=0 label=0 vlabel=1 lowerbound=1 fileNameGp=../../cp2016-max-common-connected-subgraph-paper/datasets/graphsdb/mcs30/bvg/b09m/mcs30_b09m_s90.A06 fileNameGt=../../cp2016-max-common-connected-subgraph-paper/datasets/graphsdb/mcs30/bvg/b09m/mcs30_b09m_s90.B06
Reading graphs...
90 :  393
90 :  393
Initializing...
maxdom : 11
D->valSize : 549
Solving...
Blb : 2 (clique : 20)
currentSize : 20 <-- 0.010158 s
currentSize : 21 <-- 0.010507 s
currentSize : 22 <-- 0.011248 s
currentSize : 23 <-- 0.030691 s
currentSize : 24 <-- 0.041776 s
currentSize : 25 <-- 0.124922 s
currentSize : 26 <-- 0.518940 s
currentSize : 27 <-- 4.446447 s
currentSize : 28 <-- 6.851486 s
currentSize : 29 <-- 319.306610 s

TIMEOUT
maxsize : 29
nodes : 163627406.000000
filtered : 1467687691.000000
time : 1000.000061
