Parameters: GAD=1 vflib=1 dir=0 label=0 vlabel=1 lowerbound=1 fileNameGp=../../cp2016-max-common-connected-subgraph-paper/datasets/graphsdb/mcs30/m4D/m4Dr6/mcs30_m4Dr6_s50.A05 fileNameGt=../../cp2016-max-common-connected-subgraph-paper/datasets/graphsdb/mcs30/m4D/m4Dr6/mcs30_m4Dr6_s50.B05
Reading graphs...
50 :  110
50 :  112
Initializing...
maxdom : 8
D->valSize : 317
Solving...
Blb : 2 (clique : 19)
currentSize : 19 <-- 0.003832 s
currentSize : 21 <-- 0.003994 s
currentSize : 22 <-- 0.011234 s
currentSize : 23 <-- 3.367344 s
currentSize : 24 <-- 6.005859 s
currentSize : 25 <-- 128.569214 s

maxsize : 25
nodes : 42831973.000000
filtered : 435640411.000000
time : 209.698730
