Parameters: GAD=1 vflib=1 dir=0 label=0 vlabel=1 lowerbound=1 fileNameGp=../../cp2016-max-common-connected-subgraph-paper/datasets/graphsdb/mcs30/m3D/m3Dr6/mcs30_m3Dr6_s100.A05 fileNameGt=../../cp2016-max-common-connected-subgraph-paper/datasets/graphsdb/mcs30/m3D/m3Dr6/mcs30_m3Dr6_s100.B05
Reading graphs...
100 :  294
100 :  291
Initializing...
maxdom : 7
D->valSize : 308
Solving...
Blb : 2 (clique : 28)
currentSize : 28 <-- 0.005042 s
currentSize : 29 <-- 1.661626 s
currentSize : 30 <-- 3.843745 s
currentSize : 31 <-- 4.146006 s
currentSize : 32 <-- 19.068731 s
currentSize : 33 <-- 410.887268 s

TIMEOUT
maxsize : 33
nodes : 180149516.000000
filtered : 781904770.000000
time : 1000.000061
