Parameters: GAD=1 vflib=1 dir=0 label=0 vlabel=1 lowerbound=1 fileNameGp=../../cp2016-max-common-connected-subgraph-paper/datasets/graphsdb/mcs30/m4D/m4D/mcs30_m4D_s50.A00 fileNameGt=../../cp2016-max-common-connected-subgraph-paper/datasets/graphsdb/mcs30/m4D/m4D/mcs30_m4D_s50.B00
Reading graphs...
50 :  87
50 :  87
Initializing...
maxdom : 8
D->valSize : 308
Solving...
Blb : 2 (clique : 20)
currentSize : 20 <-- 0.002432 s
currentSize : 22 <-- 0.002545 s
currentSize : 23 <-- 0.003047 s
currentSize : 24 <-- 0.025050 s
currentSize : 25 <-- 0.316920 s
currentSize : 26 <-- 9.693239 s
currentSize : 27 <-- 125.892174 s

maxsize : 27
nodes : 116754200.000000
filtered : 1358034042.000000
time : 559.447571
