Parameters: GAD=1 vflib=1 dir=0 label=0 vlabel=1 lowerbound=1 fileNameGp=../../cp2016-max-common-connected-subgraph-paper/datasets/graphsdb/mcs30/rand/r005/mcs30_r005_s90.A09 fileNameGt=../../cp2016-max-common-connected-subgraph-paper/datasets/graphsdb/mcs30/rand/r005/mcs30_r005_s90.B09
Reading graphs...
90 :  391
90 :  390
Initializing...
maxdom : 10
D->valSize : 540
Solving...
Blb : 2 (clique : 23)
currentSize : 23 <-- 0.006956 s
currentSize : 24 <-- 0.014685 s
currentSize : 25 <-- 0.019383 s
currentSize : 26 <-- 2.649717 s
currentSize : 27 <-- 6.901178 s
currentSize : 28 <-- 48.690868 s

TIMEOUT
maxsize : 28
nodes : 159910634.000000
filtered : 1388919318.000000
time : 1000.000000
