Parameters: GAD=1 vflib=1 dir=0 label=0 vlabel=1 lowerbound=1 fileNameGp=../../cp2016-max-common-connected-subgraph-paper/datasets/graphsdb/mcs30/m4D/m4D/mcs30_m4D_s50.A06 fileNameGt=../../cp2016-max-common-connected-subgraph-paper/datasets/graphsdb/mcs30/m4D/m4D/mcs30_m4D_s50.B06
Reading graphs...
50 :  86
50 :  87
Initializing...
maxdom : 11
D->valSize : 313
Solving...
Blb : 2 (clique : 20)
currentSize : 20 <-- 0.002467 s
currentSize : 21 <-- 0.002653 s
currentSize : 22 <-- 0.003842 s
currentSize : 23 <-- 0.004002 s
currentSize : 24 <-- 0.145260 s
currentSize : 25 <-- 0.790441 s
currentSize : 26 <-- 2.329340 s
currentSize : 27 <-- 6.361716 s

maxsize : 27
nodes : 13142837.000000
filtered : 126783512.000000
time : 61.384178
