Parameters: GAD=1 vflib=1 dir=0 label=0 vlabel=1 lowerbound=1 fileNameGp=../../cp2016-max-common-connected-subgraph-paper/datasets/graphsdb/mcs30/rand/r01/mcs30_r01_s80.A06 fileNameGt=../../cp2016-max-common-connected-subgraph-paper/datasets/graphsdb/mcs30/rand/r01/mcs30_r01_s80.B06
Reading graphs...
80 :  598
80 :  600
Initializing...
maxdom : 9
D->valSize : 423
Solving...
Blb : 2 (clique : 14)
currentSize : 14 <-- 0.004287 s
currentSize : 15 <-- 0.004492 s
currentSize : 16 <-- 0.004664 s
currentSize : 17 <-- 0.018417 s
currentSize : 18 <-- 0.244771 s
currentSize : 19 <-- 0.742508 s
currentSize : 20 <-- 17.043520 s
currentSize : 21 <-- 143.614471 s
currentSize : 22 <-- 481.008759 s
currentSize : 23 <-- 544.885132 s
currentSize : 24 <-- 544.969299 s

maxsize : 24
nodes : 143189615.000000
filtered : 1254131082.000000
time : 830.921753
