Parameters: GAD=1 vflib=1 dir=0 label=0 vlabel=1 lowerbound=1 fileNameGp=../../cp2016-max-common-connected-subgraph-paper/datasets/graphsdb/mcs30/bvg/b09/mcs30_b09_s70.A01 fileNameGt=../../cp2016-max-common-connected-subgraph-paper/datasets/graphsdb/mcs30/bvg/b09/mcs30_b09_s70.B01
Reading graphs...
70 :  307
70 :  307
Initializing...
maxdom : 8
D->valSize : 313
Solving...
Blb : 3 (clique : 19)
currentSize : 19 <-- 0.002727 s
currentSize : 20 <-- 0.908399 s
currentSize : 21 <-- 5.290021 s
currentSize : 22 <-- 28.545563 s
currentSize : 23 <-- 36.936172 s
currentSize : 24 <-- 312.368378 s

maxsize : 24
nodes : 96901030.000000
filtered : 830366643.000000
time : 512.821716
