Parameters: GAD=1 vflib=1 dir=0 label=0 vlabel=1 lowerbound=1 fileNameGp=../../cp2016-max-common-connected-subgraph-paper/datasets/graphsdb/mcs30/m2D/m2Dr2/mcs30_m2Dr2_s90.A08 fileNameGt=../../cp2016-max-common-connected-subgraph-paper/datasets/graphsdb/mcs30/m2D/m2Dr2/mcs30_m2Dr2_s90.B08
Reading graphs...
90 :  177
90 :  173
Initializing...
maxdom : 12
D->valSize : 566
Solving...
Blb : 5 (clique : 32)
currentSize : 32 <-- 0.011386 s
currentSize : 33 <-- 0.014168 s
currentSize : 34 <-- 0.157517 s
currentSize : 35 <-- 0.300635 s
currentSize : 36 <-- 9.361659 s
currentSize : 37 <-- 73.717651 s
currentSize : 38 <-- 604.289062 s
currentSize : 39 <-- 932.513489 s

TIMEOUT
maxsize : 39
nodes : 174592318.000000
filtered : 1431227412.000000
time : 1000.000061
