Parameters: GAD=1 vflib=1 dir=0 label=0 vlabel=1 lowerbound=1 fileNameGp=../../cp2016-max-common-connected-subgraph-paper/datasets/graphsdb/mcs30/m4D/m4Dr2/mcs30_m4Dr2_s80.A05 fileNameGt=../../cp2016-max-common-connected-subgraph-paper/datasets/graphsdb/mcs30/m4D/m4Dr2/mcs30_m4Dr2_s80.B05
Reading graphs...
80 :  145
80 :  145
Initializing...
maxdom : 11
D->valSize : 404
Solving...
Blb : 5 (clique : 29)
currentSize : 29 <-- 0.006458 s
currentSize : 30 <-- 0.896312 s
currentSize : 31 <-- 1.425147 s
currentSize : 32 <-- 15.957038 s
currentSize : 33 <-- 73.739822 s
currentSize : 34 <-- 216.219498 s

TIMEOUT
maxsize : 34
nodes : 173060378.000000
filtered : 1258381018.000000
time : 1000.000061
