Parameters: GAD=1 vflib=1 dir=0 label=0 vlabel=1 lowerbound=1 fileNameGp=../../cp2016-max-common-connected-subgraph-paper/datasets/graphsdb/mcs30/m2D/m2Dr4/mcs30_m2Dr4_s80.A07 fileNameGt=../../cp2016-max-common-connected-subgraph-paper/datasets/graphsdb/mcs30/m2D/m2Dr4/mcs30_m2Dr4_s80.B07
Reading graphs...
80 :  173
80 :  173
Initializing...
maxdom : 8
D->valSize : 430
Solving...
Blb : 2 (clique : 27)
currentSize : 27 <-- 0.004249 s
currentSize : 28 <-- 0.004452 s
currentSize : 29 <-- 0.004578 s
currentSize : 30 <-- 0.006247 s
currentSize : 31 <-- 0.006433 s
currentSize : 32 <-- 0.020378 s
currentSize : 33 <-- 6.255140 s
currentSize : 34 <-- 43.668598 s
currentSize : 35 <-- 982.376953 s

TIMEOUT
maxsize : 35
nodes : 179542950.000000
filtered : 1351079164.000000
time : 1000.000061
