Parameters: GAD=1 vflib=1 dir=0 label=0 vlabel=1 lowerbound=1 fileNameGp=../../cp2016-max-common-connected-subgraph-paper/datasets/graphsdb/mcs30/m4D/m4Dr4/mcs30_m4Dr4_s60.A04 fileNameGt=../../cp2016-max-common-connected-subgraph-paper/datasets/graphsdb/mcs30/m4D/m4Dr4/mcs30_m4Dr4_s60.B04
Reading graphs...
60 :  124
60 :  124
Initializing...
maxdom : 7
D->valSize : 216
Solving...
Blb : 2 (clique : 23)
currentSize : 23 <-- 0.001623 s
currentSize : 24 <-- 0.003057 s
currentSize : 25 <-- 0.011212 s
currentSize : 26 <-- 0.830712 s
currentSize : 27 <-- 10.847212 s
currentSize : 28 <-- 71.217690 s

maxsize : 28
nodes : 19207058.000000
filtered : 127604128.000000
time : 92.885033
