Parameters: GAD=1 vflib=1 dir=0 label=0 vlabel=1 lowerbound=1 fileNameGp=../../cp2016-max-common-connected-subgraph-paper/datasets/graphsdb/mcs30/m4D/m4Dr2/mcs30_m4Dr2_s70.A05 fileNameGt=../../cp2016-max-common-connected-subgraph-paper/datasets/graphsdb/mcs30/m4D/m4Dr2/mcs30_m4Dr2_s70.B05
Reading graphs...
70 :  129
70 :  130
Initializing...
maxdom : 10
D->valSize : 297
Solving...
Blb : 2 (clique : 28)
currentSize : 28 <-- 0.002589 s
currentSize : 29 <-- 0.002817 s
currentSize : 30 <-- 0.082807 s
currentSize : 31 <-- 0.419948 s
currentSize : 32 <-- 0.834110 s
currentSize : 33 <-- 61.151329 s
currentSize : 34 <-- 614.223145 s

TIMEOUT
maxsize : 34
nodes : 213251433.000000
filtered : 1328879299.000000
time : 1000.000061
