Parameters: GAD=1 vflib=1 dir=0 label=0 vlabel=1 lowerbound=1 fileNameGp=../../cp2016-max-common-connected-subgraph-paper/datasets/graphsdb/mcs30/m4D/m4D/mcs30_m4D_s80.A06 fileNameGt=../../cp2016-max-common-connected-subgraph-paper/datasets/graphsdb/mcs30/m4D/m4D/mcs30_m4D_s80.B06
Reading graphs...
80 :  130
80 :  131
Initializing...
maxdom : 9
D->valSize : 422
Solving...
Blb : 2 (clique : 34)
currentSize : 34 <-- 0.004596 s
currentSize : 35 <-- 0.011726 s
currentSize : 36 <-- 0.023239 s
currentSize : 37 <-- 132.002380 s
currentSize : 38 <-- 148.652374 s
currentSize : 39 <-- 178.942368 s

TIMEOUT
maxsize : 39
nodes : 186026075.000000
filtered : 1323887385.000000
time : 1000.000061
