Parameters: GAD=1 vflib=1 dir=0 label=0 vlabel=1 lowerbound=1 fileNameGp=../../cp2016-max-common-connected-subgraph-paper/datasets/graphsdb/mcs30/m2D/m2D/mcs30_m2D_s60.A02 fileNameGt=../../cp2016-max-common-connected-subgraph-paper/datasets/graphsdb/mcs30/m2D/m2D/mcs30_m2D_s60.B02
Reading graphs...
60 :  104
60 :  102
Initializing...
maxdom : 6
D->valSize : 230
Solving...
Blb : 2 (clique : 22)
currentSize : 22 <-- 0.002713 s
currentSize : 23 <-- 0.003141 s
currentSize : 24 <-- 0.003359 s
currentSize : 25 <-- 0.006443 s
currentSize : 26 <-- 0.236313 s
currentSize : 27 <-- 0.420873 s
currentSize : 28 <-- 5.843719 s
currentSize : 29 <-- 6.751254 s
currentSize : 30 <-- 59.140747 s

maxsize : 30
nodes : 43638112.000000
filtered : 308990705.000000
time : 202.946426
