Parameters: GAD=1 vflib=1 dir=0 label=0 vlabel=1 lowerbound=1 fileNameGp=../../cp2016-max-common-connected-subgraph-paper/datasets/graphsdb/mcs30/rand/r005/mcs30_r005_s90.A06 fileNameGt=../../cp2016-max-common-connected-subgraph-paper/datasets/graphsdb/mcs30/rand/r005/mcs30_r005_s90.B06
Reading graphs...
90 :  390
90 :  385
Initializing...
maxdom : 11
D->valSize : 537
Solving...
Blb : 2 (clique : 21)
currentSize : 21 <-- 0.006047 s
currentSize : 22 <-- 0.006240 s
currentSize : 23 <-- 0.008476 s
currentSize : 24 <-- 0.030358 s
currentSize : 25 <-- 0.035056 s
currentSize : 26 <-- 0.212030 s
currentSize : 27 <-- 279.011871 s
currentSize : 28 <-- 288.179626 s

TIMEOUT
maxsize : 28
nodes : 168972295.000000
filtered : 1331040675.000000
time : 1000.000000
