Parameters: GAD=1 vflib=1 dir=0 label=0 vlabel=1 lowerbound=1 fileNameGp=../../cp2016-max-common-connected-subgraph-paper/datasets/graphsdb/mcs30/m2D/m2Dr2/mcs30_m2Dr2_s100.A03 fileNameGt=../../cp2016-max-common-connected-subgraph-paper/datasets/graphsdb/mcs30/m2D/m2Dr2/mcs30_m2Dr2_s100.B03
Reading graphs...
100 :  200
100 :  200
Initializing...
maxdom : 8
D->valSize : 354
Solving...
Blb : 2 (clique : 34)
currentSize : 34 <-- 0.003638 s
currentSize : 35 <-- 0.004312 s
currentSize : 36 <-- 0.046541 s
currentSize : 37 <-- 0.514394 s
currentSize : 38 <-- 4.078637 s
currentSize : 39 <-- 8.400961 s
currentSize : 40 <-- 356.509125 s

TIMEOUT
maxsize : 40
nodes : 195630918.000000
filtered : 811055917.000000
time : 1000.000122
