Parameters: GAD=1 vflib=1 dir=0 label=0 vlabel=1 lowerbound=1 fileNameGp=../../cp2016-max-common-connected-subgraph-paper/datasets/graphsdb/mcs30/m4D/m4D/mcs30_m4D_s60.A08 fileNameGt=../../cp2016-max-common-connected-subgraph-paper/datasets/graphsdb/mcs30/m4D/m4D/mcs30_m4D_s60.B08
Reading graphs...
60 :  102
60 :  101
Initializing...
maxdom : 6
D->valSize : 228
Solving...
Blb : 2 (clique : 24)
currentSize : 24 <-- 0.001861 s
currentSize : 25 <-- 0.002000 s
currentSize : 26 <-- 0.004307 s
currentSize : 27 <-- 0.004956 s
currentSize : 28 <-- 2.139857 s
currentSize : 29 <-- 46.748886 s

maxsize : 29
nodes : 28018510.000000
filtered : 206209301.000000
time : 130.457825
