Parameters: GAD=1 vflib=1 dir=0 label=0 vlabel=1 lowerbound=1 fileNameGp=../../cp2016-max-common-connected-subgraph-paper/datasets/graphsdb/mcs30/m4D/m4D/mcs30_m4D_s90.A06 fileNameGt=../../cp2016-max-common-connected-subgraph-paper/datasets/graphsdb/mcs30/m4D/m4D/mcs30_m4D_s90.B06
Reading graphs...
90 :  146
90 :  144
Initializing...
maxdom : 12
D->valSize : 532
Solving...
Blb : 2 (clique : 38)
currentSize : 38 <-- 0.006607 s
currentSize : 39 <-- 0.020734 s
currentSize : 40 <-- 6.809504 s
currentSize : 41 <-- 11.248852 s
currentSize : 42 <-- 21.395792 s
currentSize : 43 <-- 165.604065 s

TIMEOUT
maxsize : 43
nodes : 195952446.000000
filtered : 1007240692.000000
time : 1000.000061
