Parameters: GAD=1 vflib=1 dir=0 label=0 vlabel=1 lowerbound=1 fileNameGp=../../cp2016-max-common-connected-subgraph-paper/datasets/graphsdb/mcs30/rand/r01/mcs30_r01_s70.A07 fileNameGt=../../cp2016-max-common-connected-subgraph-paper/datasets/graphsdb/mcs30/rand/r01/mcs30_r01_s70.B07
Reading graphs...
70 :  459
70 :  454
Initializing...
maxdom : 7
D->valSize : 329
Solving...
Blb : 2 (clique : 14)
currentSize : 14 <-- 0.004111 s
currentSize : 15 <-- 0.004300 s
currentSize : 16 <-- 0.004487 s
currentSize : 17 <-- 0.149907 s
currentSize : 18 <-- 0.329772 s
currentSize : 19 <-- 6.120933 s
currentSize : 20 <-- 42.083576 s
currentSize : 21 <-- 59.288513 s

maxsize : 21
nodes : 19945443.000000
filtered : 162725261.000000
time : 105.867561
