Parameters: GAD=1 vflib=1 dir=0 label=0 vlabel=1 lowerbound=1 fileNameGp=../../cp2016-max-common-connected-subgraph-paper/datasets/graphsdb/mcs30/m3D/m3Dr4/mcs30_m3Dr4_s70.A08 fileNameGt=../../cp2016-max-common-connected-subgraph-paper/datasets/graphsdb/mcs30/m3D/m3Dr4/mcs30_m3Dr4_s70.B08
Reading graphs...
70 :  183
70 :  184
Initializing...
maxdom : 6
D->valSize : 319
Solving...
Blb : 2 (clique : 23)
currentSize : 23 <-- 0.002706 s
currentSize : 24 <-- 0.002894 s
currentSize : 25 <-- 0.003054 s
currentSize : 26 <-- 0.006108 s
currentSize : 27 <-- 2.270010 s
currentSize : 28 <-- 117.558670 s
currentSize : 29 <-- 120.640526 s

TIMEOUT
maxsize : 29
nodes : 186090892.000000
filtered : 1768440690.000000
time : 1000.000061
