Parameters: GAD=1 vflib=1 dir=0 label=0 vlabel=1 lowerbound=1 fileNameGp=../../cp2016-max-common-connected-subgraph-paper/datasets/graphsdb/mcs30/m2D/m2Dr2/mcs30_m2Dr2_s90.A02 fileNameGt=../../cp2016-max-common-connected-subgraph-paper/datasets/graphsdb/mcs30/m2D/m2Dr2/mcs30_m2Dr2_s90.B02
Reading graphs...
90 :  178
90 :  178
Initializing...
maxdom : 9
D->valSize : 525
Solving...
Blb : 2 (clique : 33)
currentSize : 33 <-- 0.006255 s
currentSize : 34 <-- 0.006565 s
currentSize : 35 <-- 0.006964 s
currentSize : 36 <-- 0.016874 s
currentSize : 38 <-- 0.130104 s
currentSize : 39 <-- 15.167913 s
currentSize : 40 <-- 34.885361 s
currentSize : 41 <-- 37.214172 s
currentSize : 42 <-- 50.334377 s
currentSize : 43 <-- 85.792381 s
currentSize : 44 <-- 114.444321 s

TIMEOUT
maxsize : 44
nodes : 181885956.000000
filtered : 1185794848.000000
time : 1000.000061
