Parameters: GAD=1 vflib=1 dir=0 label=0 vlabel=1 lowerbound=1 fileNameGp=../../cp2016-max-common-connected-subgraph-paper/datasets/graphsdb/mcs30/bvg/b06/mcs30_b06_s60.A02 fileNameGt=../../cp2016-max-common-connected-subgraph-paper/datasets/graphsdb/mcs30/bvg/b06/mcs30_b06_s60.B02
Reading graphs...
60 :  178
60 :  177
Initializing...
maxdom : 7
D->valSize : 226
Solving...
Blb : 2 (clique : 19)
currentSize : 19 <-- 0.002740 s
currentSize : 20 <-- 0.002989 s
currentSize : 21 <-- 0.010700 s
currentSize : 22 <-- 0.028337 s
currentSize : 23 <-- 0.157038 s
currentSize : 24 <-- 27.304831 s
currentSize : 25 <-- 29.920532 s

maxsize : 25
nodes : 11243374.000000
filtered : 74272999.000000
time : 51.091209
