Parameters: GAD=1 vflib=1 dir=0 label=0 vlabel=1 lowerbound=1 fileNameGp=../../cp2016-max-common-connected-subgraph-paper/datasets/graphsdb/mcs30/m2D/m2Dr6/mcs30_m2Dr6_s100.A04 fileNameGt=../../cp2016-max-common-connected-subgraph-paper/datasets/graphsdb/mcs30/m2D/m2Dr6/mcs30_m2Dr6_s100.B04
Reading graphs...
100 :  238
100 :  236
Initializing...
maxdom : 7
D->valSize : 328
Solving...
Blb : 2 (clique : 29)
currentSize : 29 <-- 0.003511 s
currentSize : 30 <-- 0.009616 s
currentSize : 31 <-- 0.037894 s
currentSize : 32 <-- 3.959069 s
currentSize : 33 <-- 48.047897 s
currentSize : 34 <-- 59.107788 s

TIMEOUT
maxsize : 34
nodes : 186198201.000000
filtered : 979905983.000000
time : 1000.000061
