Parameters: GAD=1 vflib=1 dir=0 label=0 vlabel=1 lowerbound=1 fileNameGp=../../cp2016-max-common-connected-subgraph-paper/datasets/graphsdb/mcs30/bvg/b03/mcs30_b03_s60.A07 fileNameGt=../../cp2016-max-common-connected-subgraph-paper/datasets/graphsdb/mcs30/bvg/b03/mcs30_b03_s60.B07
Reading graphs...
60 :  89
60 :  90
Initializing...
maxdom : 7
D->valSize : 241
Solving...
Blb : 5 (clique : 26)
currentSize : 26 <-- 0.001879 s
currentSize : 27 <-- 0.005126 s
currentSize : 28 <-- 0.022256 s
currentSize : 29 <-- 6.013360 s
currentSize : 30 <-- 6.020639 s
currentSize : 31 <-- 80.708008 s

maxsize : 31
nodes : 51419943.000000
filtered : 358342561.000000
time : 240.336639
