Parameters: GAD=1 vflib=1 dir=0 label=0 vlabel=1 lowerbound=1 fileNameGp=../../cp2016-max-common-connected-subgraph-paper/datasets/graphsdb/mcs30/bvg/b09/mcs30_b09_s80.A05 fileNameGt=../../cp2016-max-common-connected-subgraph-paper/datasets/graphsdb/mcs30/bvg/b09/mcs30_b09_s80.B05
Reading graphs...
80 :  357
80 :  354
Initializing...
maxdom : 8
D->valSize : 415
Solving...
Blb : 2 (clique : 20)
currentSize : 20 <-- 0.004042 s
currentSize : 21 <-- 0.004219 s
currentSize : 22 <-- 0.035168 s
currentSize : 23 <-- 0.397753 s
currentSize : 24 <-- 1.662487 s
currentSize : 25 <-- 7.142880 s
currentSize : 26 <-- 8.015089 s
currentSize : 27 <-- 335.486206 s
currentSize : 28 <-- 397.234009 s

TIMEOUT
maxsize : 28
nodes : 168528800.000000
filtered : 1658942162.000000
time : 1000.000061
