Parameters: GAD=1 vflib=1 dir=0 label=0 vlabel=1 lowerbound=1 fileNameGp=../../cp2016-max-common-connected-subgraph-paper/datasets/graphsdb/mcs30/m3D/m3Dr2/mcs30_m3Dr2_s100.A05 fileNameGt=../../cp2016-max-common-connected-subgraph-paper/datasets/graphsdb/mcs30/m3D/m3Dr2/mcs30_m3Dr2_s100.B05
Reading graphs...
100 :  252
100 :  254
Initializing...
maxdom : 7
D->valSize : 344
Solving...
Blb : 3 (clique : 30)
currentSize : 30 <-- 0.005729 s
currentSize : 31 <-- 0.187425 s
currentSize : 32 <-- 0.270057 s
currentSize : 33 <-- 0.319886 s
currentSize : 34 <-- 1.676259 s
currentSize : 35 <-- 490.688812 s
currentSize : 36 <-- 540.881775 s
currentSize : 37 <-- 614.330627 s

TIMEOUT
maxsize : 37
nodes : 189317407.000000
filtered : 748533650.000000
time : 1000.000061
