Parameters: GAD=1 vflib=1 dir=0 label=0 vlabel=1 lowerbound=1 fileNameGp=../../cp2016-max-common-connected-subgraph-paper/datasets/graphsdb/mcs30/bvg/b09m/mcs30_b09m_s100.A06 fileNameGt=../../cp2016-max-common-connected-subgraph-paper/datasets/graphsdb/mcs30/bvg/b09m/mcs30_b09m_s100.B06
Reading graphs...
100 :  446
100 :  446
Initializing...
maxdom : 7
D->valSize : 315
Solving...
Blb : 2 (clique : 22)
currentSize : 22 <-- 0.003183 s
currentSize : 23 <-- 0.003409 s
currentSize : 24 <-- 0.005265 s
currentSize : 25 <-- 0.023911 s
currentSize : 26 <-- 7.677807 s
currentSize : 27 <-- 78.539513 s
currentSize : 28 <-- 127.491257 s
currentSize : 29 <-- 139.672546 s
currentSize : 30 <-- 142.341919 s
currentSize : 31 <-- 181.278625 s
currentSize : 32 <-- 437.068420 s
currentSize : 33 <-- 701.836914 s
currentSize : 34 <-- 953.466919 s

TIMEOUT
maxsize : 34
nodes : 182637707.000000
filtered : 702784848.000000
time : 1000.000061
