Parameters: GAD=1 vflib=1 dir=0 label=0 vlabel=1 lowerbound=1 fileNameGp=../../cp2016-max-common-connected-subgraph-paper/datasets/graphsdb/mcs30/bvg/b03/mcs30_b03_s60.A06 fileNameGt=../../cp2016-max-common-connected-subgraph-paper/datasets/graphsdb/mcs30/bvg/b03/mcs30_b03_s60.B06
Reading graphs...
60 :  90
60 :  90
Initializing...
maxdom : 8
D->valSize : 239
Solving...
Blb : 2 (clique : 23)
currentSize : 23 <-- 0.002749 s
currentSize : 24 <-- 0.003188 s
currentSize : 25 <-- 0.716012 s
currentSize : 26 <-- 0.866949 s
currentSize : 27 <-- 1.063950 s
currentSize : 28 <-- 39.162720 s
currentSize : 29 <-- 103.288200 s

maxsize : 29
nodes : 157293294.000000
filtered : 1024879176.000000
time : 692.112244
