Parameters: GAD=1 vflib=1 dir=0 label=0 vlabel=1 lowerbound=1 fileNameGp=../../cp2016-max-common-connected-subgraph-paper/datasets/graphsdb/mcs30/m4D/m4Dr2/mcs30_m4Dr2_s90.A00 fileNameGt=../../cp2016-max-common-connected-subgraph-paper/datasets/graphsdb/mcs30/m4D/m4Dr2/mcs30_m4Dr2_s90.B00
Reading graphs...
90 :  163
90 :  160
Initializing...
maxdom : 10
D->valSize : 510
Solving...
Blb : 2 (clique : 33)
currentSize : 33 <-- 0.006153 s
currentSize : 34 <-- 0.007017 s
currentSize : 35 <-- 0.009534 s
currentSize : 36 <-- 0.062870 s
currentSize : 37 <-- 0.847351 s
currentSize : 38 <-- 6.483925 s
currentSize : 39 <-- 129.847565 s

TIMEOUT
maxsize : 39
nodes : 190947544.000000
filtered : 1138252800.000000
time : 1000.000061
