Parameters: GAD=1 vflib=1 dir=0 label=0 vlabel=1 lowerbound=1 fileNameGp=../../cp2016-max-common-connected-subgraph-paper/datasets/graphsdb/mcs30/bvg/b06/mcs30_b06_s90.A00 fileNameGt=../../cp2016-max-common-connected-subgraph-paper/datasets/graphsdb/mcs30/bvg/b06/mcs30_b06_s90.B00
Reading graphs...
90 :  267
90 :  268
Initializing...
maxdom : 10
D->valSize : 577
Solving...
Blb : 2 (clique : 25)
currentSize : 25 <-- 0.011423 s
currentSize : 27 <-- 0.011738 s
currentSize : 28 <-- 0.011970 s
currentSize : 29 <-- 0.049103 s
currentSize : 30 <-- 0.216600 s
currentSize : 31 <-- 40.935295 s
currentSize : 32 <-- 94.333801 s
currentSize : 33 <-- 191.021164 s

TIMEOUT
maxsize : 33
nodes : 166429466.000000
filtered : 1173697437.000000
time : 1000.000000
