Parameters: GAD=1 vflib=1 dir=0 label=0 vlabel=1 lowerbound=1 fileNameGp=../../cp2016-max-common-connected-subgraph-paper/datasets/graphsdb/mcs30/m2D/m2D/mcs30_m2D_s80.A08 fileNameGt=../../cp2016-max-common-connected-subgraph-paper/datasets/graphsdb/mcs30/m2D/m2D/mcs30_m2D_s80.B08
Reading graphs...
80 :  140
80 :  140
Initializing...
maxdom : 8
D->valSize : 420
Solving...
Blb : 2 (clique : 31)
currentSize : 31 <-- 0.004275 s
currentSize : 32 <-- 0.004738 s
currentSize : 33 <-- 0.010298 s
currentSize : 34 <-- 0.334291 s
currentSize : 35 <-- 1.373261 s
currentSize : 36 <-- 68.932716 s
currentSize : 37 <-- 773.053894 s

TIMEOUT
maxsize : 37
nodes : 194623223.000000
filtered : 1175784263.000000
time : 1000.000061
