Parameters: GAD=1 vflib=1 dir=0 label=0 vlabel=1 lowerbound=1 fileNameGp=../../cp2016-max-common-connected-subgraph-paper/datasets/graphsdb/mcs30/m3D/m3Dr6/mcs30_m3Dr6_s70.A08 fileNameGt=../../cp2016-max-common-connected-subgraph-paper/datasets/graphsdb/mcs30/m3D/m3Dr6/mcs30_m3Dr6_s70.B08
Reading graphs...
70 :  194
70 :  195
Initializing...
maxdom : 9
D->valSize : 303
Solving...
Blb : 3 (clique : 22)
currentSize : 22 <-- 0.002464 s
currentSize : 23 <-- 0.006188 s
currentSize : 24 <-- 0.675728 s
currentSize : 25 <-- 8.406291 s
currentSize : 26 <-- 9.784197 s
currentSize : 27 <-- 159.619217 s
currentSize : 28 <-- 160.603836 s
currentSize : 29 <-- 521.076843 s
currentSize : 30 <-- 842.238342 s
currentSize : 31 <-- 842.240906 s
currentSize : 32 <-- 914.713196 s

TIMEOUT
maxsize : 32
nodes : 194676379.000000
filtered : 1482807598.000000
time : 1000.000000
