Parameters: GAD=1 vflib=1 dir=0 label=0 vlabel=1 lowerbound=1 fileNameGp=../../cp2016-max-common-connected-subgraph-paper/datasets/graphsdb/mcs30/m3D/m3Dr2/mcs30_m3Dr2_s90.A06 fileNameGt=../../cp2016-max-common-connected-subgraph-paper/datasets/graphsdb/mcs30/m3D/m3Dr2/mcs30_m3Dr2_s90.B06
Reading graphs...
90 :  224
90 :  226
Initializing...
maxdom : 11
D->valSize : 555
Solving...
Blb : 2 (clique : 27)
currentSize : 27 <-- 0.010881 s
currentSize : 28 <-- 0.011357 s
currentSize : 29 <-- 0.011979 s
currentSize : 30 <-- 0.016479 s
currentSize : 31 <-- 0.024096 s
currentSize : 32 <-- 0.032890 s
currentSize : 33 <-- 1.006494 s
currentSize : 34 <-- 4.393952 s
currentSize : 35 <-- 40.309856 s
currentSize : 36 <-- 249.352814 s

TIMEOUT
maxsize : 36
nodes : 179925219.000000
filtered : 1308384809.000000
time : 1000.000061
