Parameters: GAD=1 vflib=1 dir=0 label=0 vlabel=1 lowerbound=1 fileNameGp=../../cp2016-max-common-connected-subgraph-paper/datasets/graphsdb/mcs30/bvg/b03m/mcs30_b03m_s50.A07 fileNameGt=../../cp2016-max-common-connected-subgraph-paper/datasets/graphsdb/mcs30/bvg/b03m/mcs30_b03m_s50.B07
Reading graphs...
50 :  75
50 :  75
Initializing...
maxdom : 9
D->valSize : 324
Solving...
Blb : 5 (clique : 22)
currentSize : 22 <-- 0.003849 s
currentSize : 23 <-- 0.432488 s
currentSize : 24 <-- 2.226640 s
currentSize : 25 <-- 2.248277 s
currentSize : 26 <-- 5.640298 s
currentSize : 27 <-- 28.247007 s
currentSize : 28 <-- 123.663773 s

maxsize : 28
nodes : 60755260.000000
filtered : 669782429.000000
time : 316.716339
