Parameters: GAD=1 vflib=1 dir=0 label=0 vlabel=1 lowerbound=1 fileNameGp=../../cp2016-max-common-connected-subgraph-paper/datasets/graphsdb/mcs30/bvg/b09m/mcs30_b09m_s70.A03 fileNameGt=../../cp2016-max-common-connected-subgraph-paper/datasets/graphsdb/mcs30/bvg/b09m/mcs30_b09m_s70.B03
Reading graphs...
70 :  303
70 :  302
Initializing...
maxdom : 8
D->valSize : 318
Solving...
Blb : 3 (clique : 16)
currentSize : 16 <-- 0.002613 s
currentSize : 17 <-- 0.003424 s
currentSize : 18 <-- 0.004393 s
currentSize : 19 <-- 0.005461 s
currentSize : 20 <-- 0.006585 s
currentSize : 21 <-- 0.050734 s
currentSize : 22 <-- 2.636112 s
currentSize : 23 <-- 51.169991 s
currentSize : 24 <-- 51.280777 s

maxsize : 24
nodes : 54316418.000000
filtered : 512424939.000000
time : 296.928070
