Parameters: GAD=1 vflib=1 dir=0 label=0 vlabel=1 lowerbound=1 fileNameGp=../../cp2016-max-common-connected-subgraph-paper/datasets/graphsdb/mcs30/m2D/m2Dr2/mcs30_m2Dr2_s50.A06 fileNameGt=../../cp2016-max-common-connected-subgraph-paper/datasets/graphsdb/mcs30/m2D/m2Dr2/mcs30_m2Dr2_s50.B06
Reading graphs...
50 :  94
50 :  91
Initializing...
maxdom : 10
D->valSize : 325
Solving...
Blb : 2 (clique : 20)
currentSize : 20 <-- 0.002438 s
currentSize : 21 <-- 0.002571 s
currentSize : 22 <-- 0.002653 s
currentSize : 23 <-- 0.002996 s
currentSize : 24 <-- 0.030256 s
currentSize : 25 <-- 22.288803 s
currentSize : 26 <-- 316.947845 s

maxsize : 26
nodes : 98138763.000000
filtered : 1227678206.000000
time : 509.903809
