Parameters: GAD=1 vflib=1 dir=0 label=0 vlabel=1 lowerbound=1 fileNameGp=../../cp2016-max-common-connected-subgraph-paper/datasets/graphsdb/mcs30/bvg/b09m/mcs30_b09m_s90.A00 fileNameGt=../../cp2016-max-common-connected-subgraph-paper/datasets/graphsdb/mcs30/bvg/b09m/mcs30_b09m_s90.B00
Reading graphs...
90 :  400
90 :  394
Initializing...
maxdom : 9
D->valSize : 540
Solving...
Blb : 2 (clique : 21)
currentSize : 21 <-- 0.006289 s
currentSize : 22 <-- 0.006503 s
currentSize : 23 <-- 0.006622 s
currentSize : 24 <-- 0.010485 s
currentSize : 25 <-- 0.021351 s
currentSize : 26 <-- 0.027532 s
currentSize : 27 <-- 0.060110 s
currentSize : 28 <-- 68.057083 s

TIMEOUT
maxsize : 28
nodes : 172007408.000000
filtered : 1321402098.000000
time : 1000.000061
