Parameters: GAD=1 vflib=1 dir=0 label=0 vlabel=1 lowerbound=1 fileNameGp=../../cp2016-max-common-connected-subgraph-paper/datasets/graphsdb/mcs30/m2D/m2Dr6/mcs30_m2Dr6_s60.A01 fileNameGt=../../cp2016-max-common-connected-subgraph-paper/datasets/graphsdb/mcs30/m2D/m2Dr6/mcs30_m2Dr6_s60.B01
Reading graphs...
60 :  140
60 :  140
Initializing...
maxdom : 7
D->valSize : 226
Solving...
Blb : 3 (clique : 21)
currentSize : 21 <-- 0.002585 s
currentSize : 22 <-- 0.016210 s
currentSize : 23 <-- 0.235043 s
currentSize : 24 <-- 1.530443 s
currentSize : 25 <-- 41.966221 s
currentSize : 26 <-- 65.375549 s

maxsize : 26
nodes : 35695383.000000
filtered : 252015696.000000
time : 162.968857
