Parameters: GAD=1 vflib=1 dir=0 label=0 vlabel=1 lowerbound=1 fileNameGp=../../cp2016-max-common-connected-subgraph-paper/datasets/graphsdb/mcs30/rand/r01/mcs30_r01_s80.A05 fileNameGt=../../cp2016-max-common-connected-subgraph-paper/datasets/graphsdb/mcs30/rand/r01/mcs30_r01_s80.B05
Reading graphs...
80 :  598
80 :  602
Initializing...
maxdom : 8
D->valSize : 402
Solving...
Blb : 2 (clique : 14)
currentSize : 14 <-- 0.003592 s
currentSize : 15 <-- 0.003735 s
currentSize : 16 <-- 0.005512 s
currentSize : 17 <-- 0.027201 s
currentSize : 18 <-- 1.364728 s
currentSize : 19 <-- 1.445058 s
currentSize : 20 <-- 197.894424 s
currentSize : 22 <-- 197.917435 s
currentSize : 24 <-- 205.252228 s

maxsize : 24
nodes : 65312416.000000
filtered : 570061184.000000
time : 377.386993
