Parameters: GAD=1 vflib=1 dir=0 label=0 vlabel=1 lowerbound=1 fileNameGp=../../cp2016-max-common-connected-subgraph-paper/datasets/graphsdb/mcs30/m4D/m4Dr6/mcs30_m4Dr6_s70.A09 fileNameGt=../../cp2016-max-common-connected-subgraph-paper/datasets/graphsdb/mcs30/m4D/m4Dr6/mcs30_m4Dr6_s70.B09
Reading graphs...
70 :  156
70 :  154
Initializing...
maxdom : 9
D->valSize : 339
Solving...
Blb : 2 (clique : 25)
currentSize : 25 <-- 0.004666 s
currentSize : 26 <-- 1.801842 s
currentSize : 27 <-- 6.211994 s
currentSize : 28 <-- 8.322043 s
currentSize : 29 <-- 22.564648 s
currentSize : 30 <-- 25.189224 s
currentSize : 31 <-- 587.238770 s

TIMEOUT
maxsize : 31
nodes : 206508187.000000
filtered : 1639394537.000000
time : 1000.000000
