Parameters: GAD=1 vflib=1 dir=0 label=0 vlabel=1 lowerbound=1 fileNameGp=../../cp2016-max-common-connected-subgraph-paper/datasets/graphsdb/mcs30/rand/r02/mcs30_r02_s90.A04 fileNameGt=../../cp2016-max-common-connected-subgraph-paper/datasets/graphsdb/mcs30/rand/r02/mcs30_r02_s90.B04
Reading graphs...
90 :  1416
90 :  1421
Initializing...
maxdom : 13
D->valSize : 581
Solving...
Blb : 2 (clique : 10)
currentSize : 10 <-- 0.010155 s
currentSize : 11 <-- 0.010439 s
currentSize : 12 <-- 0.019625 s
currentSize : 13 <-- 0.077953 s
currentSize : 14 <-- 0.189737 s
currentSize : 15 <-- 3.803933 s
currentSize : 16 <-- 3.808602 s
currentSize : 17 <-- 18.133741 s
currentSize : 18 <-- 37.982182 s
currentSize : 19 <-- 57.461483 s
currentSize : 22 <-- 68.828789 s
currentSize : 27 <-- 87.606995 s

maxsize : 27
nodes : 17034585.000000
filtered : 164852366.000000
time : 108.044144
