Parameters: GAD=1 vflib=1 dir=0 label=0 vlabel=1 lowerbound=1 fileNameGp=../../cp2016-max-common-connected-subgraph-paper/datasets/graphsdb/mcs30/m2D/m2Dr6/mcs30_m2Dr6_s80.A06 fileNameGt=../../cp2016-max-common-connected-subgraph-paper/datasets/graphsdb/mcs30/m2D/m2Dr6/mcs30_m2Dr6_s80.B06
Reading graphs...
80 :  185
80 :  183
Initializing...
maxdom : 8
D->valSize : 390
Solving...
Blb : 2 (clique : 25)
currentSize : 25 <-- 0.003740 s
currentSize : 26 <-- 0.004117 s
currentSize : 27 <-- 0.009746 s
currentSize : 28 <-- 0.396611 s
currentSize : 29 <-- 1.453763 s
currentSize : 30 <-- 20.299137 s
currentSize : 31 <-- 80.600327 s
currentSize : 32 <-- 508.685303 s

TIMEOUT
maxsize : 32
nodes : 182243060.000000
filtered : 1354520270.000000
time : 1000.000000
