Parameters: GAD=1 vflib=1 dir=0 label=0 vlabel=1 lowerbound=1 fileNameGp=../../cp2016-max-common-connected-subgraph-paper/datasets/graphsdb/mcs30/m2D/m2Dr4/mcs30_m2Dr4_s100.A08 fileNameGt=../../cp2016-max-common-connected-subgraph-paper/datasets/graphsdb/mcs30/m2D/m2Dr4/mcs30_m2Dr4_s100.B08
Reading graphs...
100 :  220
100 :  217
Initializing...
maxdom : 8
D->valSize : 315
Solving...
Blb : 2 (clique : 30)
currentSize : 30 <-- 0.004301 s
currentSize : 31 <-- 0.004564 s
currentSize : 32 <-- 0.007525 s
currentSize : 33 <-- 0.227907 s
currentSize : 34 <-- 16.512606 s
currentSize : 35 <-- 214.848709 s
currentSize : 36 <-- 341.878754 s

TIMEOUT
maxsize : 36
nodes : 179395206.000000
filtered : 965128948.000000
time : 1000.000061
