Parameters: GAD=1 vflib=1 dir=0 label=0 vlabel=1 lowerbound=1 fileNameGp=../../cp2016-max-common-connected-subgraph-paper/datasets/graphsdb/mcs30/rand/r02/mcs30_r02_s70.A07 fileNameGt=../../cp2016-max-common-connected-subgraph-paper/datasets/graphsdb/mcs30/rand/r02/mcs30_r02_s70.B07
Reading graphs...
70 :  862
70 :  851
Initializing...
maxdom : 8
D->valSize : 315
Solving...
Blb : 2 (clique : 9)
currentSize : 9 <-- 0.003839 s
currentSize : 10 <-- 0.003993 s
currentSize : 11 <-- 0.004133 s
currentSize : 12 <-- 0.019215 s
currentSize : 13 <-- 0.077490 s
currentSize : 14 <-- 0.211086 s
currentSize : 16 <-- 0.298432 s
currentSize : 18 <-- 0.298569 s
currentSize : 19 <-- 1.839878 s
currentSize : 21 <-- 1.839975 s

maxsize : 21
nodes : 448033.000000
filtered : 4331684.000000
time : 2.507161
