Parameters: GAD=1 vflib=1 dir=0 label=0 vlabel=1 lowerbound=1 fileNameGp=../../cp2016-max-common-connected-subgraph-paper/datasets/graphsdb/mcs30/m3D/m3Dr6/mcs30_m3Dr6_s80.A01 fileNameGt=../../cp2016-max-common-connected-subgraph-paper/datasets/graphsdb/mcs30/m3D/m3Dr6/mcs30_m3Dr6_s80.B01
Reading graphs...
80 :  227
80 :  227
Initializing...
maxdom : 9
D->valSize : 433
Solving...
Blb : 2 (clique : 24)
currentSize : 24 <-- 0.004345 s
currentSize : 25 <-- 0.004539 s
currentSize : 26 <-- 0.004726 s
currentSize : 27 <-- 0.005632 s
currentSize : 28 <-- 0.010266 s
currentSize : 29 <-- 0.046537 s
currentSize : 30 <-- 0.265075 s
currentSize : 31 <-- 1.853927 s
currentSize : 32 <-- 17.317656 s
currentSize : 33 <-- 127.753761 s
currentSize : 34 <-- 252.103577 s

TIMEOUT
maxsize : 34
nodes : 173558674.000000
filtered : 1550075138.000000
time : 1000.000061
