Parameters: GAD=1 vflib=1 dir=0 label=0 vlabel=1 lowerbound=1 fileNameGp=../../cp2016-max-common-connected-subgraph-paper/datasets/graphsdb/mcs30/bvg/b03m/mcs30_b03m_s60.A07 fileNameGt=../../cp2016-max-common-connected-subgraph-paper/datasets/graphsdb/mcs30/bvg/b03m/mcs30_b03m_s60.B07
Reading graphs...
60 :  90
60 :  90
Initializing...
maxdom : 8
D->valSize : 235
Solving...
Blb : 2 (clique : 24)
currentSize : 24 <-- 0.002723 s
currentSize : 25 <-- 0.002966 s
currentSize : 26 <-- 0.003761 s
currentSize : 27 <-- 0.051224 s
currentSize : 28 <-- 0.424522 s
currentSize : 29 <-- 23.011002 s
currentSize : 30 <-- 79.303619 s

maxsize : 30
nodes : 20065146.000000
filtered : 127815989.000000
time : 91.430862
