Parameters: GAD=1 vflib=1 dir=0 label=0 vlabel=1 lowerbound=1 fileNameGp=../../cp2016-max-common-connected-subgraph-paper/datasets/graphsdb/mcs30/bvg/b06/mcs30_b06_s80.A05 fileNameGt=../../cp2016-max-common-connected-subgraph-paper/datasets/graphsdb/mcs30/bvg/b06/mcs30_b06_s80.B05
Reading graphs...
80 :  238
80 :  237
Initializing...
maxdom : 9
D->valSize : 409
Solving...
Blb : 2 (clique : 23)
currentSize : 23 <-- 0.003897 s
currentSize : 24 <-- 0.004436 s
currentSize : 25 <-- 0.006141 s
currentSize : 26 <-- 0.011168 s
currentSize : 27 <-- 0.012410 s
currentSize : 28 <-- 0.159916 s
currentSize : 29 <-- 93.151794 s
currentSize : 30 <-- 106.664642 s
currentSize : 31 <-- 681.185181 s

TIMEOUT
maxsize : 31
nodes : 176000272.000000
filtered : 1557503244.000000
time : 1000.000000
