Parameters: GAD=1 vflib=1 dir=0 label=0 vlabel=1 lowerbound=1 fileNameGp=../../cp2016-max-common-connected-subgraph-paper/datasets/graphsdb/mcs30/m2D/m2Dr4/mcs30_m2Dr4_s90.A04 fileNameGt=../../cp2016-max-common-connected-subgraph-paper/datasets/graphsdb/mcs30/m2D/m2Dr4/mcs30_m2Dr4_s90.B04
Reading graphs...
90 :  194
90 :  194
Initializing...
maxdom : 9
D->valSize : 518
Solving...
Blb : 2 (clique : 33)
currentSize : 33 <-- 0.006064 s
currentSize : 34 <-- 0.030531 s
currentSize : 35 <-- 0.030802 s
currentSize : 36 <-- 0.032579 s
currentSize : 37 <-- 4.045542 s
currentSize : 38 <-- 8.996476 s
currentSize : 39 <-- 51.002132 s

TIMEOUT
maxsize : 39
nodes : 174179504.000000
filtered : 1342654028.000000
time : 1000.000061
