Parameters: GAD=1 vflib=1 dir=0 label=0 vlabel=1 lowerbound=1 fileNameGp=../../cp2016-max-common-connected-subgraph-paper/datasets/graphsdb/mcs30/rand/r005/mcs30_r005_s90.A08 fileNameGt=../../cp2016-max-common-connected-subgraph-paper/datasets/graphsdb/mcs30/rand/r005/mcs30_r005_s90.B08
Reading graphs...
90 :  394
90 :  389
Initializing...
maxdom : 10
D->valSize : 529
Solving...
Blb : 2 (clique : 22)
currentSize : 22 <-- 0.005986 s
currentSize : 23 <-- 0.018510 s
currentSize : 24 <-- 0.018666 s
currentSize : 25 <-- 0.019234 s
currentSize : 26 <-- 0.493334 s
currentSize : 27 <-- 17.453171 s
currentSize : 28 <-- 79.318184 s

TIMEOUT
maxsize : 28
nodes : 159085171.000000
filtered : 1504105766.000000
time : 1000.000061
