Parameters: GAD=1 vflib=1 dir=0 label=0 vlabel=1 lowerbound=1 fileNameGp=../../cp2016-max-common-connected-subgraph-paper/datasets/graphsdb/mcs30/bvg/b06/mcs30_b06_s50.A05 fileNameGt=../../cp2016-max-common-connected-subgraph-paper/datasets/graphsdb/mcs30/bvg/b06/mcs30_b06_s50.B05
Reading graphs...
50 :  150
50 :  149
Initializing...
maxdom : 10
D->valSize : 311
Solving...
Blb : 2 (clique : 15)
currentSize : 15 <-- 0.002198 s
currentSize : 16 <-- 0.002404 s
currentSize : 17 <-- 0.010196 s
currentSize : 18 <-- 0.044361 s
currentSize : 19 <-- 0.068173 s
currentSize : 20 <-- 0.521589 s
currentSize : 21 <-- 4.785217 s
currentSize : 22 <-- 9.687594 s

maxsize : 22
nodes : 3201107.000000
filtered : 36946999.000000
time : 15.358957
