Parameters: GAD=1 vflib=1 dir=0 label=0 vlabel=1 lowerbound=1 fileNameGp=../../cp2016-max-common-connected-subgraph-paper/datasets/graphsdb/mcs30/bvg/b06/mcs30_b06_s100.A08 fileNameGt=../../cp2016-max-common-connected-subgraph-paper/datasets/graphsdb/mcs30/bvg/b06/mcs30_b06_s100.B08
Reading graphs...
100 :  298
100 :  300
Initializing...
maxdom : 8
D->valSize : 346
Solving...
Blb : 2 (clique : 29)
currentSize : 29 <-- 0.005746 s
currentSize : 30 <-- 0.006199 s
currentSize : 31 <-- 0.010206 s
currentSize : 32 <-- 0.066847 s
currentSize : 33 <-- 30.604759 s
currentSize : 34 <-- 112.509087 s
currentSize : 35 <-- 708.038391 s

TIMEOUT
maxsize : 35
nodes : 183268897.000000
filtered : 735323817.000000
time : 1000.000061
