Parameters: GAD=1 vflib=1 dir=0 label=0 vlabel=1 lowerbound=1 fileNameGp=../../cp2016-max-common-connected-subgraph-paper/datasets/graphsdb/mcs30/m4D/m4D/mcs30_m4D_s50.A02 fileNameGt=../../cp2016-max-common-connected-subgraph-paper/datasets/graphsdb/mcs30/m4D/m4D/mcs30_m4D_s50.B02
Reading graphs...
50 :  87
50 :  87
Initializing...
maxdom : 11
D->valSize : 326
Solving...
Blb : 2 (clique : 21)
currentSize : 21 <-- 0.003923 s
currentSize : 22 <-- 0.004130 s
currentSize : 23 <-- 0.017664 s
currentSize : 24 <-- 0.018889 s
currentSize : 25 <-- 4.115384 s
currentSize : 26 <-- 68.772171 s
currentSize : 27 <-- 102.863533 s

maxsize : 27
nodes : 72293084.000000
filtered : 897492088.000000
time : 387.127228
