Parameters: GAD=1 vflib=1 dir=0 label=0 vlabel=1 lowerbound=1 fileNameGp=../../cp2016-max-common-connected-subgraph-paper/datasets/graphsdb/mcs30/bvg/b06m/mcs30_b06m_s50.A01 fileNameGt=../../cp2016-max-common-connected-subgraph-paper/datasets/graphsdb/mcs30/bvg/b06m/mcs30_b06m_s50.B01
Reading graphs...
50 :  146
50 :  147
Initializing...
maxdom : 10
D->valSize : 330
Solving...
Blb : 5 (clique : 17)
currentSize : 17 <-- 0.003119 s
currentSize : 18 <-- 0.006638 s
currentSize : 19 <-- 0.009620 s
currentSize : 20 <-- 0.267163 s
currentSize : 21 <-- 1.475411 s
currentSize : 22 <-- 50.442295 s
currentSize : 23 <-- 55.786900 s

maxsize : 23
nodes : 22464091.000000
filtered : 264641051.000000
time : 109.538780
