Parameters: GAD=1 vflib=1 dir=0 label=0 vlabel=1 lowerbound=1 fileNameGp=../../cp2016-max-common-connected-subgraph-paper/datasets/graphsdb/mcs30/m4D/m4Dr4/mcs30_m4Dr4_s70.A06 fileNameGt=../../cp2016-max-common-connected-subgraph-paper/datasets/graphsdb/mcs30/m4D/m4Dr4/mcs30_m4Dr4_s70.B06
Reading graphs...
70 :  142
70 :  145
Initializing...
maxdom : 8
D->valSize : 337
Solving...
Blb : 2 (clique : 27)
currentSize : 27 <-- 0.002961 s
currentSize : 28 <-- 0.367266 s
currentSize : 29 <-- 1.517913 s
currentSize : 30 <-- 2.136985 s
currentSize : 31 <-- 48.958019 s
currentSize : 32 <-- 132.420212 s

TIMEOUT
maxsize : 32
nodes : 187136267.000000
filtered : 1466319721.000000
time : 1000.000061
