Parameters: GAD=1 vflib=1 dir=0 label=0 vlabel=1 lowerbound=1 fileNameGp=../../cp2016-max-common-connected-subgraph-paper/datasets/graphsdb/mcs30/bvg/b09m/mcs30_b09m_s60.A00 fileNameGt=../../cp2016-max-common-connected-subgraph-paper/datasets/graphsdb/mcs30/bvg/b09m/mcs30_b09m_s60.B00
Reading graphs...
60 :  259
60 :  263
Initializing...
maxdom : 7
D->valSize : 249
Solving...
Blb : 2 (clique : 16)
currentSize : 16 <-- 0.001885 s
currentSize : 17 <-- 0.003847 s
currentSize : 18 <-- 0.051078 s
currentSize : 19 <-- 0.402786 s
currentSize : 20 <-- 4.924690 s
currentSize : 21 <-- 9.908756 s
currentSize : 22 <-- 11.585706 s

maxsize : 22
nodes : 4148717.000000
filtered : 34039199.000000
time : 19.634151
