Parameters: GAD=1 vflib=1 dir=0 label=0 vlabel=1 lowerbound=1 fileNameGp=../../cp2016-max-common-connected-subgraph-paper/datasets/graphsdb/mcs30/m4D/m4D/mcs30_m4D_s70.A06 fileNameGt=../../cp2016-max-common-connected-subgraph-paper/datasets/graphsdb/mcs30/m4D/m4D/mcs30_m4D_s70.B06
Reading graphs...
70 :  118
70 :  118
Initializing...
maxdom : 8
D->valSize : 322
Solving...
Blb : 2 (clique : 28)
currentSize : 28 <-- 0.002826 s
currentSize : 29 <-- 0.003064 s
currentSize : 30 <-- 0.033542 s
currentSize : 31 <-- 0.214822 s
currentSize : 32 <-- 0.232530 s
currentSize : 33 <-- 0.250118 s
currentSize : 34 <-- 2.783198 s
currentSize : 35 <-- 4.805170 s

TIMEOUT
maxsize : 35
nodes : 209327009.000000
filtered : 1435611710.000000
time : 1000.000061
