Parameters: GAD=1 vflib=1 dir=0 label=0 vlabel=1 lowerbound=1 fileNameGp=../../cp2016-max-common-connected-subgraph-paper/datasets/graphsdb/mcs30/rand/r01/mcs30_r01_s90.A09 fileNameGt=../../cp2016-max-common-connected-subgraph-paper/datasets/graphsdb/mcs30/rand/r01/mcs30_r01_s90.B09
Reading graphs...
90 :  763
90 :  755
Initializing...
maxdom : 12
D->valSize : 522
Solving...
Blb : 2 (clique : 15)
currentSize : 15 <-- 0.005655 s
currentSize : 16 <-- 0.005868 s
currentSize : 17 <-- 0.020580 s
currentSize : 18 <-- 0.051138 s
currentSize : 19 <-- 2.164677 s
currentSize : 20 <-- 24.824396 s
currentSize : 21 <-- 33.175129 s
currentSize : 22 <-- 83.652107 s
currentSize : 23 <-- 183.907654 s
currentSize : 24 <-- 225.293869 s
currentSize : 25 <-- 376.495483 s
currentSize : 27 <-- 487.496002 s

maxsize : 27
nodes : 128564957.000000
filtered : 1485155949.000000
time : 835.451050
