Parameters: GAD=1 vflib=1 dir=0 label=0 vlabel=1 lowerbound=1 fileNameGp=../../cp2016-max-common-connected-subgraph-paper/datasets/graphsdb/mcs30/m4D/m4Dr6/mcs30_m4Dr6_s90.A09 fileNameGt=../../cp2016-max-common-connected-subgraph-paper/datasets/graphsdb/mcs30/m4D/m4Dr6/mcs30_m4Dr6_s90.B09
Reading graphs...
90 :  197
90 :  199
Initializing...
maxdom : 9
D->valSize : 513
Solving...
Blb : 2 (clique : 31)
currentSize : 31 <-- 0.006142 s
currentSize : 32 <-- 0.007168 s
currentSize : 33 <-- 0.017732 s
currentSize : 34 <-- 0.287796 s
currentSize : 35 <-- 1.340592 s
currentSize : 36 <-- 23.355740 s
currentSize : 37 <-- 31.953468 s

TIMEOUT
maxsize : 37
nodes : 178603425.000000
filtered : 1281234975.000000
time : 1000.000061
