Parameters: GAD=1 vflib=1 dir=0 label=0 vlabel=1 lowerbound=1 fileNameGp=../../cp2016-max-common-connected-subgraph-paper/datasets/graphsdb/mcs30/m2D/m2Dr2/mcs30_m2Dr2_s100.A07 fileNameGt=../../cp2016-max-common-connected-subgraph-paper/datasets/graphsdb/mcs30/m2D/m2Dr2/mcs30_m2Dr2_s100.B07
Reading graphs...
100 :  196
100 :  200
Initializing...
maxdom : 7
D->valSize : 338
Solving...
Blb : 2 (clique : 31)
currentSize : 31 <-- 0.005726 s
currentSize : 32 <-- 0.006248 s
currentSize : 33 <-- 0.011003 s
currentSize : 34 <-- 0.223882 s
currentSize : 35 <-- 0.557205 s
currentSize : 36 <-- 40.030537 s
currentSize : 37 <-- 268.001282 s

TIMEOUT
maxsize : 37
nodes : 191547532.000000
filtered : 714514873.000000
time : 1000.000061
