Parameters: GAD=1 vflib=1 dir=0 label=0 vlabel=1 lowerbound=1 fileNameGp=../../cp2016-max-common-connected-subgraph-paper/datasets/graphsdb/mcs30/m2D/m2Dr4/mcs30_m2Dr4_s60.A08 fileNameGt=../../cp2016-max-common-connected-subgraph-paper/datasets/graphsdb/mcs30/m2D/m2Dr4/mcs30_m2Dr4_s60.B08
Reading graphs...
60 :  127
60 :  123
Initializing...
maxdom : 8
D->valSize : 227
Solving...
Blb : 2 (clique : 21)
currentSize : 21 <-- 0.002605 s
currentSize : 22 <-- 0.002825 s
currentSize : 23 <-- 0.005489 s
currentSize : 24 <-- 0.076755 s
currentSize : 25 <-- 0.194585 s
currentSize : 26 <-- 0.201755 s
currentSize : 27 <-- 2.537374 s

maxsize : 27
nodes : 63758040.000000
filtered : 458180196.000000
time : 289.837524
