Parameters: GAD=1 vflib=1 dir=0 label=0 vlabel=1 lowerbound=1 fileNameGp=../../cp2016-max-common-connected-subgraph-paper/datasets/graphsdb/mcs30/m4D/m4Dr4/mcs30_m4Dr4_s60.A01 fileNameGt=../../cp2016-max-common-connected-subgraph-paper/datasets/graphsdb/mcs30/m4D/m4Dr4/mcs30_m4Dr4_s60.B01
Reading graphs...
60 :  124
60 :  124
Initializing...
maxdom : 6
D->valSize : 237
Solving...
Blb : 2 (clique : 19)
currentSize : 19 <-- 0.001840 s
currentSize : 20 <-- 0.001942 s
currentSize : 21 <-- 0.022066 s
currentSize : 22 <-- 0.097697 s
currentSize : 23 <-- 0.408434 s
currentSize : 25 <-- 0.408603 s
currentSize : 26 <-- 16.695684 s
currentSize : 27 <-- 16.699329 s
currentSize : 28 <-- 26.272921 s

maxsize : 28
nodes : 14576632.000000
filtered : 102561969.000000
time : 66.317352
