Parameters: GAD=1 vflib=1 dir=0 label=0 vlabel=1 lowerbound=1 fileNameGp=../../cp2016-max-common-connected-subgraph-paper/datasets/graphsdb/mcs30/m2D/m2Dr2/mcs30_m2Dr2_s70.A09 fileNameGt=../../cp2016-max-common-connected-subgraph-paper/datasets/graphsdb/mcs30/m2D/m2Dr2/mcs30_m2Dr2_s70.B09
Reading graphs...
70 :  136
70 :  136
Initializing...
maxdom : 9
D->valSize : 333
Solving...
Blb : 3 (clique : 26)
currentSize : 26 <-- 0.002900 s
currentSize : 27 <-- 0.003981 s
currentSize : 28 <-- 0.851865 s
currentSize : 29 <-- 9.997283 s
currentSize : 30 <-- 10.141000 s
currentSize : 31 <-- 364.593445 s
currentSize : 32 <-- 595.867249 s

TIMEOUT
maxsize : 32
nodes : 205613245.000000
filtered : 1637310623.000000
time : 1000.000061
