Parameters: GAD=1 vflib=1 dir=0 label=0 vlabel=1 lowerbound=1 fileNameGp=../../cp2016-max-common-connected-subgraph-paper/datasets/graphsdb/mcs30/m2D/m2D/mcs30_m2D_s50.A02 fileNameGt=../../cp2016-max-common-connected-subgraph-paper/datasets/graphsdb/mcs30/m2D/m2D/mcs30_m2D_s50.B02
Reading graphs...
50 :  85
50 :  85
Initializing...
maxdom : 8
D->valSize : 324
Solving...
Blb : 2 (clique : 20)
currentSize : 20 <-- 0.002408 s
currentSize : 22 <-- 0.002515 s
currentSize : 23 <-- 0.005239 s
currentSize : 24 <-- 0.318840 s
currentSize : 25 <-- 2.724318 s
currentSize : 26 <-- 16.169779 s
currentSize : 27 <-- 17.346933 s
currentSize : 28 <-- 54.393780 s
currentSize : 29 <-- 78.009438 s

maxsize : 29
nodes : 23123700.000000
filtered : 241213547.000000
time : 108.418495
