Parameters: GAD=1 vflib=1 dir=0 label=0 vlabel=1 lowerbound=1 fileNameGp=../../cp2016-max-common-connected-subgraph-paper/datasets/graphsdb/mcs30/rand/r01/mcs30_r01_s100.A03 fileNameGt=../../cp2016-max-common-connected-subgraph-paper/datasets/graphsdb/mcs30/rand/r01/mcs30_r01_s100.B03
Reading graphs...
100 :  936
100 :  934
Initializing...
maxdom : 8
D->valSize : 331
Solving...
Blb : 2 (clique : 16)
currentSize : 16 <-- 0.003256 s
currentSize : 18 <-- 0.003440 s
currentSize : 19 <-- 0.005193 s
currentSize : 20 <-- 0.005257 s
currentSize : 21 <-- 0.005948 s
currentSize : 22 <-- 0.006062 s
currentSize : 24 <-- 0.012754 s
currentSize : 26 <-- 0.013739 s
currentSize : 27 <-- 19.060328 s
currentSize : 30 <-- 19.094524 s

maxsize : 30
nodes : 6349605.000000
filtered : 57729181.000000
time : 42.930794
