Parameters: GAD=1 vflib=1 dir=0 label=0 vlabel=1 lowerbound=1 fileNameGp=../../cp2016-max-common-connected-subgraph-paper/datasets/graphsdb/mcs30/rand/r005/mcs30_r005_s60.A03 fileNameGt=../../cp2016-max-common-connected-subgraph-paper/datasets/graphsdb/mcs30/rand/r005/mcs30_r005_s60.B03
Reading graphs...
60 :  177
60 :  177
Initializing...
maxdom : 8
D->valSize : 250
Solving...
Blb : 2 (clique : 17)
currentSize : 17 <-- 0.002818 s
currentSize : 19 <-- 0.002961 s
currentSize : 20 <-- 0.020868 s
currentSize : 21 <-- 3.291156 s
currentSize : 22 <-- 11.178245 s
currentSize : 23 <-- 35.035812 s
currentSize : 24 <-- 89.440163 s

maxsize : 24
nodes : 47052739.000000
filtered : 350990074.000000
time : 227.957001
