Parameters: GAD=1 vflib=1 dir=0 label=0 vlabel=1 lowerbound=1 fileNameGp=../../cp2016-max-common-connected-subgraph-paper/datasets/graphsdb/mcs30/m4D/m4Dr2/mcs30_m4Dr2_s80.A00 fileNameGt=../../cp2016-max-common-connected-subgraph-paper/datasets/graphsdb/mcs30/m4D/m4Dr2/mcs30_m4Dr2_s80.B00
Reading graphs...
80 :  144
80 :  146
Initializing...
maxdom : 9
D->valSize : 400
Solving...
Blb : 3 (clique : 29)
currentSize : 29 <-- 0.003942 s
currentSize : 30 <-- 0.004422 s
currentSize : 31 <-- 0.738477 s
currentSize : 32 <-- 25.239931 s
currentSize : 33 <-- 60.581322 s
currentSize : 34 <-- 332.644958 s
currentSize : 35 <-- 419.739777 s

TIMEOUT
maxsize : 35
nodes : 188747564.000000
filtered : 1563150841.000000
time : 1000.000061
