Parameters: GAD=1 vflib=1 dir=0 label=0 vlabel=1 lowerbound=1 fileNameGp=../../cp2016-max-common-connected-subgraph-paper/datasets/graphsdb/mcs30/m4D/m4D/mcs30_m4D_s80.A08 fileNameGt=../../cp2016-max-common-connected-subgraph-paper/datasets/graphsdb/mcs30/m4D/m4D/mcs30_m4D_s80.B08
Reading graphs...
80 :  131
80 :  130
Initializing...
maxdom : 10
D->valSize : 426
Solving...
Blb : 5 (clique : 29)
currentSize : 29 <-- 0.004470 s
currentSize : 30 <-- 1.524456 s
currentSize : 31 <-- 1.529015 s
currentSize : 32 <-- 2.005187 s
currentSize : 33 <-- 4.028408 s
currentSize : 34 <-- 6.334227 s
currentSize : 35 <-- 17.397837 s
currentSize : 36 <-- 132.669739 s
currentSize : 37 <-- 147.294205 s

TIMEOUT
maxsize : 37
nodes : 177042153.000000
filtered : 1727904606.000000
time : 1000.000061
