Parameters: GAD=1 vflib=1 dir=0 label=0 vlabel=1 lowerbound=1 fileNameGp=../../cp2016-max-common-connected-subgraph-paper/datasets/graphsdb/mcs30/m4D/m4D/mcs30_m4D_s80.A05 fileNameGt=../../cp2016-max-common-connected-subgraph-paper/datasets/graphsdb/mcs30/m4D/m4D/mcs30_m4D_s80.B05
Reading graphs...
80 :  129
80 :  130
Initializing...
maxdom : 10
D->valSize : 439
Solving...
Blb : 2 (clique : 33)
currentSize : 33 <-- 0.007516 s
currentSize : 34 <-- 0.007910 s
currentSize : 35 <-- 0.008095 s
currentSize : 36 <-- 0.121695 s
currentSize : 37 <-- 0.287884 s
currentSize : 38 <-- 53.121956 s
currentSize : 39 <-- 96.134003 s
currentSize : 40 <-- 542.671021 s

TIMEOUT
maxsize : 40
nodes : 193911394.000000
filtered : 1386363741.000000
time : 1000.000061
