Parameters: GAD=1 vflib=1 dir=0 label=0 vlabel=1 lowerbound=1 fileNameGp=../../cp2016-max-common-connected-subgraph-paper/datasets/graphsdb/mcs30/bvg/b03/mcs30_b03_s60.A03 fileNameGt=../../cp2016-max-common-connected-subgraph-paper/datasets/graphsdb/mcs30/bvg/b03/mcs30_b03_s60.B03
Reading graphs...
60 :  90
60 :  89
Initializing...
maxdom : 7
D->valSize : 246
Solving...
Blb : 2 (clique : 25)
currentSize : 25 <-- 0.002024 s
currentSize : 26 <-- 0.005113 s
currentSize : 27 <-- 0.046954 s
currentSize : 28 <-- 0.080496 s
currentSize : 29 <-- 0.476851 s
currentSize : 30 <-- 6.580606 s
currentSize : 31 <-- 15.423246 s
currentSize : 32 <-- 15.799999 s

maxsize : 32
nodes : 33877081.000000
filtered : 252749998.000000
time : 159.187363
