Parameters: GAD=1 vflib=1 dir=0 label=0 vlabel=1 lowerbound=1 fileNameGp=../../cp2016-max-common-connected-subgraph-paper/datasets/graphsdb/mcs30/m3D/m3Dr2/mcs30_m3Dr2_s80.A07 fileNameGt=../../cp2016-max-common-connected-subgraph-paper/datasets/graphsdb/mcs30/m3D/m3Dr2/mcs30_m3Dr2_s80.B07
Reading graphs...
80 :  200
80 :  200
Initializing...
maxdom : 8
D->valSize : 425
Solving...
Blb : 2 (clique : 23)
currentSize : 23 <-- 0.006749 s
currentSize : 24 <-- 0.008512 s
currentSize : 25 <-- 0.014164 s
currentSize : 26 <-- 0.150370 s
currentSize : 27 <-- 0.974444 s
currentSize : 28 <-- 2.432401 s
currentSize : 29 <-- 3.432545 s
currentSize : 30 <-- 202.554062 s

TIMEOUT
maxsize : 30
nodes : 176102644.000000
filtered : 1662063330.000000
time : 1000.000061
