Parameters: GAD=1 vflib=1 dir=0 label=0 vlabel=1 lowerbound=1 fileNameGp=../../cp2016-max-common-connected-subgraph-paper/datasets/graphsdb/mcs30/bvg/b09/mcs30_b09_s70.A07 fileNameGt=../../cp2016-max-common-connected-subgraph-paper/datasets/graphsdb/mcs30/bvg/b09/mcs30_b09_s70.B07
Reading graphs...
70 :  308
70 :  309
Initializing...
maxdom : 7
D->valSize : 323
Solving...
Blb : 3 (clique : 17)
currentSize : 17 <-- 0.002567 s
currentSize : 18 <-- 0.003504 s
currentSize : 19 <-- 0.006010 s
currentSize : 20 <-- 0.298036 s
currentSize : 21 <-- 0.302705 s
currentSize : 22 <-- 0.504626 s
currentSize : 23 <-- 0.509105 s
currentSize : 24 <-- 0.518501 s
currentSize : 25 <-- 1.963769 s
currentSize : 26 <-- 23.460897 s

maxsize : 26
nodes : 108966037.000000
filtered : 985799805.000000
time : 590.976379
