Parameters: GAD=1 vflib=1 dir=0 label=0 vlabel=1 lowerbound=1 fileNameGp=../../cp2016-max-common-connected-subgraph-paper/datasets/graphsdb/mcs30/m2D/m2Dr2/mcs30_m2Dr2_s60.A00 fileNameGt=../../cp2016-max-common-connected-subgraph-paper/datasets/graphsdb/mcs30/m2D/m2Dr2/mcs30_m2Dr2_s60.B00
Reading graphs...
60 :  114
60 :  114
Initializing...
maxdom : 9
D->valSize : 288
Solving...
Blb : 2 (clique : 21)
currentSize : 21 <-- 0.002208 s
currentSize : 22 <-- 0.002372 s
currentSize : 24 <-- 0.033343 s
currentSize : 25 <-- 0.074527 s
currentSize : 26 <-- 20.868109 s
currentSize : 27 <-- 530.161377 s

TIMEOUT
maxsize : 27
nodes : 205657384.000000
filtered : 1667515805.000000
time : 1000.000061
