Parameters: GAD=1 vflib=1 dir=0 label=0 vlabel=1 lowerbound=1 fileNameGp=../../cp2016-max-common-connected-subgraph-paper/datasets/graphsdb/mcs30/m3D/m3Dr4/mcs30_m3Dr4_s100.A06 fileNameGt=../../cp2016-max-common-connected-subgraph-paper/datasets/graphsdb/mcs30/m3D/m3Dr4/mcs30_m3Dr4_s100.B06
Reading graphs...
100 :  272
100 :  272
Initializing...
maxdom : 7
D->valSize : 327
Solving...
Blb : 3 (clique : 26)
currentSize : 26 <-- 0.005378 s
currentSize : 27 <-- 0.008412 s
currentSize : 28 <-- 0.015956 s
currentSize : 29 <-- 0.023151 s
currentSize : 30 <-- 0.075799 s
currentSize : 31 <-- 0.287919 s
currentSize : 32 <-- 1.866224 s
currentSize : 33 <-- 20.354481 s
currentSize : 34 <-- 100.558945 s
currentSize : 35 <-- 101.019485 s
currentSize : 36 <-- 102.958069 s
currentSize : 37 <-- 427.629303 s
currentSize : 38 <-- 440.956299 s

TIMEOUT
maxsize : 38
nodes : 181908408.000000
filtered : 818945587.000000
time : 1000.000061
