Parameters: GAD=1 vflib=1 dir=0 label=0 vlabel=1 lowerbound=1 fileNameGp=../../cp2016-max-common-connected-subgraph-paper/datasets/graphsdb/mcs30/m2D/m2D/mcs30_m2D_s90.A03 fileNameGt=../../cp2016-max-common-connected-subgraph-paper/datasets/graphsdb/mcs30/m2D/m2D/mcs30_m2D_s90.B03
Reading graphs...
90 :  161
90 :  161
Initializing...
maxdom : 10
D->valSize : 525
Solving...
Blb : 2 (clique : 35)
currentSize : 35 <-- 0.006196 s
currentSize : 36 <-- 0.006511 s
currentSize : 37 <-- 0.012794 s
currentSize : 38 <-- 0.018187 s
currentSize : 39 <-- 0.599097 s
currentSize : 40 <-- 12.006259 s
currentSize : 41 <-- 277.978821 s

TIMEOUT
maxsize : 41
nodes : 180250133.000000
filtered : 1171925374.000000
time : 1000.000122
