Parameters: GAD=1 vflib=1 dir=0 label=0 vlabel=1 lowerbound=1 fileNameGp=../../cp2016-max-common-connected-subgraph-paper/datasets/graphsdb/mcs30/m2D/m2Dr6/mcs30_m2Dr6_s90.A04 fileNameGt=../../cp2016-max-common-connected-subgraph-paper/datasets/graphsdb/mcs30/m2D/m2Dr6/mcs30_m2Dr6_s90.B04
Reading graphs...
90 :  213
90 :  210
Initializing...
maxdom : 9
D->valSize : 535
Solving...
Blb : 5 (clique : 29)
currentSize : 29 <-- 0.006106 s
currentSize : 30 <-- 0.006658 s
currentSize : 31 <-- 0.007980 s
currentSize : 32 <-- 0.030543 s
currentSize : 33 <-- 0.325560 s
currentSize : 34 <-- 28.015247 s
currentSize : 35 <-- 282.156097 s

TIMEOUT
maxsize : 35
nodes : 188923041.000000
filtered : 1118955361.000000
time : 1000.000061
