Parameters: GAD=1 vflib=1 dir=0 label=0 vlabel=1 lowerbound=1 fileNameGp=../../cp2016-max-common-connected-subgraph-paper/datasets/graphsdb/mcs30/bvg/b03/mcs30_b03_s70.A06 fileNameGt=../../cp2016-max-common-connected-subgraph-paper/datasets/graphsdb/mcs30/bvg/b03/mcs30_b03_s70.B06
Reading graphs...
70 :  105
70 :  105
Initializing...
maxdom : 8
D->valSize : 333
Solving...
Blb : 5 (clique : 29)
currentSize : 29 <-- 0.002989 s
currentSize : 30 <-- 0.038211 s
currentSize : 31 <-- 0.071829 s
currentSize : 32 <-- 0.106235 s
currentSize : 33 <-- 122.168251 s
currentSize : 34 <-- 429.601715 s
currentSize : 35 <-- 499.090118 s

TIMEOUT
maxsize : 35
nodes : 190652774.000000
filtered : 1590397707.000000
time : 1000.000000
