Parameters: GAD=1 vflib=1 dir=0 label=0 vlabel=1 lowerbound=1 fileNameGp=../../cp2016-max-common-connected-subgraph-paper/datasets/graphsdb/mcs30/m2D/m2Dr2/mcs30_m2Dr2_s90.A07 fileNameGt=../../cp2016-max-common-connected-subgraph-paper/datasets/graphsdb/mcs30/m2D/m2Dr2/mcs30_m2Dr2_s90.B07
Reading graphs...
90 :  178
90 :  178
Initializing...
maxdom : 9
D->valSize : 517
Solving...
Blb : 2 (clique : 33)
currentSize : 33 <-- 0.009723 s
currentSize : 34 <-- 0.010245 s
currentSize : 35 <-- 0.047703 s
currentSize : 36 <-- 0.644536 s
currentSize : 37 <-- 2.032601 s
currentSize : 38 <-- 402.608032 s

TIMEOUT
maxsize : 38
nodes : 153107094.000000
filtered : 1297588781.000000
time : 1000.000061
