Parameters: GAD=1 vflib=1 dir=0 label=0 vlabel=1 lowerbound=1 fileNameGp=../../cp2016-max-common-connected-subgraph-paper/datasets/graphsdb/mcs30/rand/r005/mcs30_r005_s100.A08 fileNameGt=../../cp2016-max-common-connected-subgraph-paper/datasets/graphsdb/mcs30/rand/r005/mcs30_r005_s100.B08
Reading graphs...
100 :  482
100 :  482
Initializing...
maxdom : 8
D->valSize : 358
Solving...
Blb : 2 (clique : 24)
currentSize : 24 <-- 0.003489 s
currentSize : 25 <-- 0.003697 s
currentSize : 26 <-- 0.033585 s
currentSize : 27 <-- 0.223160 s
currentSize : 28 <-- 22.891356 s
currentSize : 29 <-- 23.300558 s
currentSize : 30 <-- 25.970503 s

TIMEOUT
maxsize : 30
nodes : 161674012.000000
filtered : 1032166643.000000
time : 1000.000061
