Parameters: GAD=1 vflib=1 dir=0 label=0 vlabel=1 lowerbound=1 fileNameGp=../../cp2016-max-common-connected-subgraph-paper/datasets/graphsdb/mcs30/bvg/b03m/mcs30_b03m_s60.A05 fileNameGt=../../cp2016-max-common-connected-subgraph-paper/datasets/graphsdb/mcs30/bvg/b03m/mcs30_b03m_s60.B05
Reading graphs...
60 :  90
60 :  90
Initializing...
maxdom : 8
D->valSize : 248
Solving...
Blb : 2 (clique : 23)
currentSize : 23 <-- 0.001777 s
currentSize : 24 <-- 0.001917 s
currentSize : 25 <-- 0.001981 s
currentSize : 26 <-- 0.002233 s
currentSize : 27 <-- 0.012428 s
currentSize : 28 <-- 0.852912 s
currentSize : 29 <-- 3.094499 s
currentSize : 30 <-- 121.701546 s

maxsize : 30
nodes : 60544295.000000
filtered : 387928150.000000
time : 267.046844
