Parameters: GAD=1 vflib=1 dir=0 label=0 vlabel=1 lowerbound=1 fileNameGp=../../cp2016-max-common-connected-subgraph-paper/datasets/graphsdb/mcs30/m4D/m4Dr4/mcs30_m4Dr4_s60.A03 fileNameGt=../../cp2016-max-common-connected-subgraph-paper/datasets/graphsdb/mcs30/m4D/m4Dr4/mcs30_m4Dr4_s60.B03
Reading graphs...
60 :  124
60 :  123
Initializing...
maxdom : 8
D->valSize : 272
Solving...
Blb : 5 (clique : 22)
currentSize : 22 <-- 0.001998 s
currentSize : 23 <-- 0.003063 s
currentSize : 24 <-- 0.077110 s
currentSize : 25 <-- 0.085409 s
currentSize : 26 <-- 1.997072 s
currentSize : 27 <-- 2.269731 s

TIMEOUT
maxsize : 27
nodes : 215380217.000000
filtered : 1684894418.000000
time : 1000.000000
