Parameters: GAD=1 vflib=1 dir=0 label=0 vlabel=1 lowerbound=1 fileNameGp=../../cp2016-max-common-connected-subgraph-paper/datasets/graphsdb/mcs30/bvg/b09m/mcs30_b09m_s70.A09 fileNameGt=../../cp2016-max-common-connected-subgraph-paper/datasets/graphsdb/mcs30/bvg/b09m/mcs30_b09m_s70.B09
Reading graphs...
70 :  308
70 :  308
Initializing...
maxdom : 9
D->valSize : 322
Solving...
Blb : 2 (clique : 19)
currentSize : 19 <-- 0.002562 s
currentSize : 20 <-- 0.193818 s
currentSize : 21 <-- 0.194143 s
currentSize : 22 <-- 0.413863 s
currentSize : 23 <-- 1.258375 s
currentSize : 24 <-- 5.883513 s
currentSize : 25 <-- 56.412407 s

maxsize : 25
nodes : 81226641.000000
filtered : 706496904.000000
time : 433.937378
