Parameters: GAD=1 vflib=1 dir=0 label=0 vlabel=1 lowerbound=1 fileNameGp=../../cp2016-max-common-connected-subgraph-paper/datasets/graphsdb/mcs30/m4D/m4Dr2/mcs30_m4Dr2_s50.A02 fileNameGt=../../cp2016-max-common-connected-subgraph-paper/datasets/graphsdb/mcs30/m4D/m4Dr2/mcs30_m4Dr2_s50.B02
Reading graphs...
50 :  94
50 :  96
Initializing...
maxdom : 9
D->valSize : 315
Solving...
Blb : 2 (clique : 21)
currentSize : 21 <-- 0.002413 s
currentSize : 22 <-- 0.002595 s
currentSize : 23 <-- 0.216629 s
currentSize : 24 <-- 0.379922 s
currentSize : 25 <-- 2.345442 s
currentSize : 26 <-- 55.732040 s

maxsize : 26
nodes : 39129845.000000
filtered : 443269816.000000
time : 189.698425
