Parameters: GAD=1 vflib=1 dir=0 label=0 vlabel=1 lowerbound=1 fileNameGp=../../cp2016-max-common-connected-subgraph-paper/datasets/graphsdb/mcs30/bvg/b03m/mcs30_b03m_s50.A06 fileNameGt=../../cp2016-max-common-connected-subgraph-paper/datasets/graphsdb/mcs30/bvg/b03m/mcs30_b03m_s50.B06
Reading graphs...
50 :  75
50 :  75
Initializing...
maxdom : 8
D->valSize : 314
Solving...
Blb : 3 (clique : 21)
currentSize : 21 <-- 0.002232 s
currentSize : 22 <-- 0.005993 s
currentSize : 23 <-- 0.008703 s
currentSize : 24 <-- 0.009087 s
currentSize : 25 <-- 9.715174 s
currentSize : 26 <-- 23.760927 s
currentSize : 27 <-- 31.235523 s

maxsize : 27
nodes : 10696646.000000
filtered : 96797755.000000
time : 46.543182
