Parameters: GAD=1 vflib=1 dir=0 label=0 vlabel=1 lowerbound=1 fileNameGp=../../cp2016-max-common-connected-subgraph-paper/datasets/graphsdb/mcs30/m4D/m4Dr6/mcs30_m4Dr6_s80.A08 fileNameGt=../../cp2016-max-common-connected-subgraph-paper/datasets/graphsdb/mcs30/m4D/m4Dr6/mcs30_m4Dr6_s80.B08
Reading graphs...
80 :  174
80 :  176
Initializing...
maxdom : 10
D->valSize : 401
Solving...
Blb : 5 (clique : 26)
currentSize : 26 <-- 0.004877 s
currentSize : 27 <-- 0.005640 s
currentSize : 28 <-- 0.653889 s
currentSize : 29 <-- 0.654687 s
currentSize : 30 <-- 4.814455 s
currentSize : 31 <-- 13.145319 s
currentSize : 32 <-- 14.016874 s
currentSize : 33 <-- 530.935913 s

TIMEOUT
maxsize : 33
nodes : 179675576.000000
filtered : 1665817292.000000
time : 1000.000061
