Parameters: GAD=1 vflib=1 dir=0 label=0 vlabel=1 lowerbound=1 fileNameGp=../../cp2016-max-common-connected-subgraph-paper/datasets/graphsdb/mcs30/rand/r005/mcs30_r005_s80.A01 fileNameGt=../../cp2016-max-common-connected-subgraph-paper/datasets/graphsdb/mcs30/rand/r005/mcs30_r005_s80.B01
Reading graphs...
80 :  304
80 :  307
Initializing...
maxdom : 10
D->valSize : 448
Solving...
Blb : 2 (clique : 22)
currentSize : 22 <-- 0.004362 s
currentSize : 23 <-- 0.004568 s
currentSize : 24 <-- 0.040873 s
currentSize : 25 <-- 0.043878 s
currentSize : 26 <-- 0.077617 s
currentSize : 27 <-- 0.869199 s
currentSize : 28 <-- 843.871338 s

TIMEOUT
maxsize : 28
nodes : 173506066.000000
filtered : 1449394722.000000
time : 1000.000000
