Parameters: GAD=1 vflib=1 dir=0 label=0 vlabel=1 lowerbound=1 fileNameGp=../../cp2016-max-common-connected-subgraph-paper/datasets/graphsdb/mcs30/m4D/m4D/mcs30_m4D_s80.A04 fileNameGt=../../cp2016-max-common-connected-subgraph-paper/datasets/graphsdb/mcs30/m4D/m4D/mcs30_m4D_s80.B04
Reading graphs...
80 :  130
80 :  131
Initializing...
maxdom : 11
D->valSize : 406
Solving...
Blb : 2 (clique : 28)
currentSize : 28 <-- 0.003879 s
currentSize : 29 <-- 0.006814 s
currentSize : 30 <-- 0.012933 s
currentSize : 31 <-- 0.045171 s
currentSize : 32 <-- 0.045650 s
currentSize : 33 <-- 113.002724 s
currentSize : 34 <-- 160.059723 s
currentSize : 35 <-- 366.325867 s

TIMEOUT
maxsize : 35
nodes : 207426425.000000
filtered : 1533895839.000000
time : 1000.000061
