Parameters: GAD=1 vflib=1 dir=0 label=0 vlabel=1 lowerbound=1 fileNameGp=../../cp2016-max-common-connected-subgraph-paper/datasets/graphsdb/mcs30/m2D/m2Dr4/mcs30_m2Dr4_s70.A02 fileNameGt=../../cp2016-max-common-connected-subgraph-paper/datasets/graphsdb/mcs30/m2D/m2Dr4/mcs30_m2Dr4_s70.B02
Reading graphs...
70 :  149
70 :  149
Initializing...
maxdom : 9
D->valSize : 339
Solving...
Blb : 2 (clique : 24)
currentSize : 24 <-- 0.002976 s
currentSize : 25 <-- 0.003683 s
currentSize : 26 <-- 0.006230 s
currentSize : 27 <-- 0.043392 s
currentSize : 28 <-- 0.655652 s
currentSize : 29 <-- 0.822038 s
currentSize : 30 <-- 97.359032 s
currentSize : 31 <-- 127.228500 s
currentSize : 32 <-- 364.603210 s
currentSize : 34 <-- 651.262756 s
currentSize : 35 <-- 683.641418 s

maxsize : 35
nodes : 167959552.000000
filtered : 1587295287.000000
time : 941.346619
