Parameters: GAD=1 vflib=1 dir=0 label=0 vlabel=1 lowerbound=1 fileNameGp=../../cp2016-max-common-connected-subgraph-paper/datasets/graphsdb/mcs30/rand/r02/mcs30_r02_s90.A07 fileNameGt=../../cp2016-max-common-connected-subgraph-paper/datasets/graphsdb/mcs30/rand/r02/mcs30_r02_s90.B07
Reading graphs...
90 :  1419
90 :  1415
Initializing...
maxdom : 10
D->valSize : 537
Solving...
Blb : 2 (clique : 10)
currentSize : 10 <-- 0.009075 s
currentSize : 11 <-- 0.009390 s
currentSize : 12 <-- 0.010368 s
currentSize : 13 <-- 0.125513 s
currentSize : 14 <-- 0.312879 s
currentSize : 15 <-- 2.666614 s
currentSize : 16 <-- 2.666915 s
currentSize : 17 <-- 12.647744 s
currentSize : 18 <-- 31.134460 s
currentSize : 21 <-- 33.766243 s
currentSize : 27 <-- 37.562759 s

maxsize : 27
nodes : 7995734.000000
filtered : 84139107.000000
time : 52.535397
