Parameters: GAD=1 vflib=1 dir=0 label=0 vlabel=1 lowerbound=1 fileNameGp=../../cp2016-max-common-connected-subgraph-paper/datasets/graphsdb/mcs30/m4D/m4D/mcs30_m4D_s70.A02 fileNameGt=../../cp2016-max-common-connected-subgraph-paper/datasets/graphsdb/mcs30/m4D/m4D/mcs30_m4D_s70.B02
Reading graphs...
70 :  117
70 :  118
Initializing...
maxdom : 9
D->valSize : 326
Solving...
Blb : 2 (clique : 27)
currentSize : 27 <-- 0.002890 s
currentSize : 28 <-- 0.003370 s
currentSize : 29 <-- 0.003861 s
currentSize : 30 <-- 2.149275 s
currentSize : 31 <-- 11.418699 s
currentSize : 32 <-- 94.211349 s
currentSize : 33 <-- 624.899109 s

TIMEOUT
maxsize : 33
nodes : 206327977.000000
filtered : 1512344357.000000
time : 1000.000061
