Parameters: GAD=1 vflib=1 dir=0 label=0 vlabel=1 lowerbound=1 fileNameGp=../../cp2016-max-common-connected-subgraph-paper/datasets/graphsdb/mcs30/rand/r01/mcs30_r01_s50.A05 fileNameGt=../../cp2016-max-common-connected-subgraph-paper/datasets/graphsdb/mcs30/rand/r01/mcs30_r01_s50.B05
Reading graphs...
50 :  233
50 :  227
Initializing...
maxdom : 10
D->valSize : 325
Solving...
Blb : 5 (clique : 12)
currentSize : 12 <-- 0.002601 s
currentSize : 13 <-- 0.002726 s
currentSize : 15 <-- 0.002804 s
currentSize : 16 <-- 0.018605 s
currentSize : 17 <-- 4.561388 s
currentSize : 18 <-- 18.344139 s

maxsize : 18
nodes : 8991814.000000
filtered : 84387789.000000
time : 40.852127
