Parameters: GAD=1 vflib=1 dir=0 label=0 vlabel=1 lowerbound=1 fileNameGp=../../cp2016-max-common-connected-subgraph-paper/datasets/graphsdb/mcs30/m2D/m2Dr6/mcs30_m2Dr6_s70.A07 fileNameGt=../../cp2016-max-common-connected-subgraph-paper/datasets/graphsdb/mcs30/m2D/m2Dr6/mcs30_m2Dr6_s70.B07
Reading graphs...
70 :  162
70 :  162
Initializing...
maxdom : 8
D->valSize : 355
Solving...
Blb : 2 (clique : 24)
currentSize : 24 <-- 0.004122 s
currentSize : 25 <-- 0.004347 s
currentSize : 26 <-- 0.023020 s
currentSize : 27 <-- 0.023126 s
currentSize : 28 <-- 0.026850 s
currentSize : 29 <-- 0.083599 s
currentSize : 30 <-- 0.098388 s
currentSize : 31 <-- 0.211232 s
currentSize : 32 <-- 0.633090 s
currentSize : 33 <-- 6.843284 s

TIMEOUT
maxsize : 33
nodes : 177393930.000000
filtered : 1661930409.000000
time : 1000.000061
