Parameters: GAD=1 vflib=1 dir=0 label=0 vlabel=1 lowerbound=1 fileNameGp=../../cp2016-max-common-connected-subgraph-paper/datasets/graphsdb/mcs30/m4D/m4Dr4/mcs30_m4Dr4_s60.A02 fileNameGt=../../cp2016-max-common-connected-subgraph-paper/datasets/graphsdb/mcs30/m4D/m4Dr4/mcs30_m4Dr4_s60.B02
Reading graphs...
60 :  124
60 :  123
Initializing...
maxdom : 6
D->valSize : 230
Solving...
Blb : 2 (clique : 17)
currentSize : 17 <-- 0.002609 s
currentSize : 18 <-- 0.002794 s
currentSize : 19 <-- 0.002937 s
currentSize : 20 <-- 0.003105 s
currentSize : 21 <-- 0.009774 s
currentSize : 22 <-- 0.047412 s
currentSize : 23 <-- 0.306115 s
currentSize : 24 <-- 0.513310 s
currentSize : 25 <-- 0.755935 s
currentSize : 26 <-- 175.288330 s

maxsize : 26
nodes : 66931442.000000
filtered : 462916122.000000
time : 307.700012
