Parameters: GAD=1 vflib=1 dir=0 label=0 vlabel=1 lowerbound=1 fileNameGp=../../cp2016-max-common-connected-subgraph-paper/datasets/graphsdb/mcs30/m4D/m4Dr2/mcs30_m4Dr2_s60.A05 fileNameGt=../../cp2016-max-common-connected-subgraph-paper/datasets/graphsdb/mcs30/m4D/m4Dr2/mcs30_m4Dr2_s60.B05
Reading graphs...
60 :  112
60 :  113
Initializing...
maxdom : 6
D->valSize : 230
Solving...
Blb : 2 (clique : 21)
currentSize : 21 <-- 0.001820 s
currentSize : 22 <-- 0.132656 s
currentSize : 23 <-- 0.334358 s
currentSize : 24 <-- 0.446109 s
currentSize : 25 <-- 0.606327 s
currentSize : 26 <-- 3.534057 s
currentSize : 27 <-- 54.726280 s
currentSize : 28 <-- 71.916214 s
currentSize : 29 <-- 361.421509 s

maxsize : 29
nodes : 123943118.000000
filtered : 788088073.000000
time : 581.540710
