Parameters: GAD=1 vflib=1 dir=0 label=0 vlabel=1 lowerbound=1 fileNameGp=../../cp2016-max-common-connected-subgraph-paper/datasets/graphsdb/mcs30/m2D/m2Dr4/mcs30_m2Dr4_s60.A06 fileNameGt=../../cp2016-max-common-connected-subgraph-paper/datasets/graphsdb/mcs30/m2D/m2Dr4/mcs30_m2Dr4_s60.B06
Reading graphs...
60 :  125
60 :  125
Initializing...
maxdom : 8
D->valSize : 261
Solving...
Blb : 2 (clique : 21)
currentSize : 21 <-- 0.001895 s
currentSize : 22 <-- 0.002030 s
currentSize : 23 <-- 0.022447 s
currentSize : 24 <-- 24.494568 s
currentSize : 25 <-- 151.230148 s

maxsize : 25
nodes : 178932846.000000
filtered : 1290906144.000000
time : 819.398987
