Parameters: GAD=1 vflib=1 dir=0 label=0 vlabel=1 lowerbound=1 fileNameGp=../../cp2016-max-common-connected-subgraph-paper/datasets/graphsdb/mcs30/rand/r005/mcs30_r005_s50.A02 fileNameGt=../../cp2016-max-common-connected-subgraph-paper/datasets/graphsdb/mcs30/rand/r005/mcs30_r005_s50.B02
Reading graphs...
50 :  125
50 :  124
Initializing...
maxdom : 9
D->valSize : 297
Solving...
Blb : 3 (clique : 18)
currentSize : 18 <-- 0.002130 s
currentSize : 19 <-- 0.003692 s
currentSize : 20 <-- 0.079675 s
currentSize : 21 <-- 0.120818 s
currentSize : 22 <-- 25.588177 s
currentSize : 23 <-- 92.017517 s

maxsize : 23
nodes : 23738381.000000
filtered : 217722500.000000
time : 110.146881
