Parameters: GAD=1 vflib=1 dir=0 label=0 vlabel=1 lowerbound=1 fileNameGp=../../cp2016-max-common-connected-subgraph-paper/datasets/graphsdb/mcs30/m3D/m3Dr6/mcs30_m3Dr6_s80.A09 fileNameGt=../../cp2016-max-common-connected-subgraph-paper/datasets/graphsdb/mcs30/m3D/m3Dr6/mcs30_m3Dr6_s80.B09
Reading graphs...
80 :  230
80 :  227
Initializing...
maxdom : 7
D->valSize : 408
Solving...
Blb : 2 (clique : 24)
currentSize : 24 <-- 0.005160 s
currentSize : 25 <-- 0.054620 s
currentSize : 26 <-- 0.126392 s
currentSize : 27 <-- 0.187409 s
currentSize : 28 <-- 0.232028 s
currentSize : 29 <-- 0.539184 s
currentSize : 30 <-- 72.326836 s
currentSize : 31 <-- 279.957031 s
currentSize : 32 <-- 535.669434 s

TIMEOUT
maxsize : 32
nodes : 185715033.000000
filtered : 1316900180.000000
time : 1000.000000
