Parameters: GAD=1 vflib=1 dir=0 label=0 vlabel=1 lowerbound=1 fileNameGp=../../cp2016-max-common-connected-subgraph-paper/datasets/graphsdb/mcs30/rand/r01/mcs30_r01_s80.A07 fileNameGt=../../cp2016-max-common-connected-subgraph-paper/datasets/graphsdb/mcs30/rand/r01/mcs30_r01_s80.B07
Reading graphs...
80 :  594
80 :  590
Initializing...
maxdom : 11
D->valSize : 473
Solving...
Blb : 2 (clique : 14)
currentSize : 14 <-- 0.004557 s
currentSize : 15 <-- 0.005146 s
currentSize : 16 <-- 0.005751 s
currentSize : 17 <-- 0.202599 s
currentSize : 18 <-- 0.213733 s
currentSize : 19 <-- 0.374281 s
currentSize : 20 <-- 4.683736 s
currentSize : 21 <-- 90.729088 s
currentSize : 22 <-- 115.152008 s
currentSize : 23 <-- 393.668213 s
currentSize : 24 <-- 483.344360 s

maxsize : 24
nodes : 119988037.000000
filtered : 1255164108.000000
time : 724.073303
