Parameters: GAD=1 vflib=1 dir=0 label=0 vlabel=1 lowerbound=1 fileNameGp=../../cp2016-max-common-connected-subgraph-paper/datasets/graphsdb/mcs30/m3D/m3D/mcs30_m3D_s70.A04 fileNameGt=../../cp2016-max-common-connected-subgraph-paper/datasets/graphsdb/mcs30/m3D/m3D/mcs30_m3D_s70.B04
Reading graphs...
70 :  159
70 :  155
Initializing...
maxdom : 9
D->valSize : 316
Solving...
Blb : 2 (clique : 22)
currentSize : 22 <-- 0.004323 s
currentSize : 24 <-- 0.004547 s
currentSize : 25 <-- 0.004898 s
currentSize : 26 <-- 0.022692 s
currentSize : 27 <-- 0.109547 s
currentSize : 28 <-- 0.114898 s
currentSize : 29 <-- 0.515923 s
currentSize : 30 <-- 71.082008 s
currentSize : 31 <-- 424.387268 s
currentSize : 32 <-- 424.655090 s

TIMEOUT
maxsize : 32
nodes : 191507717.000000
filtered : 1677410223.000000
time : 1000.000000
