Parameters: GAD=1 vflib=1 dir=0 label=0 vlabel=1 lowerbound=1 fileNameGp=../../cp2016-max-common-connected-subgraph-paper/datasets/graphsdb/mcs30/m3D/m3Dr2/mcs30_m3Dr2_s70.A05 fileNameGt=../../cp2016-max-common-connected-subgraph-paper/datasets/graphsdb/mcs30/m3D/m3Dr2/mcs30_m3Dr2_s70.B05
Reading graphs...
70 :  172
70 :  169
Initializing...
maxdom : 9
D->valSize : 360
Solving...
Blb : 2 (clique : 20)
currentSize : 20 <-- 0.003133 s
currentSize : 21 <-- 0.003301 s
currentSize : 23 <-- 0.003353 s
currentSize : 26 <-- 0.003474 s
currentSize : 27 <-- 0.054971 s
currentSize : 28 <-- 0.595056 s
currentSize : 29 <-- 1.102848 s
currentSize : 30 <-- 3.690083 s
currentSize : 31 <-- 25.433737 s
currentSize : 32 <-- 147.720490 s
currentSize : 33 <-- 148.615646 s

maxsize : 33
nodes : 104384580.000000
filtered : 1142276123.000000
time : 644.439270
