Parameters: GAD=1 vflib=1 dir=0 label=0 vlabel=1 lowerbound=1 fileNameGp=../../cp2016-max-common-connected-subgraph-paper/datasets/graphsdb/mcs30/bvg/b06/mcs30_b06_s70.A03 fileNameGt=../../cp2016-max-common-connected-subgraph-paper/datasets/graphsdb/mcs30/bvg/b06/mcs30_b06_s70.B03
Reading graphs...
70 :  209
70 :  207
Initializing...
maxdom : 7
D->valSize : 329
Solving...
Blb : 2 (clique : 22)
currentSize : 22 <-- 0.002832 s
currentSize : 23 <-- 0.058560 s
currentSize : 24 <-- 0.096278 s
currentSize : 25 <-- 1.356023 s
currentSize : 26 <-- 2.771645 s
currentSize : 27 <-- 48.100052 s
currentSize : 28 <-- 48.104282 s
currentSize : 29 <-- 178.816925 s
currentSize : 30 <-- 178.817154 s

maxsize : 30
nodes : 121845251.000000
filtered : 1239478177.000000
time : 677.584534
