Parameters: GAD=1 vflib=1 dir=0 label=0 vlabel=1 lowerbound=1 fileNameGp=../../cp2016-max-common-connected-subgraph-paper/datasets/graphsdb/mcs30/m2D/m2Dr2/mcs30_m2Dr2_s70.A04 fileNameGt=../../cp2016-max-common-connected-subgraph-paper/datasets/graphsdb/mcs30/m2D/m2Dr2/mcs30_m2Dr2_s70.B04
Reading graphs...
70 :  136
70 :  136
Initializing...
maxdom : 11
D->valSize : 333
Solving...
Blb : 2 (clique : 23)
currentSize : 23 <-- 0.002939 s
currentSize : 24 <-- 0.003100 s
currentSize : 25 <-- 0.004687 s
currentSize : 26 <-- 0.006015 s
currentSize : 27 <-- 0.017912 s
currentSize : 28 <-- 0.025564 s
currentSize : 29 <-- 0.149191 s
currentSize : 30 <-- 3.778670 s
currentSize : 31 <-- 176.629333 s

TIMEOUT
maxsize : 31
nodes : 192149052.000000
filtered : 1639304106.000000
time : 1000.000061
