Parameters: GAD=1 vflib=1 dir=0 label=0 vlabel=1 lowerbound=1 fileNameGp=../../cp2016-max-common-connected-subgraph-paper/datasets/graphsdb/mcs30/m4D/m4D/mcs30_m4D_s50.A05 fileNameGt=../../cp2016-max-common-connected-subgraph-paper/datasets/graphsdb/mcs30/m4D/m4D/mcs30_m4D_s50.B05
Reading graphs...
50 :  87
50 :  87
Initializing...
maxdom : 11
D->valSize : 325
Solving...
Blb : 2 (clique : 22)
currentSize : 22 <-- 0.003821 s
currentSize : 23 <-- 0.004039 s
currentSize : 24 <-- 0.019527 s
currentSize : 25 <-- 0.978766 s
currentSize : 26 <-- 103.100060 s
currentSize : 27 <-- 216.116776 s

TIMEOUT
maxsize : 27
nodes : 202551676.000000
filtered : 2395353727.000000
time : 1000.000000
