Parameters: GAD=1 vflib=1 dir=0 label=0 vlabel=1 lowerbound=1 fileNameGp=../../cp2016-max-common-connected-subgraph-paper/datasets/graphsdb/mcs30/rand/r005/mcs30_r005_s50.A04 fileNameGt=../../cp2016-max-common-connected-subgraph-paper/datasets/graphsdb/mcs30/rand/r005/mcs30_r005_s50.B04
Reading graphs...
50 :  125
50 :  126
Initializing...
maxdom : 10
D->valSize : 341
Solving...
Blb : 2 (clique : 18)
currentSize : 18 <-- 0.004118 s
currentSize : 19 <-- 0.004288 s
currentSize : 20 <-- 0.005056 s
currentSize : 21 <-- 0.348588 s
currentSize : 22 <-- 0.470841 s
currentSize : 23 <-- 49.698616 s

maxsize : 23
nodes : 46610788.000000
filtered : 562064866.000000
time : 228.062469
