Parameters: GAD=1 vflib=1 dir=0 label=0 vlabel=1 lowerbound=1 fileNameGp=../../cp2016-max-common-connected-subgraph-paper/datasets/graphsdb/mcs30/m3D/m3Dr2/mcs30_m3Dr2_s80.A08 fileNameGt=../../cp2016-max-common-connected-subgraph-paper/datasets/graphsdb/mcs30/m3D/m3Dr2/mcs30_m3Dr2_s80.B08
Reading graphs...
80 :  196
80 :  198
Initializing...
maxdom : 8
D->valSize : 422
Solving...
Blb : 5 (clique : 27)
currentSize : 27 <-- 0.004195 s
currentSize : 28 <-- 0.875767 s
currentSize : 29 <-- 0.969459 s
currentSize : 30 <-- 1.696859 s
currentSize : 31 <-- 270.191101 s
currentSize : 32 <-- 270.217529 s
currentSize : 33 <-- 478.209290 s

TIMEOUT
maxsize : 33
nodes : 186285409.000000
filtered : 1347710428.000000
time : 1000.000000
