Parameters: GAD=1 vflib=1 dir=0 label=0 vlabel=1 lowerbound=1 fileNameGp=../../cp2016-max-common-connected-subgraph-paper/datasets/graphsdb/mcs30/m4D/m4Dr4/mcs30_m4Dr4_s70.A05 fileNameGt=../../cp2016-max-common-connected-subgraph-paper/datasets/graphsdb/mcs30/m4D/m4Dr4/mcs30_m4Dr4_s70.B05
Reading graphs...
70 :  145
70 :  144
Initializing...
maxdom : 10
D->valSize : 309
Solving...
Blb : 5 (clique : 25)
currentSize : 25 <-- 0.002647 s
currentSize : 26 <-- 0.006330 s
currentSize : 27 <-- 0.159427 s
currentSize : 28 <-- 0.806460 s
currentSize : 29 <-- 15.496176 s
currentSize : 30 <-- 403.635529 s

TIMEOUT
maxsize : 30
nodes : 200460491.000000
filtered : 1477677659.000000
time : 1000.000061
