Parameters: GAD=1 vflib=1 dir=0 label=0 vlabel=1 lowerbound=1 fileNameGp=../../cp2016-max-common-connected-subgraph-paper/datasets/graphsdb/mcs30/bvg/b06/mcs30_b06_s70.A01 fileNameGt=../../cp2016-max-common-connected-subgraph-paper/datasets/graphsdb/mcs30/bvg/b06/mcs30_b06_s70.B01
Reading graphs...
70 :  209
70 :  206
Initializing...
maxdom : 8
D->valSize : 323
Solving...
Blb : 3 (clique : 21)
currentSize : 21 <-- 0.002736 s
currentSize : 22 <-- 0.295488 s
currentSize : 23 <-- 0.461091 s
currentSize : 24 <-- 0.802017 s
currentSize : 25 <-- 4.153039 s
currentSize : 26 <-- 67.741699 s
currentSize : 27 <-- 509.796173 s
currentSize : 28 <-- 511.986115 s

TIMEOUT
maxsize : 28
nodes : 194099059.000000
filtered : 1504282479.000000
time : 1000.000061
