Parameters: GAD=1 vflib=1 dir=0 label=0 vlabel=1 lowerbound=1 fileNameGp=../../cp2016-max-common-connected-subgraph-paper/datasets/graphsdb/mcs30/rand/r005/mcs30_r005_s90.A07 fileNameGt=../../cp2016-max-common-connected-subgraph-paper/datasets/graphsdb/mcs30/rand/r005/mcs30_r005_s90.B07
Reading graphs...
90 :  390
90 :  388
Initializing...
maxdom : 10
D->valSize : 496
Solving...
Blb : 2 (clique : 21)
currentSize : 21 <-- 0.008813 s
currentSize : 22 <-- 0.009319 s
currentSize : 23 <-- 0.009561 s
currentSize : 24 <-- 0.011182 s
currentSize : 25 <-- 0.014214 s
currentSize : 26 <-- 0.014810 s
currentSize : 27 <-- 14.860248 s
currentSize : 28 <-- 57.385857 s

TIMEOUT
maxsize : 28
nodes : 167745305.000000
filtered : 1258771171.000000
time : 1000.000000
