Parameters: GAD=1 vflib=1 dir=0 label=0 vlabel=1 lowerbound=1 fileNameGp=../../cp2016-max-common-connected-subgraph-paper/datasets/graphsdb/mcs30/bvg/b06m/mcs30_b06m_s60.A07 fileNameGt=../../cp2016-max-common-connected-subgraph-paper/datasets/graphsdb/mcs30/bvg/b06m/mcs30_b06m_s60.B07
Reading graphs...
60 :  179
60 :  176
Initializing...
maxdom : 6
D->valSize : 252
Solving...
Blb : 3 (clique : 21)
currentSize : 21 <-- 0.002809 s
currentSize : 22 <-- 0.005650 s
currentSize : 23 <-- 2.132184 s
currentSize : 24 <-- 33.187786 s
currentSize : 25 <-- 44.835976 s
currentSize : 26 <-- 44.837250 s

maxsize : 26
nodes : 14195930.000000
filtered : 96242436.000000
time : 65.819183
