Parameters: GAD=1 vflib=1 dir=0 label=0 vlabel=1 lowerbound=1 fileNameGp=../../cp2016-max-common-connected-subgraph-paper/datasets/graphsdb/mcs30/m3D/m3Dr4/mcs30_m3Dr4_s90.A06 fileNameGt=../../cp2016-max-common-connected-subgraph-paper/datasets/graphsdb/mcs30/m3D/m3Dr4/mcs30_m3Dr4_s90.B06
Reading graphs...
90 :  241
90 :  242
Initializing...
maxdom : 9
D->valSize : 527
Solving...
Blb : 2 (clique : 28)
currentSize : 28 <-- 0.009982 s
currentSize : 29 <-- 0.014585 s
currentSize : 30 <-- 0.025465 s
currentSize : 31 <-- 1.164205 s
currentSize : 32 <-- 16.737526 s
currentSize : 33 <-- 65.728851 s

TIMEOUT
maxsize : 33
nodes : 184156727.000000
filtered : 1215148843.000000
time : 1000.000061
