Parameters: GAD=1 vflib=1 dir=0 label=0 vlabel=1 lowerbound=1 fileNameGp=../../cp2016-max-common-connected-subgraph-paper/datasets/graphsdb/mcs30/bvg/b09m/mcs30_b09m_s70.A02 fileNameGt=../../cp2016-max-common-connected-subgraph-paper/datasets/graphsdb/mcs30/bvg/b09m/mcs30_b09m_s70.B02
Reading graphs...
70 :  305
70 :  304
Initializing...
maxdom : 9
D->valSize : 332
Solving...
Blb : 5 (clique : 16)
currentSize : 16 <-- 0.002867 s
currentSize : 17 <-- 0.003482 s
currentSize : 18 <-- 0.003704 s
currentSize : 19 <-- 0.007839 s
currentSize : 20 <-- 0.542390 s
currentSize : 21 <-- 0.819801 s
currentSize : 22 <-- 0.853157 s
currentSize : 23 <-- 2.209928 s
currentSize : 24 <-- 166.177719 s
currentSize : 25 <-- 166.353683 s

maxsize : 25
nodes : 71295786.000000
filtered : 575303264.000000
time : 372.741486
