Parameters: GAD=1 vflib=1 dir=0 label=0 vlabel=1 lowerbound=1 fileNameGp=../../cp2016-max-common-connected-subgraph-paper/datasets/graphsdb/mcs50/bvg/b03m/mcs50_b03m_s80.A02 fileNameGt=../../cp2016-max-common-connected-subgraph-paper/datasets/graphsdb/mcs50/bvg/b03m/mcs50_b03m_s80.B02
Reading graphs...
80 :  119
80 :  120
Initializing...
maxdom : 9
D->valSize : 413
Solving...
Blb : 3 (clique : 38)
currentSize : 38 <-- 0.006979 s
currentSize : 39 <-- 0.012473 s
currentSize : 40 <-- 0.148698 s
currentSize : 41 <-- 0.607077 s
currentSize : 42 <-- 3.587636 s
currentSize : 43 <-- 7.543035 s
currentSize : 44 <-- 10.450444 s
currentSize : 45 <-- 10.535850 s
currentSize : 46 <-- 34.986530 s

TIMEOUT
maxsize : 46
nodes : 168747699.000000
filtered : 1374825951.000000
time : 1000.000061
