Parameters: GAD=1 vflib=1 dir=0 label=0 vlabel=1 lowerbound=1 fileNameGp=../../cp2016-max-common-connected-subgraph-paper/datasets/graphsdb/mcs50/bvg/b06m/mcs50_b06m_s100.A09 fileNameGt=../../cp2016-max-common-connected-subgraph-paper/datasets/graphsdb/mcs50/bvg/b06m/mcs50_b06m_s100.B09
Reading graphs...
100 :  292
100 :  293
Initializing...
maxdom : 9
D->valSize : 395
Solving...
Blb : 2 (clique : 29)
currentSize : 29 <-- 0.004206 s
currentSize : 30 <-- 0.004466 s
currentSize : 31 <-- 0.004557 s
currentSize : 32 <-- 0.004815 s
currentSize : 33 <-- 0.005473 s
currentSize : 34 <-- 0.005739 s
currentSize : 35 <-- 0.005945 s
currentSize : 36 <-- 0.007163 s
currentSize : 37 <-- 0.501697 s
currentSize : 38 <-- 0.571347 s
currentSize : 39 <-- 1.058154 s
currentSize : 40 <-- 2.045526 s
currentSize : 41 <-- 4.092964 s
currentSize : 42 <-- 19.080912 s
currentSize : 43 <-- 26.355499 s
currentSize : 44 <-- 28.621613 s
currentSize : 45 <-- 299.602020 s
currentSize : 46 <-- 657.690796 s

TIMEOUT
maxsize : 46
nodes : 205157132.000000
filtered : 632544397.000000
time : 1000.000061
