Parameters: GAD=1 vflib=1 dir=0 label=0 vlabel=1 lowerbound=1 fileNameGp=../../cp2016-max-common-connected-subgraph-paper/datasets/graphsdb/mcs50/m2D/m2Dr6/mcs50_m2Dr6_s80.A03 fileNameGt=../../cp2016-max-common-connected-subgraph-paper/datasets/graphsdb/mcs50/m2D/m2Dr6/mcs50_m2Dr6_s80.B03
Reading graphs...
80 :  186
80 :  188
Initializing...
maxdom : 10
D->valSize : 435
Solving...
Blb : 2 (clique : 35)
currentSize : 35 <-- 0.004379 s
currentSize : 36 <-- 0.005036 s
currentSize : 37 <-- 4.719146 s
currentSize : 38 <-- 96.726250 s
currentSize : 39 <-- 96.729881 s
currentSize : 40 <-- 198.332901 s

TIMEOUT
maxsize : 40
nodes : 216151530.000000
filtered : 850377209.000000
time : 1000.000061
