Parameters: GAD=1 vflib=1 dir=0 label=0 vlabel=1 lowerbound=1 fileNameGp=../../cp2016-max-common-connected-subgraph-paper/datasets/graphsdb/mcs50/rand/r005/mcs50_r005_s100.A02 fileNameGt=../../cp2016-max-common-connected-subgraph-paper/datasets/graphsdb/mcs50/rand/r005/mcs50_r005_s100.B02
Reading graphs...
100 :  484
100 :  482
Initializing...
maxdom : 8
D->valSize : 368
Solving...
Blb : 2 (clique : 28)
currentSize : 28 <-- 0.003784 s
currentSize : 29 <-- 0.004018 s
currentSize : 31 <-- 0.013908 s
currentSize : 32 <-- 0.022866 s
currentSize : 33 <-- 3.778414 s
currentSize : 34 <-- 4.179585 s
currentSize : 35 <-- 16.511003 s
currentSize : 37 <-- 16.616297 s
currentSize : 38 <-- 27.301744 s
currentSize : 40 <-- 52.999657 s
currentSize : 41 <-- 74.740189 s
currentSize : 46 <-- 80.228813 s
currentSize : 50 <-- 86.684593 s

maxsize : 50
nodes : 21195326.000000
filtered : 125149152.000000
time : 131.108139
