Parameters: GAD=1 vflib=1 dir=0 label=0 vlabel=1 lowerbound=1 fileNameGp=../../cp2016-max-common-connected-subgraph-paper/datasets/graphsdb/mcs50/bvg/b09m/mcs50_b09m_s40.A08 fileNameGt=../../cp2016-max-common-connected-subgraph-paper/datasets/graphsdb/mcs50/bvg/b09m/mcs50_b09m_s40.B08
Reading graphs...
40 :  173
40 :  170
Initializing...
maxdom : 7
D->valSize : 216
Solving...
Blb : 3 (clique : 11)
currentSize : 11 <-- 0.001294 s
currentSize : 12 <-- 0.001496 s
currentSize : 14 <-- 0.010050 s
currentSize : 15 <-- 0.395353 s
currentSize : 16 <-- 0.396637 s
currentSize : 17 <-- 0.396691 s
currentSize : 18 <-- 0.399672 s
currentSize : 19 <-- 0.399741 s
currentSize : 20 <-- 0.405681 s
currentSize : 21 <-- 0.405743 s

maxsize : 21
nodes : 127511.000000
filtered : 827095.000000
time : 0.473791
