Parameters: GAD=1 vflib=1 dir=0 label=0 vlabel=1 lowerbound=1 fileNameGp=../../cp2016-max-common-connected-subgraph-paper/datasets/graphsdb/mcs50/rand/r01/mcs50_r01_s60.A06 fileNameGt=../../cp2016-max-common-connected-subgraph-paper/datasets/graphsdb/mcs50/rand/r01/mcs50_r01_s60.B06
Reading graphs...
60 :  341
60 :  339
Initializing...
maxdom : 6
D->valSize : 252
Solving...
Blb : 2 (clique : 11)
currentSize : 11 <-- 0.001801 s
currentSize : 13 <-- 0.001923 s
currentSize : 14 <-- 0.003272 s
currentSize : 15 <-- 0.006360 s
currentSize : 16 <-- 0.006428 s
currentSize : 17 <-- 0.013328 s
currentSize : 18 <-- 0.063048 s
currentSize : 19 <-- 0.068294 s
currentSize : 20 <-- 0.152364 s
currentSize : 21 <-- 0.155988 s
currentSize : 23 <-- 0.156560 s
currentSize : 25 <-- 0.191742 s
currentSize : 30 <-- 0.280848 s

maxsize : 30
nodes : 71723.000000
filtered : 670181.000000
time : 0.373480
