Parameters: GAD=1 vflib=1 dir=0 label=0 vlabel=1 lowerbound=1 fileNameGp=../../cp2016-max-common-connected-subgraph-paper/datasets/graphsdb/mcs50/m2D/m2Dr4/mcs50_m2Dr4_s80.A05 fileNameGt=../../cp2016-max-common-connected-subgraph-paper/datasets/graphsdb/mcs50/m2D/m2Dr4/mcs50_m2Dr4_s80.B05
Reading graphs...
80 :  174
80 :  173
Initializing...
maxdom : 7
D->valSize : 408
Solving...
Blb : 2 (clique : 29)
currentSize : 29 <-- 0.004062 s
currentSize : 30 <-- 0.004539 s
currentSize : 31 <-- 0.005168 s
currentSize : 32 <-- 0.012122 s
currentSize : 33 <-- 0.048785 s
currentSize : 34 <-- 0.048895 s
currentSize : 35 <-- 0.055488 s
currentSize : 36 <-- 0.067774 s
currentSize : 37 <-- 0.509599 s
currentSize : 38 <-- 0.629418 s
currentSize : 39 <-- 16.326368 s

TIMEOUT
maxsize : 39
nodes : 189173106.000000
filtered : 1266030629.000000
time : 1000.000061
