Parameters: GAD=1 vflib=1 dir=0 label=0 vlabel=1 lowerbound=1 fileNameGp=../../cp2016-max-common-connected-subgraph-paper/datasets/graphsdb/mcs50/m3D/m3Dr6/mcs50_m3Dr6_s60.A06 fileNameGt=../../cp2016-max-common-connected-subgraph-paper/datasets/graphsdb/mcs50/m3D/m3Dr6/mcs50_m3Dr6_s60.B06
Reading graphs...
60 :  169
60 :  168
Initializing...
maxdom : 9
D->valSize : 275
Solving...
Blb : 2 (clique : 20)
currentSize : 20 <-- 0.003142 s
currentSize : 21 <-- 0.004370 s
currentSize : 22 <-- 0.006355 s
currentSize : 23 <-- 0.006609 s
currentSize : 24 <-- 0.007683 s
currentSize : 25 <-- 0.017759 s
currentSize : 26 <-- 0.262049 s
currentSize : 27 <-- 5.208522 s
currentSize : 28 <-- 5.256509 s
currentSize : 29 <-- 10.413656 s
currentSize : 30 <-- 10.429130 s

maxsize : 30
nodes : 2851919.000000
filtered : 23732714.000000
time : 14.148652
