Parameters: GAD=1 vflib=1 dir=0 label=0 vlabel=1 lowerbound=1 fileNameGp=../../cp2016-max-common-connected-subgraph-paper/datasets/graphsdb/mcs50/m2D/m2Dr6/mcs50_m2Dr6_s50.A02 fileNameGt=../../cp2016-max-common-connected-subgraph-paper/datasets/graphsdb/mcs50/m2D/m2Dr6/mcs50_m2Dr6_s50.B02
Reading graphs...
50 :  113
50 :  112
Initializing...
maxdom : 9
D->valSize : 350
Solving...
Blb : 3 (clique : 18)
currentSize : 18 <-- 0.002621 s
currentSize : 19 <-- 0.002741 s
currentSize : 20 <-- 0.002815 s
currentSize : 21 <-- 0.002910 s
currentSize : 22 <-- 0.057862 s
currentSize : 23 <-- 0.057945 s
currentSize : 24 <-- 0.106567 s
currentSize : 25 <-- 0.389514 s
currentSize : 26 <-- 2.344166 s
currentSize : 27 <-- 2.407641 s

maxsize : 27
nodes : 6251917.000000
filtered : 95030219.000000
time : 36.074257
