Parameters: GAD=1 vflib=1 dir=0 label=0 vlabel=1 lowerbound=1 fileNameGp=../../cp2016-max-common-connected-subgraph-paper/datasets/graphsdb/mcs50/m2D/m2Dr2/mcs50_m2Dr2_s100.A09 fileNameGt=../../cp2016-max-common-connected-subgraph-paper/datasets/graphsdb/mcs50/m2D/m2Dr2/mcs50_m2Dr2_s100.B09
Reading graphs...
100 :  198
100 :  197
Initializing...
maxdom : 7
D->valSize : 340
Solving...
Blb : 2 (clique : 38)
currentSize : 38 <-- 0.003682 s
currentSize : 39 <-- 1.519226 s
currentSize : 40 <-- 1.574334 s
currentSize : 41 <-- 2.884950 s
currentSize : 42 <-- 3.590552 s
currentSize : 43 <-- 3.590861 s
currentSize : 44 <-- 3.739648 s
currentSize : 45 <-- 3.739827 s
currentSize : 46 <-- 32.323421 s
currentSize : 47 <-- 117.744019 s
currentSize : 48 <-- 117.744247 s
currentSize : 50 <-- 188.429001 s
currentSize : 52 <-- 763.225220 s

TIMEOUT
maxsize : 52
nodes : 187284753.000000
filtered : 750286590.000000
time : 1000.000061
