Parameters: GAD=1 vflib=1 dir=0 label=0 vlabel=1 lowerbound=1 fileNameGp=../../cp2016-max-common-connected-subgraph-paper/datasets/graphsdb/mcs50/m2D/m2D/mcs50_m2D_s80.A03 fileNameGt=../../cp2016-max-common-connected-subgraph-paper/datasets/graphsdb/mcs50/m2D/m2D/mcs50_m2D_s80.B03
Reading graphs...
80 :  142
80 :  142
Initializing...
maxdom : 12
D->valSize : 444
Solving...
Blb : 2 (clique : 31)
currentSize : 31 <-- 0.004623 s
currentSize : 32 <-- 0.369119 s
currentSize : 33 <-- 5.464002 s
currentSize : 34 <-- 21.359531 s
currentSize : 35 <-- 106.202217 s
currentSize : 36 <-- 167.026047 s

TIMEOUT
maxsize : 36
nodes : 184413073.000000
filtered : 1315576590.000000
time : 1000.000061
