Parameters: GAD=1 vflib=1 dir=0 label=0 vlabel=1 lowerbound=1 fileNameGp=../../cp2016-max-common-connected-subgraph-paper/datasets/graphsdb/mcs50/rand/r01/mcs50_r01_s80.A06 fileNameGt=../../cp2016-max-common-connected-subgraph-paper/datasets/graphsdb/mcs50/rand/r01/mcs50_r01_s80.B06
Reading graphs...
80 :  597
80 :  600
Initializing...
maxdom : 10
D->valSize : 463
Solving...
Blb : 2 (clique : 15)
currentSize : 15 <-- 0.005548 s
currentSize : 16 <-- 0.027567 s
currentSize : 17 <-- 0.316070 s
currentSize : 18 <-- 0.765802 s
currentSize : 19 <-- 0.825899 s
currentSize : 20 <-- 0.892043 s
currentSize : 21 <-- 0.904708 s
currentSize : 22 <-- 2.794038 s
currentSize : 23 <-- 3.352376 s
currentSize : 24 <-- 4.295840 s
currentSize : 25 <-- 4.296156 s
currentSize : 26 <-- 6.088891 s
currentSize : 28 <-- 6.557447 s
currentSize : 30 <-- 7.091744 s
currentSize : 32 <-- 9.250377 s
currentSize : 35 <-- 10.987022 s
currentSize : 40 <-- 11.300945 s

maxsize : 40
nodes : 1850502.000000
filtered : 20977467.000000
time : 11.650296
