Parameters: GAD=1 vflib=1 dir=0 label=0 vlabel=1 lowerbound=1 fileNameGp=../../cp2016-max-common-connected-subgraph-paper/datasets/graphsdb/mcs50/bvg/b03m/mcs50_b03m_s90.A09 fileNameGt=../../cp2016-max-common-connected-subgraph-paper/datasets/graphsdb/mcs50/bvg/b03m/mcs50_b03m_s90.B09
Reading graphs...
90 :  135
90 :  135
Initializing...
maxdom : 8
D->valSize : 544
Solving...
Blb : 2 (clique : 47)
currentSize : 47 <-- 0.010906 s
currentSize : 48 <-- 0.012402 s
currentSize : 49 <-- 0.324120 s
currentSize : 50 <-- 0.531498 s
currentSize : 51 <-- 1.885827 s
currentSize : 52 <-- 11.546123 s
currentSize : 53 <-- 26.667934 s

TIMEOUT
maxsize : 53
nodes : 162520287.000000
filtered : 1162445764.000000
time : 1000.000061
