Parameters: GAD=1 vflib=1 dir=0 label=0 vlabel=1 lowerbound=1 fileNameGp=../../cp2016-max-common-connected-subgraph-paper/datasets/graphsdb/mcs50/m2D/m2Dr4/mcs50_m2Dr4_s60.A04 fileNameGt=../../cp2016-max-common-connected-subgraph-paper/datasets/graphsdb/mcs50/m2D/m2Dr4/mcs50_m2Dr4_s60.B04
Reading graphs...
60 :  127
60 :  123
Initializing...
maxdom : 7
D->valSize : 265
Solving...
Blb : 2 (clique : 20)
currentSize : 20 <-- 0.001928 s
currentSize : 21 <-- 0.003975 s
currentSize : 22 <-- 0.045158 s
currentSize : 23 <-- 0.054552 s
currentSize : 24 <-- 0.146919 s
currentSize : 25 <-- 0.282765 s
currentSize : 26 <-- 1.865694 s
currentSize : 27 <-- 20.880735 s
currentSize : 28 <-- 36.806656 s
currentSize : 29 <-- 48.279095 s

maxsize : 29
nodes : 14700503.000000
filtered : 123451617.000000
time : 73.534790
