Parameters: GAD=1 vflib=1 dir=0 label=0 vlabel=1 lowerbound=1 fileNameGp=../../cp2016-max-common-connected-subgraph-paper/datasets/graphsdb/mcs50/rand/r02/mcs50_r02_s60.A08 fileNameGt=../../cp2016-max-common-connected-subgraph-paper/datasets/graphsdb/mcs50/rand/r02/mcs50_r02_s60.B08
Reading graphs...
60 :  634
60 :  635
Initializing...
maxdom : 9
D->valSize : 258
Solving...
Blb : 2 (clique : 10)
currentSize : 10 <-- 0.002823 s
currentSize : 11 <-- 0.003155 s
currentSize : 12 <-- 0.004639 s
currentSize : 13 <-- 0.005202 s
currentSize : 14 <-- 0.006982 s
currentSize : 16 <-- 0.007082 s
currentSize : 18 <-- 0.007828 s
currentSize : 21 <-- 0.007936 s
currentSize : 30 <-- 0.051773 s

maxsize : 30
nodes : 10797.000000
filtered : 149625.000000
time : 0.079317
