Parameters: GAD=1 vflib=1 dir=0 label=0 vlabel=1 lowerbound=1 fileNameGp=../../cp2016-max-common-connected-subgraph-paper/datasets/graphsdb/mcs50/m2D/m2Dr4/mcs50_m2Dr4_s100.A07 fileNameGt=../../cp2016-max-common-connected-subgraph-paper/datasets/graphsdb/mcs50/m2D/m2Dr4/mcs50_m2Dr4_s100.B07
Reading graphs...
100 :  219
100 :  220
Initializing...
maxdom : 7
D->valSize : 328
Solving...
Blb : 5 (clique : 31)
currentSize : 31 <-- 0.005542 s
currentSize : 32 <-- 0.006415 s
currentSize : 33 <-- 0.007054 s
currentSize : 34 <-- 0.090662 s
currentSize : 35 <-- 0.092064 s
currentSize : 36 <-- 0.092674 s
currentSize : 37 <-- 0.279689 s
currentSize : 38 <-- 0.577835 s
currentSize : 39 <-- 75.336838 s
currentSize : 40 <-- 163.519897 s
currentSize : 41 <-- 163.547516 s
currentSize : 42 <-- 163.550644 s
currentSize : 43 <-- 922.532654 s
currentSize : 44 <-- 923.240967 s

TIMEOUT
maxsize : 44
nodes : 198355640.000000
filtered : 666828996.000000
time : 1000.000061
