Parameters: GAD=1 vflib=1 dir=0 label=0 vlabel=1 lowerbound=1 fileNameGp=../../cp2016-max-common-connected-subgraph-paper/datasets/graphsdb/mcs50/bvg/b03m/mcs50_b03m_s70.A08 fileNameGt=../../cp2016-max-common-connected-subgraph-paper/datasets/graphsdb/mcs50/bvg/b03m/mcs50_b03m_s70.B08
Reading graphs...
70 :  104
70 :  104
Initializing...
maxdom : 9
D->valSize : 311
Solving...
Blb : 2 (clique : 35)
currentSize : 35 <-- 0.002743 s
currentSize : 36 <-- 0.017980 s
currentSize : 37 <-- 0.067846 s
currentSize : 38 <-- 158.009125 s
currentSize : 39 <-- 184.985260 s

maxsize : 39
nodes : 115767413.000000
filtered : 700430384.000000
time : 551.381348
