Parameters: GAD=1 vflib=1 dir=0 label=0 vlabel=1 lowerbound=1 fileNameGp=../../cp2016-max-common-connected-subgraph-paper/datasets/graphsdb/mcs50/rand/r02/mcs50_r02_s100.A00 fileNameGt=../../cp2016-max-common-connected-subgraph-paper/datasets/graphsdb/mcs50/rand/r02/mcs50_r02_s100.B00
Reading graphs...
100 :  1759
100 :  1758
Initializing...
maxdom : 7
D->valSize : 346
Solving...
Blb : 2 (clique : 10)
currentSize : 10 <-- 0.003622 s
currentSize : 11 <-- 0.003888 s
currentSize : 12 <-- 0.010564 s
currentSize : 13 <-- 0.021930 s
currentSize : 14 <-- 0.035310 s
currentSize : 18 <-- 0.035850 s
currentSize : 19 <-- 0.103540 s
currentSize : 20 <-- 0.109537 s
currentSize : 32 <-- 0.113151 s
currentSize : 50 <-- 0.277375 s

maxsize : 50
nodes : 47950.000000
filtered : 594542.000000
time : 0.356287
