Parameters: GAD=1 vflib=1 dir=0 label=0 vlabel=1 lowerbound=1 fileNameGp=../../cp2016-max-common-connected-subgraph-paper/datasets/graphsdb/mcs50/bvg/b06/mcs50_b06_s60.A00 fileNameGt=../../cp2016-max-common-connected-subgraph-paper/datasets/graphsdb/mcs50/bvg/b06/mcs50_b06_s60.B00
Reading graphs...
60 :  178
60 :  179
Initializing...
maxdom : 7
D->valSize : 225
Solving...
Blb : 3 (clique : 21)
currentSize : 21 <-- 0.001705 s
currentSize : 23 <-- 0.001878 s
currentSize : 24 <-- 0.006203 s
currentSize : 25 <-- 0.110610 s
currentSize : 26 <-- 0.992538 s
currentSize : 27 <-- 0.992643 s
currentSize : 28 <-- 0.993894 s
currentSize : 29 <-- 1.004371 s
currentSize : 30 <-- 10.633530 s
currentSize : 31 <-- 10.633977 s

maxsize : 31
nodes : 3269042.000000
filtered : 20570031.000000
time : 14.846275
