Parameters: GAD=1 vflib=1 dir=0 label=0 vlabel=1 lowerbound=1 fileNameGp=../../cp2016-max-common-connected-subgraph-paper/datasets/graphsdb/mcs50/m2D/m2D/mcs50_m2D_s80.A01 fileNameGt=../../cp2016-max-common-connected-subgraph-paper/datasets/graphsdb/mcs50/m2D/m2D/mcs50_m2D_s80.B01
Reading graphs...
80 :  141
80 :  142
Initializing...
maxdom : 9
D->valSize : 440
Solving...
Blb : 2 (clique : 30)
currentSize : 30 <-- 0.007360 s
currentSize : 31 <-- 0.018136 s
currentSize : 32 <-- 0.027888 s
currentSize : 33 <-- 0.028049 s
currentSize : 34 <-- 0.066437 s
currentSize : 35 <-- 0.237089 s
currentSize : 36 <-- 0.786771 s
currentSize : 37 <-- 9.452535 s
currentSize : 38 <-- 114.493294 s
currentSize : 39 <-- 141.345047 s

TIMEOUT
maxsize : 39
nodes : 188993576.000000
filtered : 1321341416.000000
time : 1000.000061
