Parameters: GAD=1 vflib=1 dir=0 label=0 vlabel=1 lowerbound=1 fileNameGp=../../cp2016-max-common-connected-subgraph-paper/datasets/graphsdb/mcs50/m2D/m2Dr2/mcs50_m2Dr2_s70.A06 fileNameGt=../../cp2016-max-common-connected-subgraph-paper/datasets/graphsdb/mcs50/m2D/m2Dr2/mcs50_m2Dr2_s70.B06
Reading graphs...
70 :  136
70 :  136
Initializing...
maxdom : 8
D->valSize : 360
Solving...
Blb : 3 (clique : 27)
currentSize : 27 <-- 0.005132 s
currentSize : 28 <-- 0.005622 s
currentSize : 29 <-- 0.064485 s
currentSize : 30 <-- 0.408571 s
currentSize : 31 <-- 5.755042 s
currentSize : 32 <-- 5.807493 s
currentSize : 33 <-- 68.418091 s
currentSize : 34 <-- 159.337952 s

TIMEOUT
maxsize : 34
nodes : 177719153.000000
filtered : 1595012018.000000
time : 1000.000000
