Parameters: GAD=1 vflib=1 dir=0 label=0 vlabel=1 lowerbound=1 fileNameGp=../../cp2016-max-common-connected-subgraph-paper/datasets/graphsdb/mcs50/m2D/m2D/mcs50_m2D_s100.A05 fileNameGt=../../cp2016-max-common-connected-subgraph-paper/datasets/graphsdb/mcs50/m2D/m2D/mcs50_m2D_s100.B05
Reading graphs...
100 :  179
100 :  180
Initializing...
maxdom : 6
D->valSize : 318
Solving...
Blb : 2 (clique : 38)
currentSize : 38 <-- 0.003211 s
currentSize : 39 <-- 0.003529 s
currentSize : 40 <-- 0.030911 s
currentSize : 41 <-- 0.043320 s
currentSize : 42 <-- 0.181943 s
currentSize : 43 <-- 1.229473 s
currentSize : 44 <-- 1.236385 s
currentSize : 45 <-- 1.496219 s
currentSize : 46 <-- 5.466869 s
currentSize : 47 <-- 23.392485 s
currentSize : 48 <-- 24.975664 s
currentSize : 49 <-- 25.194532 s
currentSize : 50 <-- 44.756901 s
currentSize : 51 <-- 105.437225 s
currentSize : 52 <-- 130.476273 s
currentSize : 53 <-- 130.511444 s
currentSize : 54 <-- 343.495270 s

TIMEOUT
maxsize : 54
nodes : 198031344.000000
filtered : 626347275.000000
time : 1000.000061
