Parameters: GAD=1 vflib=1 dir=0 label=0 vlabel=1 lowerbound=1 fileNameGp=../../cp2016-max-common-connected-subgraph-paper/datasets/graphsdb/mcs50/bvg/b09/mcs50_b09_s80.A06 fileNameGt=../../cp2016-max-common-connected-subgraph-paper/datasets/graphsdb/mcs50/bvg/b09/mcs50_b09_s80.B06
Reading graphs...
80 :  358
80 :  354
Initializing...
maxdom : 8
D->valSize : 447
Solving...
Blb : 2 (clique : 24)
currentSize : 24 <-- 0.004745 s
currentSize : 25 <-- 0.005031 s
currentSize : 26 <-- 0.005977 s
currentSize : 27 <-- 0.006047 s
currentSize : 28 <-- 0.006900 s
currentSize : 30 <-- 0.007151 s
currentSize : 31 <-- 0.009958 s
currentSize : 32 <-- 0.528179 s
currentSize : 33 <-- 51.278389 s
currentSize : 34 <-- 51.278656 s
currentSize : 35 <-- 51.279045 s
currentSize : 36 <-- 51.280968 s
currentSize : 37 <-- 51.281036 s
currentSize : 38 <-- 51.350151 s
currentSize : 39 <-- 110.456673 s
currentSize : 40 <-- 110.472504 s

maxsize : 40
nodes : 43082055.000000
filtered : 362599383.000000
time : 246.861145
