Parameters: GAD=1 vflib=1 dir=0 label=0 vlabel=1 lowerbound=1 fileNameGp=../../cp2016-max-common-connected-subgraph-paper/datasets/graphsdb/mcs50/m2D/m2Dr4/mcs50_m2Dr4_s60.A05 fileNameGt=../../cp2016-max-common-connected-subgraph-paper/datasets/graphsdb/mcs50/m2D/m2Dr4/mcs50_m2Dr4_s60.B05
Reading graphs...
60 :  126
60 :  124
Initializing...
maxdom : 7
D->valSize : 231
Solving...
Blb : 5 (clique : 21)
currentSize : 21 <-- 0.001989 s
currentSize : 22 <-- 0.002209 s
currentSize : 23 <-- 0.002364 s
currentSize : 24 <-- 0.002790 s
currentSize : 25 <-- 0.028592 s
currentSize : 26 <-- 0.115256 s
currentSize : 27 <-- 0.117472 s
currentSize : 28 <-- 8.941752 s
currentSize : 29 <-- 8.942308 s
currentSize : 30 <-- 25.060417 s

maxsize : 30
nodes : 6302738.000000
filtered : 40720899.000000
time : 29.435225
