Parameters: GAD=1 vflib=1 dir=0 label=0 vlabel=1 lowerbound=1 fileNameGp=../../cp2016-max-common-connected-subgraph-paper/datasets/graphsdb/mcs50/rand/r02/mcs50_r02_s80.A02 fileNameGt=../../cp2016-max-common-connected-subgraph-paper/datasets/graphsdb/mcs50/rand/r02/mcs50_r02_s80.B02
Reading graphs...
80 :  1142
80 :  1121
Initializing...
maxdom : 8
D->valSize : 430
Solving...
Blb : 2 (clique : 9)
currentSize : 9 <-- 0.006295 s
currentSize : 10 <-- 0.006990 s
currentSize : 11 <-- 0.009127 s
currentSize : 12 <-- 0.009355 s
currentSize : 13 <-- 0.094232 s
currentSize : 14 <-- 0.095065 s
currentSize : 16 <-- 0.110585 s
currentSize : 17 <-- 0.457612 s
currentSize : 18 <-- 0.458559 s
currentSize : 23 <-- 0.460057 s
currentSize : 24 <-- 0.646883 s
currentSize : 27 <-- 0.699412 s
currentSize : 32 <-- 0.701725 s
currentSize : 40 <-- 0.702324 s

maxsize : 40
nodes : 129656.000000
filtered : 1366482.000000
time : 0.872845
