Parameters: GAD=1 vflib=1 dir=0 label=0 vlabel=1 lowerbound=1 fileNameGp=../../cp2016-max-common-connected-subgraph-paper/datasets/graphsdb/mcs50/bvg/b06/mcs50_b06_s70.A05 fileNameGt=../../cp2016-max-common-connected-subgraph-paper/datasets/graphsdb/mcs50/bvg/b06/mcs50_b06_s70.B05
Reading graphs...
70 :  209
70 :  209
Initializing...
maxdom : 9
D->valSize : 356
Solving...
Blb : 5 (clique : 21)
currentSize : 21 <-- 0.004008 s
currentSize : 22 <-- 0.004385 s
currentSize : 23 <-- 0.010758 s
currentSize : 24 <-- 0.028219 s
currentSize : 25 <-- 0.065521 s
currentSize : 26 <-- 0.069442 s
currentSize : 27 <-- 21.423220 s
currentSize : 28 <-- 117.023056 s
currentSize : 29 <-- 117.103111 s
currentSize : 30 <-- 118.904457 s
currentSize : 31 <-- 284.058594 s
currentSize : 32 <-- 284.058746 s
currentSize : 33 <-- 284.058868 s
currentSize : 34 <-- 284.084015 s
currentSize : 35 <-- 284.124786 s

maxsize : 35
nodes : 81475001.000000
filtered : 694687755.000000
time : 421.212128
