Parameters: GAD=1 vflib=1 dir=0 label=0 vlabel=1 lowerbound=1 fileNameGp=../../cp2016-max-common-connected-subgraph-paper/datasets/graphsdb/mcs50/bvg/b03m/mcs50_b03m_s60.A04 fileNameGt=../../cp2016-max-common-connected-subgraph-paper/datasets/graphsdb/mcs50/bvg/b03m/mcs50_b03m_s60.B04
Reading graphs...
60 :  90
60 :  90
Initializing...
maxdom : 8
D->valSize : 264
Solving...
Blb : 2 (clique : 27)
currentSize : 27 <-- 0.002149 s
currentSize : 28 <-- 0.002384 s
currentSize : 29 <-- 0.004166 s
currentSize : 30 <-- 0.007231 s
currentSize : 31 <-- 0.007675 s
currentSize : 32 <-- 0.046996 s
currentSize : 33 <-- 0.158312 s
currentSize : 34 <-- 0.906206 s
currentSize : 35 <-- 1.600785 s

maxsize : 35
nodes : 62787502.000000
filtered : 375331456.000000
time : 276.643829
