Parameters: GAD=1 vflib=1 dir=0 label=0 vlabel=1 lowerbound=1 fileNameGp=../../cp2016-max-common-connected-subgraph-paper/datasets/graphsdb/mcs50/m3D/m3Dr2/mcs50_m3Dr2_s60.A08 fileNameGt=../../cp2016-max-common-connected-subgraph-paper/datasets/graphsdb/mcs50/m3D/m3Dr2/mcs50_m3Dr2_s60.B08
Reading graphs...
60 :  143
60 :  144
Initializing...
maxdom : 6
D->valSize : 240
Solving...
Blb : 2 (clique : 21)
currentSize : 21 <-- 0.001787 s
currentSize : 23 <-- 0.002806 s
currentSize : 24 <-- 0.002946 s
currentSize : 25 <-- 0.049153 s
currentSize : 26 <-- 0.088701 s
currentSize : 27 <-- 1.918087 s
currentSize : 28 <-- 3.632999 s
currentSize : 29 <-- 5.679096 s
currentSize : 30 <-- 5.679928 s

maxsize : 30
nodes : 1493487.000000
filtered : 9496878.000000
time : 7.111835
