Parameters: GAD=1 vflib=1 dir=0 label=0 vlabel=1 lowerbound=1 fileNameGp=../../cp2016-max-common-connected-subgraph-paper/datasets/graphsdb/mcs50/m3D/m3Dr6/mcs50_m3Dr6_s60.A05 fileNameGt=../../cp2016-max-common-connected-subgraph-paper/datasets/graphsdb/mcs50/m3D/m3Dr6/mcs50_m3Dr6_s60.B05
Reading graphs...
60 :  168
60 :  166
Initializing...
maxdom : 8
D->valSize : 252
Solving...
Blb : 2 (clique : 20)
currentSize : 20 <-- 0.002924 s
currentSize : 22 <-- 0.003219 s
currentSize : 23 <-- 0.034286 s
currentSize : 24 <-- 0.152231 s
currentSize : 25 <-- 0.158001 s
currentSize : 26 <-- 0.158204 s
currentSize : 27 <-- 0.158765 s
currentSize : 28 <-- 0.169901 s
currentSize : 29 <-- 0.565829 s

maxsize : 29
nodes : 2597400.000000
filtered : 13786497.000000
time : 11.265938
