Parameters: GAD=1 vflib=1 dir=0 label=0 vlabel=1 lowerbound=1 fileNameGp=../../cp2016-max-common-connected-subgraph-paper/datasets/graphsdb/mcs50/bvg/b06/mcs50_b06_s60.A09 fileNameGt=../../cp2016-max-common-connected-subgraph-paper/datasets/graphsdb/mcs50/bvg/b06/mcs50_b06_s60.B09
Reading graphs...
60 :  180
60 :  179
Initializing...
maxdom : 6
D->valSize : 243
Solving...
Blb : 2 (clique : 23)
currentSize : 23 <-- 0.002701 s
currentSize : 24 <-- 0.003136 s
currentSize : 25 <-- 0.007399 s
currentSize : 26 <-- 0.013745 s
currentSize : 27 <-- 0.014981 s
currentSize : 28 <-- 0.020625 s
currentSize : 29 <-- 0.020756 s
currentSize : 30 <-- 0.022901 s

maxsize : 30
nodes : 863866.000000
filtered : 6605826.000000
time : 4.187920
