Parameters: GAD=1 vflib=1 dir=0 label=0 vlabel=1 lowerbound=1 fileNameGp=../../cp2016-max-common-connected-subgraph-paper/datasets/graphsdb/mcs50/bvg/b09/mcs50_b09_s100.A02 fileNameGt=../../cp2016-max-common-connected-subgraph-paper/datasets/graphsdb/mcs50/bvg/b09/mcs50_b09_s100.B02
Reading graphs...
100 :  448
100 :  447
Initializing...
maxdom : 7
D->valSize : 380
Solving...
Blb : 2 (clique : 27)
currentSize : 27 <-- 0.003862 s
currentSize : 28 <-- 57.279800 s
currentSize : 29 <-- 70.793022 s
currentSize : 30 <-- 72.843781 s
currentSize : 32 <-- 144.336487 s
currentSize : 34 <-- 144.389572 s
currentSize : 38 <-- 144.917923 s
currentSize : 39 <-- 578.969788 s

TIMEOUT
maxsize : 39
nodes : 181386748.000000
filtered : 750117713.000000
time : 1000.000061
