Parameters: GAD=1 vflib=1 dir=0 label=0 vlabel=1 lowerbound=1 fileNameGp=../../cp2016-max-common-connected-subgraph-paper/datasets/graphsdb/mcs50/bvg/b09m/mcs50_b09m_s40.A06 fileNameGt=../../cp2016-max-common-connected-subgraph-paper/datasets/graphsdb/mcs50/bvg/b09m/mcs50_b09m_s40.B06
Reading graphs...
40 :  171
40 :  171
Initializing...
maxdom : 6
D->valSize : 192
Solving...
Blb : 3 (clique : 12)
currentSize : 12 <-- 0.001634 s
currentSize : 13 <-- 0.002669 s
currentSize : 14 <-- 0.006591 s
currentSize : 15 <-- 0.015331 s
currentSize : 16 <-- 0.076007 s
currentSize : 17 <-- 0.076042 s
currentSize : 18 <-- 0.076136 s
currentSize : 19 <-- 0.076394 s
currentSize : 20 <-- 0.076470 s

maxsize : 20
nodes : 30879.000000
filtered : 229140.000000
time : 0.137649
