Parameters: GAD=1 vflib=1 dir=0 label=0 vlabel=1 lowerbound=1 fileNameGp=../../cp2016-max-common-connected-subgraph-paper/datasets/graphsdb/mcs50/rand/r01/mcs50_r01_s60.A08 fileNameGt=../../cp2016-max-common-connected-subgraph-paper/datasets/graphsdb/mcs50/rand/r01/mcs50_r01_s60.B08
Reading graphs...
60 :  335
60 :  330
Initializing...
maxdom : 9
D->valSize : 245
Solving...
Blb : 2 (clique : 12)
currentSize : 12 <-- 0.001708 s
currentSize : 13 <-- 0.001792 s
currentSize : 14 <-- 0.001880 s
currentSize : 15 <-- 0.002113 s
currentSize : 16 <-- 0.009320 s
currentSize : 17 <-- 0.010078 s
currentSize : 18 <-- 0.014048 s
currentSize : 19 <-- 0.016032 s
currentSize : 21 <-- 0.035509 s
currentSize : 23 <-- 0.041111 s
currentSize : 24 <-- 0.060627 s
currentSize : 25 <-- 0.247535 s
currentSize : 26 <-- 0.247933 s
currentSize : 27 <-- 0.248532 s
currentSize : 30 <-- 0.248685 s

maxsize : 30
nodes : 65968.000000
filtered : 632953.000000
time : 0.339758
