Parameters: GAD=1 vflib=1 dir=0 label=0 vlabel=1 lowerbound=1 fileNameGp=../../cp2016-max-common-connected-subgraph-paper/datasets/graphsdb/mcs50/rand/r02/mcs50_r02_s70.A06 fileNameGt=../../cp2016-max-common-connected-subgraph-paper/datasets/graphsdb/mcs50/rand/r02/mcs50_r02_s70.B06
Reading graphs...
70 :  863
70 :  866
Initializing...
maxdom : 8
D->valSize : 359
Solving...
Blb : 5 (clique : 11)
currentSize : 11 <-- 0.002938 s
currentSize : 12 <-- 0.005690 s
currentSize : 13 <-- 0.006528 s
currentSize : 15 <-- 0.009061 s
currentSize : 16 <-- 0.011639 s
currentSize : 17 <-- 0.014881 s
currentSize : 21 <-- 0.015039 s
currentSize : 22 <-- 0.031716 s
currentSize : 23 <-- 0.047817 s
currentSize : 25 <-- 0.055136 s
currentSize : 35 <-- 0.075862 s

maxsize : 35
nodes : 28562.000000
filtered : 480698.000000
time : 0.189263
