Parameters: GAD=1 vflib=1 dir=0 label=0 vlabel=1 lowerbound=1 fileNameGp=../../cp2016-max-common-connected-subgraph-paper/datasets/graphsdb/mcs50/rand/r01/mcs50_r01_s90.A09 fileNameGt=../../cp2016-max-common-connected-subgraph-paper/datasets/graphsdb/mcs50/rand/r01/mcs50_r01_s90.B09
Reading graphs...
90 :  750
90 :  752
Initializing...
maxdom : 10
D->valSize : 561
Solving...
Blb : 2 (clique : 15)
currentSize : 15 <-- 0.010057 s
currentSize : 16 <-- 0.012521 s
currentSize : 17 <-- 0.017661 s
currentSize : 18 <-- 0.167854 s
currentSize : 19 <-- 0.500362 s
currentSize : 20 <-- 5.186411 s
currentSize : 21 <-- 5.362507 s
currentSize : 22 <-- 5.465761 s
currentSize : 23 <-- 10.186061 s
currentSize : 25 <-- 18.978651 s
currentSize : 26 <-- 31.145782 s
currentSize : 27 <-- 34.721363 s
currentSize : 29 <-- 34.732239 s
currentSize : 30 <-- 34.732456 s
currentSize : 31 <-- 34.733746 s
currentSize : 33 <-- 34.733887 s
currentSize : 34 <-- 38.848217 s
currentSize : 37 <-- 52.469666 s
currentSize : 45 <-- 59.646618 s

maxsize : 45
nodes : 9503743.000000
filtered : 115854638.000000
time : 64.619308
