Parameters: GAD=1 vflib=1 dir=0 label=0 vlabel=1 lowerbound=1 fileNameGp=../../cp2016-max-common-connected-subgraph-paper/datasets/graphsdb/mcs50/m2D/m2D/mcs50_m2D_s70.A00 fileNameGt=../../cp2016-max-common-connected-subgraph-paper/datasets/graphsdb/mcs50/m2D/m2D/mcs50_m2D_s70.B00
Reading graphs...
70 :  123
70 :  123
Initializing...
maxdom : 9
D->valSize : 318
Solving...
Blb : 2 (clique : 26)
currentSize : 26 <-- 0.004431 s
currentSize : 27 <-- 0.004784 s
currentSize : 28 <-- 0.005839 s
currentSize : 29 <-- 0.005955 s
currentSize : 30 <-- 0.007737 s
currentSize : 31 <-- 0.011898 s
currentSize : 32 <-- 4.616048 s
currentSize : 33 <-- 4.617965 s
currentSize : 34 <-- 13.311085 s
currentSize : 35 <-- 66.498123 s
currentSize : 36 <-- 108.854912 s
currentSize : 37 <-- 113.977379 s
currentSize : 38 <-- 116.183403 s
currentSize : 39 <-- 116.190681 s
currentSize : 40 <-- 116.200844 s

maxsize : 40
nodes : 26469677.000000
filtered : 170203905.000000
time : 128.899368
