Parameters: GAD=1 vflib=1 dir=0 label=0 vlabel=1 lowerbound=1 fileNameGp=../../cp2016-max-common-connected-subgraph-paper/datasets/graphsdb/mcs50/m3D/m3D/mcs50_m3D_s50.A07 fileNameGt=../../cp2016-max-common-connected-subgraph-paper/datasets/graphsdb/mcs50/m3D/m3D/mcs50_m3D_s50.B07
Reading graphs...
50 :  109
50 :  109
Initializing...
maxdom : 9
D->valSize : 323
Solving...
Blb : 2 (clique : 19)
currentSize : 19 <-- 0.002355 s
currentSize : 20 <-- 0.002713 s
currentSize : 21 <-- 0.005084 s
currentSize : 22 <-- 0.025028 s
currentSize : 23 <-- 0.042304 s
currentSize : 24 <-- 0.214030 s
currentSize : 25 <-- 13.366792 s
currentSize : 26 <-- 18.725416 s
currentSize : 27 <-- 57.641026 s
currentSize : 28 <-- 80.404968 s

maxsize : 28
nodes : 16070627.000000
filtered : 185860875.000000
time : 82.173874
