Parameters: GAD=1 vflib=1 dir=0 label=0 vlabel=1 lowerbound=1 fileNameGp=../../cp2016-max-common-connected-subgraph-paper/datasets/graphsdb/mcs50/rand/r01/mcs50_r01_s70.A00 fileNameGt=../../cp2016-max-common-connected-subgraph-paper/datasets/graphsdb/mcs50/rand/r01/mcs50_r01_s70.B00
Reading graphs...
70 :  457
70 :  459
Initializing...
maxdom : 9
D->valSize : 337
Solving...
Blb : 2 (clique : 16)
currentSize : 16 <-- 0.004207 s
currentSize : 17 <-- 0.004468 s
currentSize : 18 <-- 0.004540 s
currentSize : 20 <-- 0.005128 s
currentSize : 21 <-- 0.005369 s
currentSize : 22 <-- 0.005484 s
currentSize : 29 <-- 0.009342 s
currentSize : 35 <-- 0.027592 s

maxsize : 35
nodes : 92143.000000
filtered : 1219079.000000
time : 0.574847
