Parameters: GAD=1 vflib=1 dir=0 label=0 vlabel=1 lowerbound=1 fileNameGp=../../cp2016-max-common-connected-subgraph-paper/datasets/graphsdb/mcs50/m2D/m2Dr2/mcs50_m2Dr2_s50.A05 fileNameGt=../../cp2016-max-common-connected-subgraph-paper/datasets/graphsdb/mcs50/m2D/m2Dr2/mcs50_m2Dr2_s50.B05
Reading graphs...
50 :  95
50 :  95
Initializing...
maxdom : 9
D->valSize : 311
Solving...
Blb : 2 (clique : 22)
currentSize : 22 <-- 0.002378 s
currentSize : 23 <-- 0.003756 s
currentSize : 24 <-- 0.007859 s
currentSize : 25 <-- 0.031819 s
currentSize : 26 <-- 0.278600 s
currentSize : 27 <-- 1.136613 s
currentSize : 28 <-- 16.898621 s
currentSize : 29 <-- 16.906485 s

maxsize : 29
nodes : 7698547.000000
filtered : 85703556.000000
time : 37.235504
