Parameters: GAD=1 vflib=1 dir=0 label=0 vlabel=1 lowerbound=1 fileNameGp=../../cp2016-max-common-connected-subgraph-paper/datasets/graphsdb/mcs50/m3D/m3Dr6/mcs50_m3Dr6_s50.A06 fileNameGt=../../cp2016-max-common-connected-subgraph-paper/datasets/graphsdb/mcs50/m3D/m3Dr6/mcs50_m3Dr6_s50.B06
Reading graphs...
50 :  136
50 :  130
Initializing...
maxdom : 9
D->valSize : 344
Solving...
Blb : 2 (clique : 17)
currentSize : 17 <-- 0.002529 s
currentSize : 18 <-- 0.002815 s
currentSize : 19 <-- 0.003091 s
currentSize : 20 <-- 0.003441 s
currentSize : 21 <-- 0.563974 s
currentSize : 22 <-- 1.409077 s
currentSize : 23 <-- 1.898505 s
currentSize : 24 <-- 1.904635 s
currentSize : 27 <-- 1.904720 s

maxsize : 27
nodes : 827641.000000
filtered : 8752730.000000
time : 3.941090
