Parameters: GAD=1 vflib=1 dir=0 label=0 vlabel=1 lowerbound=1 fileNameGp=../../cp2016-max-common-connected-subgraph-paper/datasets/graphsdb/mcs50/rand/r02/mcs50_r02_s80.A07 fileNameGt=../../cp2016-max-common-connected-subgraph-paper/datasets/graphsdb/mcs50/rand/r02/mcs50_r02_s80.B07
Reading graphs...
80 :  1126
80 :  1118
Initializing...
maxdom : 11
D->valSize : 397
Solving...
Blb : 3 (clique : 10)
currentSize : 10 <-- 0.003646 s
currentSize : 11 <-- 0.004751 s
currentSize : 12 <-- 0.005833 s
currentSize : 13 <-- 0.017908 s
currentSize : 14 <-- 0.018107 s
currentSize : 15 <-- 0.039748 s
currentSize : 16 <-- 0.049614 s
currentSize : 17 <-- 0.084309 s
currentSize : 18 <-- 0.165791 s
currentSize : 20 <-- 0.204855 s
currentSize : 25 <-- 0.205164 s
currentSize : 28 <-- 0.478691 s
currentSize : 30 <-- 0.480615 s
currentSize : 40 <-- 0.481122 s

maxsize : 40
nodes : 94725.000000
filtered : 1163577.000000
time : 0.607426
