Parameters: GAD=1 vflib=1 dir=0 label=0 vlabel=1 lowerbound=1 fileNameGp=../../cp2016-max-common-connected-subgraph-paper/datasets/graphsdb/mcs50/rand/r02/mcs50_r02_s80.A01 fileNameGt=../../cp2016-max-common-connected-subgraph-paper/datasets/graphsdb/mcs50/rand/r02/mcs50_r02_s80.B01
Reading graphs...
80 :  1111
80 :  1136
Initializing...
maxdom : 12
D->valSize : 467
Solving...
Blb : 5 (clique : 10)
currentSize : 10 <-- 0.005510 s
currentSize : 11 <-- 0.005740 s
currentSize : 12 <-- 0.009506 s
currentSize : 13 <-- 0.013682 s
currentSize : 14 <-- 0.015617 s
currentSize : 15 <-- 0.051258 s
currentSize : 16 <-- 0.051762 s
currentSize : 17 <-- 0.051907 s
currentSize : 18 <-- 0.060367 s
currentSize : 20 <-- 0.060455 s
currentSize : 22 <-- 0.063783 s
currentSize : 25 <-- 0.063910 s
currentSize : 28 <-- 0.104124 s
currentSize : 40 <-- 0.104446 s

maxsize : 40
nodes : 53179.000000
filtered : 1177680.000000
time : 0.413792
