Parameters: GAD=1 vflib=1 dir=0 label=0 vlabel=1 lowerbound=1 fileNameGp=../../cp2016-max-common-connected-subgraph-paper/datasets/graphsdb/mcs50/bvg/b06m/mcs50_b06m_s100.A05 fileNameGt=../../cp2016-max-common-connected-subgraph-paper/datasets/graphsdb/mcs50/bvg/b06m/mcs50_b06m_s100.B05
Reading graphs...
100 :  298
100 :  297
Initializing...
maxdom : 6
D->valSize : 337
Solving...
Blb : 5 (clique : 27)
currentSize : 27 <-- 0.003499 s
currentSize : 28 <-- 0.758110 s
currentSize : 29 <-- 0.847596 s
currentSize : 30 <-- 0.854125 s
currentSize : 31 <-- 6.450402 s
currentSize : 32 <-- 6.974261 s
currentSize : 33 <-- 6.974675 s
currentSize : 34 <-- 10.765515 s
currentSize : 35 <-- 177.545837 s
currentSize : 36 <-- 177.599075 s
currentSize : 37 <-- 341.521912 s

TIMEOUT
maxsize : 37
nodes : 191887897.000000
filtered : 685123819.000000
time : 1000.000061
