Parameters: GAD=1 vflib=1 dir=0 label=0 vlabel=1 lowerbound=1 fileNameGp=../../cp2016-max-common-connected-subgraph-paper/datasets/graphsdb/mcs50/bvg/b09/mcs50_b09_s50.A02 fileNameGt=../../cp2016-max-common-connected-subgraph-paper/datasets/graphsdb/mcs50/bvg/b09/mcs50_b09_s50.B02
Reading graphs...
50 :  221
50 :  223
Initializing...
maxdom : 9
D->valSize : 336
Solving...
Blb : 2 (clique : 14)
currentSize : 14 <-- 0.002355 s
currentSize : 15 <-- 0.002490 s
currentSize : 16 <-- 0.003051 s
currentSize : 17 <-- 0.099779 s
currentSize : 18 <-- 1.487454 s
currentSize : 19 <-- 1.487538 s
currentSize : 23 <-- 1.613837 s
currentSize : 24 <-- 2.450278 s
currentSize : 25 <-- 2.450489 s

maxsize : 25
nodes : 579569.000000
filtered : 6330933.000000
time : 2.792452
