Parameters: GAD=1 vflib=1 dir=0 label=0 vlabel=1 lowerbound=1 fileNameGp=../../cp2016-max-common-connected-subgraph-paper/datasets/graphsdb/mcs50/bvg/b06/mcs50_b06_s90.A09 fileNameGt=../../cp2016-max-common-connected-subgraph-paper/datasets/graphsdb/mcs50/bvg/b06/mcs50_b06_s90.B09
Reading graphs...
90 :  269
90 :  269
Initializing...
maxdom : 10
D->valSize : 564
Solving...
Blb : 2 (clique : 26)
currentSize : 26 <-- 0.006681 s
currentSize : 27 <-- 0.007006 s
currentSize : 28 <-- 0.007156 s
currentSize : 29 <-- 0.007363 s
currentSize : 31 <-- 0.010786 s
currentSize : 32 <-- 0.012903 s
currentSize : 33 <-- 0.585348 s
currentSize : 34 <-- 0.682769 s
currentSize : 35 <-- 10.025300 s
currentSize : 36 <-- 37.842560 s

TIMEOUT
maxsize : 36
nodes : 167975561.000000
filtered : 1451099035.000000
time : 1000.000061
