Parameters: GAD=1 vflib=1 dir=0 label=0 vlabel=1 lowerbound=1 fileNameGp=../../cp2016-max-common-connected-subgraph-paper/datasets/graphsdb/mcs50/m2D/m2D/mcs50_m2D_s80.A02 fileNameGt=../../cp2016-max-common-connected-subgraph-paper/datasets/graphsdb/mcs50/m2D/m2D/mcs50_m2D_s80.B02
Reading graphs...
80 :  141
80 :  142
Initializing...
maxdom : 9
D->valSize : 417
Solving...
Blb : 2 (clique : 28)
currentSize : 28 <-- 0.005185 s
currentSize : 29 <-- 0.005395 s
currentSize : 30 <-- 0.008812 s
currentSize : 31 <-- 0.018630 s
currentSize : 32 <-- 0.137375 s
currentSize : 33 <-- 4.469454 s
currentSize : 34 <-- 88.271873 s
currentSize : 35 <-- 131.775391 s
currentSize : 36 <-- 774.271118 s

TIMEOUT
maxsize : 36
nodes : 183355730.000000
filtered : 1361013927.000000
time : 1000.000061
