Parameters: GAD=1 vflib=1 dir=0 label=0 vlabel=1 lowerbound=1 fileNameGp=../../cp2016-max-common-connected-subgraph-paper/datasets/graphsdb/mcs50/m3D/m3Dr6/mcs50_m3Dr6_s50.A00 fileNameGt=../../cp2016-max-common-connected-subgraph-paper/datasets/graphsdb/mcs50/m3D/m3Dr6/mcs50_m3Dr6_s50.B00
Reading graphs...
50 :  135
50 :  137
Initializing...
maxdom : 11
D->valSize : 332
Solving...
Blb : 2 (clique : 16)
currentSize : 16 <-- 0.003938 s
currentSize : 18 <-- 0.004810 s
currentSize : 19 <-- 0.007271 s
currentSize : 20 <-- 0.007343 s
currentSize : 21 <-- 0.008783 s
currentSize : 22 <-- 0.986321 s
currentSize : 24 <-- 0.986785 s
currentSize : 25 <-- 1.320674 s
currentSize : 26 <-- 1.320952 s
currentSize : 27 <-- 1.321028 s
currentSize : 28 <-- 2.080376 s

maxsize : 28
nodes : 486349.000000
filtered : 6028184.000000
time : 2.547800
