Parameters: GAD=1 vflib=1 dir=0 label=0 vlabel=1 lowerbound=1 fileNameGp=../../cp2016-max-common-connected-subgraph-paper/datasets/graphsdb/mcs50/bvg/b03m/mcs50_b03m_s60.A07 fileNameGt=../../cp2016-max-common-connected-subgraph-paper/datasets/graphsdb/mcs50/bvg/b03m/mcs50_b03m_s60.B07
Reading graphs...
60 :  89
60 :  89
Initializing...
maxdom : 6
D->valSize : 248
Solving...
Blb : 2 (clique : 28)
currentSize : 28 <-- 0.002940 s
currentSize : 29 <-- 0.003260 s
currentSize : 30 <-- 0.003959 s
currentSize : 31 <-- 9.421533 s
currentSize : 32 <-- 147.476685 s
currentSize : 33 <-- 147.476807 s

maxsize : 33
nodes : 65919318.000000
filtered : 419375459.000000
time : 297.344391
