Parameters: GAD=1 vflib=1 dir=0 label=0 vlabel=1 lowerbound=1 fileNameGp=../../cp2016-max-common-connected-subgraph-paper/datasets/graphsdb/mcs50/m2D/m2Dr4/mcs50_m2Dr4_s80.A06 fileNameGt=../../cp2016-max-common-connected-subgraph-paper/datasets/graphsdb/mcs50/m2D/m2Dr4/mcs50_m2Dr4_s80.B06
Reading graphs...
80 :  172
80 :  174
Initializing...
maxdom : 11
D->valSize : 474
Solving...
Blb : 5 (clique : 28)
currentSize : 28 <-- 0.005012 s
currentSize : 29 <-- 0.201042 s
currentSize : 30 <-- 5.446020 s
currentSize : 31 <-- 7.974618 s
currentSize : 32 <-- 10.506078 s
currentSize : 33 <-- 14.767177 s
currentSize : 34 <-- 319.368958 s

TIMEOUT
maxsize : 34
nodes : 184734562.000000
filtered : 1425860632.000000
time : 1000.000061
