Parameters: GAD=1 vflib=1 dir=0 label=0 vlabel=1 lowerbound=1 fileNameGp=../../cp2016-max-common-connected-subgraph-paper/datasets/graphsdb/mcs50/rand/r01/mcs50_r01_s60.A07 fileNameGt=../../cp2016-max-common-connected-subgraph-paper/datasets/graphsdb/mcs50/rand/r01/mcs50_r01_s60.B07
Reading graphs...
60 :  336
60 :  337
Initializing...
maxdom : 8
D->valSize : 272
Solving...
Blb : 2 (clique : 13)
currentSize : 13 <-- 0.003025 s
currentSize : 14 <-- 0.003764 s
currentSize : 16 <-- 0.007957 s
currentSize : 17 <-- 0.024227 s
currentSize : 18 <-- 0.061931 s
currentSize : 19 <-- 0.094043 s
currentSize : 21 <-- 0.094672 s
currentSize : 22 <-- 0.094956 s
currentSize : 23 <-- 0.149002 s
currentSize : 25 <-- 0.149083 s
currentSize : 26 <-- 0.149136 s
currentSize : 30 <-- 0.428393 s

maxsize : 30
nodes : 99118.000000
filtered : 1026660.000000
time : 0.539845
