Parameters: GAD=1 vflib=1 dir=0 label=0 vlabel=1 lowerbound=1 fileNameGp=../../cp2016-max-common-connected-subgraph-paper/datasets/graphsdb/mcs50/rand/r01/mcs50_r01_s70.A09 fileNameGt=../../cp2016-max-common-connected-subgraph-paper/datasets/graphsdb/mcs50/rand/r01/mcs50_r01_s70.B09
Reading graphs...
70 :  460
70 :  465
Initializing...
maxdom : 11
D->valSize : 400
Solving...
Blb : 5 (clique : 14)
currentSize : 14 <-- 0.005416 s
currentSize : 15 <-- 0.007002 s
currentSize : 16 <-- 0.064956 s
currentSize : 17 <-- 0.071090 s
currentSize : 18 <-- 0.074375 s
currentSize : 19 <-- 0.899507 s
currentSize : 20 <-- 1.210987 s
currentSize : 21 <-- 1.711026 s
currentSize : 25 <-- 1.738341 s
currentSize : 26 <-- 4.019186 s
currentSize : 28 <-- 4.019306 s
currentSize : 31 <-- 4.738049 s
currentSize : 35 <-- 5.415873 s

maxsize : 35
nodes : 984992.000000
filtered : 11853779.000000
time : 5.828985
