Parameters: GAD=1 vflib=1 dir=0 label=0 vlabel=1 lowerbound=1 fileNameGp=../../cp2016-max-common-connected-subgraph-paper/datasets/graphsdb/mcs50/bvg/b09/mcs50_b09_s100.A06 fileNameGt=../../cp2016-max-common-connected-subgraph-paper/datasets/graphsdb/mcs50/bvg/b09/mcs50_b09_s100.B06
Reading graphs...
100 :  450
100 :  445
Initializing...
maxdom : 9
D->valSize : 349
Solving...
Blb : 3 (clique : 40)
currentSize : 40 <-- 0.005583 s
currentSize : 41 <-- 5.113286 s
currentSize : 43 <-- 27.082508 s
currentSize : 45 <-- 27.082668 s
currentSize : 46 <-- 28.075617 s
currentSize : 47 <-- 28.080391 s
currentSize : 48 <-- 28.087046 s
currentSize : 49 <-- 28.087305 s
currentSize : 50 <-- 28.087473 s

maxsize : 50
nodes : 8416851.000000
filtered : 47227711.000000
time : 50.077324
