Parameters: GAD=1 vflib=1 dir=0 label=0 vlabel=1 lowerbound=1 fileNameGp=../../cp2016-max-common-connected-subgraph-paper/datasets/graphsdb/mcs50/rand/r01/mcs50_r01_s50.A01 fileNameGt=../../cp2016-max-common-connected-subgraph-paper/datasets/graphsdb/mcs50/rand/r01/mcs50_r01_s50.B01
Reading graphs...
50 :  233
50 :  230
Initializing...
maxdom : 11
D->valSize : 319
Solving...
Blb : 2 (clique : 14)
currentSize : 14 <-- 0.003426 s
currentSize : 15 <-- 0.003718 s
currentSize : 16 <-- 0.005752 s
currentSize : 17 <-- 0.021705 s
currentSize : 18 <-- 0.206289 s
currentSize : 19 <-- 0.212815 s
currentSize : 20 <-- 0.244041 s
currentSize : 21 <-- 0.361624 s
currentSize : 23 <-- 0.423851 s
currentSize : 24 <-- 0.470663 s
currentSize : 25 <-- 0.470818 s

maxsize : 25
nodes : 136224.000000
filtered : 1717882.000000
time : 0.759048
