Parameters: GAD=1 vflib=1 dir=0 label=0 vlabel=1 lowerbound=1 fileNameGp=../../cp2016-max-common-connected-subgraph-paper/datasets/graphsdb/mcs50/m2D/m2D/mcs50_m2D_s70.A06 fileNameGt=../../cp2016-max-common-connected-subgraph-paper/datasets/graphsdb/mcs50/m2D/m2D/mcs50_m2D_s70.B06
Reading graphs...
70 :  123
70 :  123
Initializing...
maxdom : 8
D->valSize : 347
Solving...
Blb : 2 (clique : 28)
currentSize : 28 <-- 0.005102 s
currentSize : 29 <-- 0.005507 s
currentSize : 30 <-- 0.005725 s
currentSize : 31 <-- 0.006199 s
currentSize : 32 <-- 0.007263 s
currentSize : 33 <-- 0.419572 s
currentSize : 34 <-- 0.579808 s
currentSize : 35 <-- 0.687387 s
currentSize : 36 <-- 27.810429 s
currentSize : 37 <-- 206.862122 s
currentSize : 38 <-- 206.866013 s
currentSize : 39 <-- 206.887604 s
currentSize : 40 <-- 535.769409 s
currentSize : 41 <-- 557.458374 s

maxsize : 41
nodes : 117305134.000000
filtered : 1102267301.000000
time : 651.661621
