Parameters: GAD=1 vflib=1 dir=0 label=0 vlabel=1 lowerbound=1 fileNameGp=../../cp2016-max-common-connected-subgraph-paper/datasets/graphsdb/mcs50/bvg/b09/mcs50_b09_s50.A01 fileNameGt=../../cp2016-max-common-connected-subgraph-paper/datasets/graphsdb/mcs50/bvg/b09/mcs50_b09_s50.B01
Reading graphs...
50 :  224
50 :  222
Initializing...
maxdom : 9
D->valSize : 330
Solving...
Blb : 5 (clique : 14)
currentSize : 14 <-- 0.002533 s
currentSize : 15 <-- 0.004286 s
currentSize : 16 <-- 0.004845 s
currentSize : 17 <-- 0.127855 s
currentSize : 18 <-- 1.193822 s
currentSize : 21 <-- 4.717675 s
currentSize : 22 <-- 4.717780 s
currentSize : 23 <-- 4.718955 s
currentSize : 24 <-- 4.733554 s

maxsize : 24
nodes : 1873420.000000
filtered : 19280147.000000
time : 8.864229
