Parameters: GAD=1 vflib=1 dir=0 label=0 vlabel=1 lowerbound=1 fileNameGp=../../cp2016-max-common-connected-subgraph-paper/datasets/graphsdb/mcs50/m2D/m2Dr6/mcs50_m2Dr6_s60.A02 fileNameGt=../../cp2016-max-common-connected-subgraph-paper/datasets/graphsdb/mcs50/m2D/m2Dr6/mcs50_m2Dr6_s60.B02
Reading graphs...
60 :  137
60 :  134
Initializing...
maxdom : 7
D->valSize : 267
Solving...
Blb : 2 (clique : 19)
currentSize : 19 <-- 0.002051 s
currentSize : 20 <-- 0.004243 s
currentSize : 21 <-- 0.039241 s
currentSize : 22 <-- 0.044239 s
currentSize : 23 <-- 0.270514 s
currentSize : 24 <-- 1.036898 s
currentSize : 25 <-- 40.992668 s
currentSize : 26 <-- 282.121979 s
currentSize : 27 <-- 391.503204 s
currentSize : 28 <-- 394.751495 s
currentSize : 29 <-- 394.751740 s

maxsize : 29
nodes : 109283544.000000
filtered : 911278145.000000
time : 530.660889
