Parameters: GAD=1 vflib=1 dir=0 label=0 vlabel=1 lowerbound=1 fileNameGp=../../cp2016-max-common-connected-subgraph-paper/datasets/graphsdb/mcs50/bvg/b06/mcs50_b06_s50.A07 fileNameGt=../../cp2016-max-common-connected-subgraph-paper/datasets/graphsdb/mcs50/bvg/b06/mcs50_b06_s50.B07
Reading graphs...
50 :  149
50 :  149
Initializing...
maxdom : 9
D->valSize : 305
Solving...
Blb : 3 (clique : 20)
currentSize : 20 <-- 0.002159 s
currentSize : 21 <-- 0.060340 s
currentSize : 22 <-- 0.628867 s
currentSize : 23 <-- 0.896780 s
currentSize : 24 <-- 5.440939 s
currentSize : 25 <-- 5.441647 s
currentSize : 26 <-- 5.993977 s
currentSize : 27 <-- 5.996024 s
currentSize : 28 <-- 8.726821 s

maxsize : 28
nodes : 2680291.000000
filtered : 28004177.000000
time : 12.707409
