Parameters: GAD=1 vflib=1 dir=0 label=0 vlabel=1 lowerbound=1 fileNameGp=../../cp2016-max-common-connected-subgraph-paper/datasets/graphsdb/mcs50/m2D/m2Dr4/mcs50_m2Dr4_s50.A03 fileNameGt=../../cp2016-max-common-connected-subgraph-paper/datasets/graphsdb/mcs50/m2D/m2Dr4/mcs50_m2Dr4_s50.B03
Reading graphs...
50 :  104
50 :  102
Initializing...
maxdom : 10
D->valSize : 323
Solving...
Blb : 2 (clique : 19)
currentSize : 19 <-- 0.002384 s
currentSize : 21 <-- 0.002505 s
currentSize : 22 <-- 0.003612 s
currentSize : 23 <-- 0.010723 s
currentSize : 24 <-- 0.257635 s
currentSize : 25 <-- 0.281318 s
currentSize : 26 <-- 1.155967 s
currentSize : 27 <-- 2.718421 s
currentSize : 28 <-- 65.812523 s

maxsize : 28
nodes : 19270541.000000
filtered : 232899630.000000
time : 100.591736
