Parameters: GAD=1 vflib=1 dir=0 label=0 vlabel=1 lowerbound=1 fileNameGp=../../cp2016-max-common-connected-subgraph-paper/datasets/graphsdb/mcs50/bvg/b09/mcs50_b09_s70.A05 fileNameGt=../../cp2016-max-common-connected-subgraph-paper/datasets/graphsdb/mcs50/bvg/b09/mcs50_b09_s70.B05
Reading graphs...
70 :  311
70 :  311
Initializing...
maxdom : 9
D->valSize : 329
Solving...
Blb : 2 (clique : 20)
currentSize : 20 <-- 0.002819 s
currentSize : 21 <-- 0.002996 s
currentSize : 22 <-- 0.003975 s
currentSize : 23 <-- 0.006632 s
currentSize : 24 <-- 0.008160 s
currentSize : 25 <-- 4.434960 s
currentSize : 26 <-- 6.116837 s
currentSize : 27 <-- 10.857655 s
currentSize : 28 <-- 10.859273 s
currentSize : 29 <-- 11.870300 s
currentSize : 34 <-- 15.114122 s
currentSize : 35 <-- 15.114365 s
currentSize : 36 <-- 15.118267 s

maxsize : 36
nodes : 3330094.000000
filtered : 24452908.000000
time : 17.352552
