Parameters: GAD=1 vflib=1 dir=0 label=0 vlabel=1 lowerbound=1 fileNameGp=../../cp2016-max-common-connected-subgraph-paper/datasets/graphsdb/mcs50/bvg/b06m/mcs50_b06m_s70.A05 fileNameGt=../../cp2016-max-common-connected-subgraph-paper/datasets/graphsdb/mcs50/bvg/b06m/mcs50_b06m_s70.B05
Reading graphs...
70 :  206
70 :  208
Initializing...
maxdom : 10
D->valSize : 325
Solving...
Blb : 2 (clique : 26)
currentSize : 26 <-- 0.003057 s
currentSize : 27 <-- 0.003265 s
currentSize : 28 <-- 0.003366 s
currentSize : 29 <-- 0.003590 s
currentSize : 30 <-- 0.003801 s
currentSize : 31 <-- 0.006174 s
currentSize : 32 <-- 0.034954 s
currentSize : 34 <-- 31.630644 s
currentSize : 35 <-- 31.632889 s

maxsize : 35
nodes : 24743774.000000
filtered : 128428130.000000
time : 113.595917
