Parameters: GAD=1 vflib=1 dir=0 label=0 vlabel=1 lowerbound=1 fileNameGp=../../cp2016-max-common-connected-subgraph-paper/datasets/graphsdb/mcs50/m2D/m2D/mcs50_m2D_s60.A01 fileNameGt=../../cp2016-max-common-connected-subgraph-paper/datasets/graphsdb/mcs50/m2D/m2D/mcs50_m2D_s60.B01
Reading graphs...
60 :  104
60 :  104
Initializing...
maxdom : 8
D->valSize : 286
Solving...
Blb : 2 (clique : 22)
currentSize : 22 <-- 0.003466 s
currentSize : 23 <-- 0.010822 s
currentSize : 24 <-- 0.058138 s
currentSize : 25 <-- 0.061897 s
currentSize : 26 <-- 0.075039 s
currentSize : 27 <-- 0.077566 s
currentSize : 28 <-- 33.398495 s
currentSize : 29 <-- 64.815041 s

maxsize : 29
nodes : 21852957.000000
filtered : 173256483.000000
time : 104.148254
