Parameters: GAD=1 vflib=1 dir=0 label=0 vlabel=1 lowerbound=1 fileNameGp=../../cp2016-max-common-connected-subgraph-paper/datasets/graphsdb/mcs50/bvg/b09m/mcs50_b09m_s50.A07 fileNameGt=../../cp2016-max-common-connected-subgraph-paper/datasets/graphsdb/mcs50/bvg/b09m/mcs50_b09m_s50.B07
Reading graphs...
50 :  221
50 :  217
Initializing...
maxdom : 8
D->valSize : 323
Solving...
Blb : 2 (clique : 13)
currentSize : 13 <-- 0.002305 s
currentSize : 14 <-- 0.002500 s
currentSize : 15 <-- 0.003147 s
currentSize : 16 <-- 0.138233 s
currentSize : 17 <-- 0.138413 s
currentSize : 18 <-- 0.195592 s
currentSize : 19 <-- 0.366998 s
currentSize : 20 <-- 0.367972 s
currentSize : 21 <-- 0.372283 s
currentSize : 22 <-- 0.821035 s
currentSize : 24 <-- 1.438736 s
currentSize : 25 <-- 1.444197 s
currentSize : 26 <-- 1.444313 s

maxsize : 26
nodes : 434543.000000
filtered : 5305727.000000
time : 2.134141
