Parameters: GAD=1 vflib=1 dir=0 label=0 vlabel=1 lowerbound=1 fileNameGp=../../cp2016-max-common-connected-subgraph-paper/datasets/graphsdb/mcs50/bvg/b03/mcs50_b03_s90.A01 fileNameGt=../../cp2016-max-common-connected-subgraph-paper/datasets/graphsdb/mcs50/bvg/b03/mcs50_b03_s90.B01
Reading graphs...
90 :  134
90 :  135
Initializing...
maxdom : 11
D->valSize : 556
Solving...
Blb : 2 (clique : 42)
currentSize : 42 <-- 0.007772 s
currentSize : 43 <-- 0.008115 s
currentSize : 44 <-- 0.008683 s
currentSize : 45 <-- 0.164076 s
currentSize : 46 <-- 1.089428 s
currentSize : 47 <-- 10.621530 s

TIMEOUT
maxsize : 47
nodes : 184303336.000000
filtered : 1140420217.000000
time : 1000.000122
