Parameters: GAD=1 vflib=1 dir=0 label=0 vlabel=1 lowerbound=1 fileNameGp=../../cp2016-max-common-connected-subgraph-paper/datasets/graphsdb/mcs50/rand/r005/mcs50_r005_s80.A06 fileNameGt=../../cp2016-max-common-connected-subgraph-paper/datasets/graphsdb/mcs50/rand/r005/mcs50_r005_s80.B06
Reading graphs...
80 :  304
80 :  310
Initializing...
maxdom : 11
D->valSize : 483
Solving...
Blb : 2 (clique : 22)
currentSize : 22 <-- 0.008134 s
currentSize : 23 <-- 0.008418 s
currentSize : 24 <-- 0.350054 s
currentSize : 25 <-- 0.522864 s
currentSize : 26 <-- 0.726777 s
currentSize : 27 <-- 11.778160 s
currentSize : 28 <-- 11.778862 s
currentSize : 29 <-- 57.356560 s
currentSize : 30 <-- 70.929939 s
currentSize : 32 <-- 99.178017 s
currentSize : 33 <-- 144.690186 s
currentSize : 34 <-- 156.993668 s
currentSize : 35 <-- 156.994583 s
currentSize : 38 <-- 224.630875 s
currentSize : 39 <-- 287.036316 s
currentSize : 40 <-- 287.036713 s
currentSize : 41 <-- 287.036896 s

maxsize : 41
nodes : 47632105.000000
filtered : 545507842.000000
time : 305.685211
