Parameters: GAD=1 vflib=1 dir=0 label=0 vlabel=1 lowerbound=1 fileNameGp=../../cp2016-max-common-connected-subgraph-paper/datasets/graphsdb/mcs50/rand/r005/mcs50_r005_s70.A05 fileNameGt=../../cp2016-max-common-connected-subgraph-paper/datasets/graphsdb/mcs50/rand/r005/mcs50_r005_s70.B05
Reading graphs...
70 :  235
70 :  236
Initializing...
maxdom : 8
D->valSize : 368
Solving...
Blb : 2 (clique : 22)
currentSize : 22 <-- 0.003232 s
currentSize : 23 <-- 0.009793 s
currentSize : 24 <-- 0.018217 s
currentSize : 25 <-- 0.954057 s
currentSize : 26 <-- 23.003084 s
currentSize : 27 <-- 32.175533 s
currentSize : 28 <-- 85.886581 s
currentSize : 29 <-- 85.886963 s
currentSize : 30 <-- 171.448013 s
currentSize : 31 <-- 171.449478 s
currentSize : 32 <-- 236.981583 s
currentSize : 33 <-- 260.799133 s
currentSize : 35 <-- 262.845398 s

maxsize : 35
nodes : 47426797.000000
filtered : 476040721.000000
time : 271.864716
