Parameters: GAD=1 vflib=1 dir=0 label=0 vlabel=1 lowerbound=1 fileNameGp=../../cp2016-max-common-connected-subgraph-paper/datasets/graphsdb/mcs50/rand/r005/mcs50_r005_s80.A03 fileNameGt=../../cp2016-max-common-connected-subgraph-paper/datasets/graphsdb/mcs50/rand/r005/mcs50_r005_s80.B03
Reading graphs...
80 :  311
80 :  308
Initializing...
maxdom : 8
D->valSize : 410
Solving...
Blb : 2 (clique : 21)
currentSize : 21 <-- 0.004881 s
currentSize : 22 <-- 0.005112 s
currentSize : 23 <-- 0.005278 s
currentSize : 24 <-- 0.323993 s
currentSize : 25 <-- 2.612547 s
currentSize : 26 <-- 23.047884 s
currentSize : 27 <-- 52.924110 s
currentSize : 28 <-- 57.522076 s
currentSize : 29 <-- 57.954521 s
currentSize : 30 <-- 103.550720 s
currentSize : 31 <-- 215.443039 s
currentSize : 33 <-- 269.025452 s
currentSize : 34 <-- 269.025848 s
currentSize : 35 <-- 269.026245 s
currentSize : 36 <-- 418.265167 s
currentSize : 38 <-- 418.363129 s
currentSize : 39 <-- 418.363495 s
currentSize : 40 <-- 436.620178 s

maxsize : 40
nodes : 73979350.000000
filtered : 792765347.000000
time : 455.508057
