Parameters: GAD=1 vflib=1 dir=0 label=0 vlabel=1 lowerbound=1 fileNameGp=../../cp2016-max-common-connected-subgraph-paper/datasets/graphsdb/mcs50/bvg/b06/mcs50_b06_s35.A08 fileNameGt=../../cp2016-max-common-connected-subgraph-paper/datasets/graphsdb/mcs50/bvg/b06/mcs50_b06_s35.B08
Reading graphs...
35 :  105
35 :  104
Initializing...
maxdom : 8
D->valSize : 152
Solving...
Blb : 2 (clique : 10)
currentSize : 10 <-- 0.001006 s
currentSize : 11 <-- 0.001153 s
currentSize : 12 <-- 0.001472 s
currentSize : 13 <-- 0.001507 s
currentSize : 14 <-- 0.001540 s
currentSize : 15 <-- 0.015649 s
currentSize : 16 <-- 0.085346 s
currentSize : 17 <-- 0.086406 s

maxsize : 17
nodes : 30505.000000
filtered : 234675.000000
time : 0.117027
