Parameters: GAD=1 vflib=1 dir=0 label=0 vlabel=1 lowerbound=1 fileNameGp=../../cp2016-max-common-connected-subgraph-paper/datasets/graphsdb/mcs50/rand/r01/mcs50_r01_s70.A03 fileNameGt=../../cp2016-max-common-connected-subgraph-paper/datasets/graphsdb/mcs50/rand/r01/mcs50_r01_s70.B03
Reading graphs...
70 :  462
70 :  455
Initializing...
maxdom : 7
D->valSize : 312
Solving...
Blb : 3 (clique : 15)
currentSize : 15 <-- 0.003535 s
currentSize : 16 <-- 0.018569 s
currentSize : 17 <-- 0.047283 s
currentSize : 18 <-- 0.265739 s
currentSize : 19 <-- 0.733417 s
currentSize : 20 <-- 0.777983 s
currentSize : 21 <-- 0.804598 s
currentSize : 22 <-- 0.804668 s
currentSize : 23 <-- 0.957137 s
currentSize : 26 <-- 0.995457 s
currentSize : 29 <-- 1.252040 s
currentSize : 35 <-- 2.703960 s

maxsize : 35
nodes : 552366.000000
filtered : 4933303.000000
time : 3.017309
