Parameters: GAD=1 vflib=1 dir=0 label=0 vlabel=1 lowerbound=1 fileNameGp=../../cp2016-max-common-connected-subgraph-paper/datasets/graphsdb/mcs50/m2D/m2Dr6/mcs50_m2Dr6_s80.A04 fileNameGt=../../cp2016-max-common-connected-subgraph-paper/datasets/graphsdb/mcs50/m2D/m2Dr6/mcs50_m2Dr6_s80.B04
Reading graphs...
80 :  186
80 :  185
Initializing...
maxdom : 8
D->valSize : 412
Solving...
Blb : 2 (clique : 28)
currentSize : 28 <-- 0.004066 s
currentSize : 29 <-- 0.014832 s
currentSize : 30 <-- 0.045109 s
currentSize : 31 <-- 0.107533 s
currentSize : 32 <-- 0.554867 s
currentSize : 33 <-- 27.019934 s

TIMEOUT
maxsize : 33
nodes : 182317736.000000
filtered : 1305161322.000000
time : 1000.000000
