Parameters: GAD=1 vflib=1 dir=0 label=0 vlabel=1 lowerbound=1 fileNameGp=../../cp2016-max-common-connected-subgraph-paper/datasets/graphsdb/mcs50/m2D/m2Dr2/mcs50_m2Dr2_s60.A04 fileNameGt=../../cp2016-max-common-connected-subgraph-paper/datasets/graphsdb/mcs50/m2D/m2Dr2/mcs50_m2Dr2_s60.B04
Reading graphs...
60 :  116
60 :  114
Initializing...
maxdom : 8
D->valSize : 251
Solving...
Blb : 3 (clique : 22)
currentSize : 22 <-- 0.001940 s
currentSize : 23 <-- 0.002063 s
currentSize : 24 <-- 0.002534 s
currentSize : 25 <-- 0.007411 s
currentSize : 26 <-- 0.009720 s
currentSize : 27 <-- 0.402675 s
currentSize : 28 <-- 6.375053 s
currentSize : 29 <-- 11.651426 s
currentSize : 30 <-- 68.283051 s

maxsize : 30
nodes : 23376914.000000
filtered : 151348539.000000
time : 104.356247
