Parameters: GAD=1 vflib=1 dir=0 label=0 vlabel=1 lowerbound=1 fileNameGp=../../cp2016-max-common-connected-subgraph-paper/datasets/graphsdb/mcs50/rand/r01/mcs50_r01_s50.A03 fileNameGt=../../cp2016-max-common-connected-subgraph-paper/datasets/graphsdb/mcs50/rand/r01/mcs50_r01_s50.B03
Reading graphs...
50 :  231
50 :  237
Initializing...
maxdom : 11
D->valSize : 340
Solving...
Blb : 2 (clique : 12)
currentSize : 12 <-- 0.002483 s
currentSize : 13 <-- 0.002569 s
currentSize : 15 <-- 0.002597 s
currentSize : 16 <-- 0.006052 s
currentSize : 17 <-- 0.008947 s
currentSize : 18 <-- 0.009294 s
currentSize : 19 <-- 0.010052 s
currentSize : 20 <-- 0.010437 s
currentSize : 21 <-- 0.045934 s
currentSize : 22 <-- 0.115666 s
currentSize : 23 <-- 0.122787 s
currentSize : 25 <-- 0.145271 s

maxsize : 25
nodes : 114961.000000
filtered : 1880778.000000
time : 0.628249
