Parameters: GAD=1 vflib=1 dir=0 label=0 vlabel=1 lowerbound=1 fileNameGp=../../cp2016-max-common-connected-subgraph-paper/datasets/graphsdb/mcs50/rand/r01/mcs50_r01_s100.A00 fileNameGt=../../cp2016-max-common-connected-subgraph-paper/datasets/graphsdb/mcs50/rand/r01/mcs50_r01_s100.B00
Reading graphs...
100 :  938
100 :  938
Initializing...
maxdom : 7
D->valSize : 403
Solving...
Blb : 2 (clique : 14)
currentSize : 14 <-- 0.004069 s
currentSize : 15 <-- 0.004277 s
currentSize : 17 <-- 0.004426 s
currentSize : 18 <-- 0.004513 s
currentSize : 20 <-- 0.006256 s
currentSize : 22 <-- 0.053533 s
currentSize : 24 <-- 0.053718 s
currentSize : 25 <-- 0.262296 s
currentSize : 26 <-- 0.351200 s
currentSize : 29 <-- 0.351286 s
currentSize : 31 <-- 0.770637 s
currentSize : 33 <-- 1.607073 s
currentSize : 37 <-- 1.671140 s
currentSize : 41 <-- 3.640920 s
currentSize : 43 <-- 3.795416 s
currentSize : 50 <-- 3.803722 s

maxsize : 50
nodes : 666700.000000
filtered : 6805770.000000
time : 4.752510
