Parameters: GAD=1 vflib=1 dir=0 label=0 vlabel=1 lowerbound=1 fileNameGp=../../cp2016-max-common-connected-subgraph-paper/datasets/graphsdb/mcs50/rand/r005/mcs50_r005_s60.A03 fileNameGt=../../cp2016-max-common-connected-subgraph-paper/datasets/graphsdb/mcs50/rand/r005/mcs50_r005_s60.B03
Reading graphs...
60 :  174
60 :  171
Initializing...
maxdom : 8
D->valSize : 250
Solving...
Blb : 2 (clique : 19)
currentSize : 19 <-- 0.002613 s
currentSize : 20 <-- 0.002924 s
currentSize : 21 <-- 0.003104 s
currentSize : 22 <-- 0.003301 s
currentSize : 23 <-- 0.223970 s
currentSize : 25 <-- 0.304578 s
currentSize : 26 <-- 0.308533 s
currentSize : 27 <-- 0.308731 s
currentSize : 28 <-- 0.409179 s
currentSize : 29 <-- 0.409455 s
currentSize : 30 <-- 0.744702 s
currentSize : 31 <-- 2.073487 s

maxsize : 31
nodes : 958171.000000
filtered : 6272477.000000
time : 4.424914
