Parameters: GAD=1 vflib=1 dir=0 label=0 vlabel=1 lowerbound=1 fileNameGp=../../cp2016-max-common-connected-subgraph-paper/datasets/graphsdb/mcs50/m2D/m2D/mcs50_m2D_s90.A02 fileNameGt=../../cp2016-max-common-connected-subgraph-paper/datasets/graphsdb/mcs50/m2D/m2D/mcs50_m2D_s90.B02
Reading graphs...
90 :  161
90 :  161
Initializing...
maxdom : 10
D->valSize : 540
Solving...
Blb : 2 (clique : 36)
currentSize : 36 <-- 0.010823 s
currentSize : 37 <-- 0.314805 s
currentSize : 38 <-- 17.916388 s
currentSize : 39 <-- 41.040329 s
currentSize : 40 <-- 43.046703 s
currentSize : 41 <-- 43.046871 s
currentSize : 42 <-- 43.047535 s
currentSize : 43 <-- 617.646118 s

TIMEOUT
maxsize : 43
nodes : 180096979.000000
filtered : 1430386829.000000
time : 1000.000061
