Parameters: GAD=1 vflib=1 dir=0 label=0 vlabel=1 lowerbound=1 fileNameGp=../../cp2016-max-common-connected-subgraph-paper/datasets/graphsdb/mcs50/m3D/m3Dr4/mcs50_m3Dr4_s60.A00 fileNameGt=../../cp2016-max-common-connected-subgraph-paper/datasets/graphsdb/mcs50/m3D/m3Dr4/mcs50_m3Dr4_s60.B00
Reading graphs...
60 :  156
60 :  154
Initializing...
maxdom : 8
D->valSize : 237
Solving...
Blb : 5 (clique : 18)
currentSize : 18 <-- 0.001755 s
currentSize : 19 <-- 0.002085 s
currentSize : 20 <-- 0.004024 s
currentSize : 21 <-- 0.020698 s
currentSize : 22 <-- 0.303610 s
currentSize : 23 <-- 0.303803 s
currentSize : 24 <-- 0.305349 s
currentSize : 25 <-- 0.678859 s
currentSize : 26 <-- 0.680130 s
currentSize : 27 <-- 1.054062 s
currentSize : 28 <-- 1.387375 s
currentSize : 29 <-- 1.387498 s
currentSize : 30 <-- 2.721353 s

maxsize : 30
nodes : 1288421.000000
filtered : 6478814.000000
time : 5.622828
