Parameters: GAD=1 vflib=1 dir=0 label=0 vlabel=1 lowerbound=1 fileNameGp=../../cp2016-max-common-connected-subgraph-paper/datasets/graphsdb/mcs50/m2D/m2Dr6/mcs50_m2Dr6_s80.A07 fileNameGt=../../cp2016-max-common-connected-subgraph-paper/datasets/graphsdb/mcs50/m2D/m2Dr6/mcs50_m2Dr6_s80.B07
Reading graphs...
80 :  190
80 :  187
Initializing...
maxdom : 9
D->valSize : 437
Solving...
Blb : 2 (clique : 30)
currentSize : 30 <-- 0.007201 s
currentSize : 31 <-- 0.384931 s
currentSize : 32 <-- 195.291321 s
currentSize : 33 <-- 198.854050 s
currentSize : 34 <-- 225.164581 s
currentSize : 35 <-- 701.676514 s
currentSize : 36 <-- 701.679443 s

TIMEOUT
maxsize : 36
nodes : 175963259.000000
filtered : 1463744731.000000
time : 1000.000061
