Parameters: GAD=1 vflib=1 dir=0 label=0 vlabel=1 lowerbound=1 fileNameGp=../../cp2016-max-common-connected-subgraph-paper/datasets/graphsdb/mcs50/m2D/m2Dr4/mcs50_m2Dr4_s100.A09 fileNameGt=../../cp2016-max-common-connected-subgraph-paper/datasets/graphsdb/mcs50/m2D/m2Dr4/mcs50_m2Dr4_s100.B09
Reading graphs...
100 :  219
100 :  219
Initializing...
maxdom : 7
D->valSize : 329
Solving...
Blb : 2 (clique : 38)
currentSize : 38 <-- 0.003484 s
currentSize : 39 <-- 0.003865 s
currentSize : 40 <-- 0.004295 s
currentSize : 42 <-- 0.005011 s
currentSize : 43 <-- 0.005319 s
currentSize : 45 <-- 4.639574 s
currentSize : 46 <-- 4.639890 s
currentSize : 47 <-- 4.652291 s

TIMEOUT
maxsize : 47
nodes : 185124770.000000
filtered : 687721113.000000
time : 1000.000122
