Parameters: GAD=1 vflib=1 dir=0 label=0 vlabel=1 lowerbound=1 fileNameGp=../../cp2016-max-common-connected-subgraph-paper/datasets/graphsdb/mcs50/bvg/b06m/mcs50_b06m_s50.A05 fileNameGt=../../cp2016-max-common-connected-subgraph-paper/datasets/graphsdb/mcs50/bvg/b06m/mcs50_b06m_s50.B05
Reading graphs...
50 :  148
50 :  145
Initializing...
maxdom : 13
D->valSize : 340
Solving...
Blb : 2 (clique : 16)
currentSize : 16 <-- 0.002503 s
currentSize : 17 <-- 0.002672 s
currentSize : 18 <-- 0.002891 s
currentSize : 19 <-- 0.007677 s
currentSize : 20 <-- 0.008070 s
currentSize : 21 <-- 0.090967 s
currentSize : 22 <-- 1.258789 s
currentSize : 23 <-- 4.122164 s
currentSize : 24 <-- 7.009791 s
currentSize : 25 <-- 7.009944 s
currentSize : 26 <-- 7.011297 s
currentSize : 27 <-- 7.434875 s

maxsize : 27
nodes : 1977612.000000
filtered : 21653610.000000
time : 9.542715
