Parameters: GAD=1 vflib=1 dir=0 label=0 vlabel=1 lowerbound=1 fileNameGp=../../cp2016-max-common-connected-subgraph-paper/datasets/graphsdb/mcs50/bvg/b09m/mcs50_b09m_s70.A03 fileNameGt=../../cp2016-max-common-connected-subgraph-paper/datasets/graphsdb/mcs50/bvg/b09m/mcs50_b09m_s70.B03
Reading graphs...
70 :  304
70 :  305
Initializing...
maxdom : 10
D->valSize : 351
Solving...
Blb : 5 (clique : 18)
currentSize : 18 <-- 0.004664 s
currentSize : 19 <-- 0.006371 s
currentSize : 20 <-- 0.008415 s
currentSize : 21 <-- 0.046047 s
currentSize : 22 <-- 0.963672 s
currentSize : 23 <-- 6.265838 s
currentSize : 24 <-- 9.441228 s
currentSize : 25 <-- 11.827218 s
currentSize : 26 <-- 12.042612 s
currentSize : 27 <-- 12.068839 s
currentSize : 28 <-- 12.225092 s
currentSize : 30 <-- 12.227881 s
currentSize : 31 <-- 12.229443 s
currentSize : 33 <-- 12.266890 s
currentSize : 34 <-- 12.940795 s

maxsize : 34
nodes : 4688247.000000
filtered : 33109076.000000
time : 23.650969
