Parameters: GAD=1 vflib=1 dir=0 label=0 vlabel=1 lowerbound=1 fileNameGp=../../cp2016-max-common-connected-subgraph-paper/datasets/graphsdb/mcs50/bvg/b06m/mcs50_b06m_s90.A08 fileNameGt=../../cp2016-max-common-connected-subgraph-paper/datasets/graphsdb/mcs50/bvg/b06m/mcs50_b06m_s90.B08
Reading graphs...
90 :  268
90 :  267
Initializing...
maxdom : 9
D->valSize : 510
Solving...
Blb : 3 (clique : 34)
currentSize : 34 <-- 0.006769 s
currentSize : 36 <-- 0.028612 s
currentSize : 37 <-- 0.445486 s
currentSize : 38 <-- 0.445766 s
currentSize : 39 <-- 0.446666 s
currentSize : 40 <-- 217.147079 s
currentSize : 41 <-- 220.905945 s

TIMEOUT
maxsize : 41
nodes : 165029990.000000
filtered : 1342024399.000000
time : 1000.000061
