Parameters: GAD=1 vflib=1 dir=0 label=0 vlabel=1 lowerbound=1 fileNameGp=../../cp2016-max-common-connected-subgraph-paper/datasets/graphsdb/mcs50/bvg/b03/mcs50_b03_s40.A04 fileNameGt=../../cp2016-max-common-connected-subgraph-paper/datasets/graphsdb/mcs50/bvg/b03/mcs50_b03_s40.B04
Reading graphs...
40 :  60
40 :  60
Initializing...
maxdom : 12
D->valSize : 278
Solving...
Blb : 2 (clique : 15)
currentSize : 15 <-- 0.001769 s
currentSize : 18 <-- 0.001852 s
currentSize : 19 <-- 0.001973 s
currentSize : 20 <-- 0.002743 s
currentSize : 21 <-- 0.006302 s
currentSize : 22 <-- 0.008852 s
currentSize : 23 <-- 1.003732 s
currentSize : 24 <-- 1.035134 s

maxsize : 24
nodes : 277259.000000
filtered : 3158362.000000
time : 1.439398
