Parameters: GAD=1 vflib=1 dir=0 label=0 vlabel=1 lowerbound=1 fileNameGp=../../cp2016-max-common-connected-subgraph-paper/datasets/graphsdb/mcs50/m3D/m3Dr4/mcs50_m3Dr4_s60.A09 fileNameGt=../../cp2016-max-common-connected-subgraph-paper/datasets/graphsdb/mcs50/m3D/m3Dr4/mcs50_m3Dr4_s60.B09
Reading graphs...
60 :  156
60 :  155
Initializing...
maxdom : 9
D->valSize : 266
Solving...
Blb : 2 (clique : 19)
currentSize : 19 <-- 0.001992 s
currentSize : 20 <-- 0.003966 s
currentSize : 21 <-- 0.032968 s
currentSize : 22 <-- 0.101077 s
currentSize : 23 <-- 0.136088 s
currentSize : 24 <-- 0.136458 s
currentSize : 25 <-- 4.773352 s
currentSize : 26 <-- 4.773414 s
currentSize : 27 <-- 4.777215 s
currentSize : 28 <-- 5.623368 s

maxsize : 28
nodes : 2547335.000000
filtered : 20281906.000000
time : 12.128920
