Parameters: GAD=1 vflib=1 dir=0 label=0 vlabel=1 lowerbound=1 fileNameGp=../../cp2016-max-common-connected-subgraph-paper/datasets/graphsdb/mcs50/rand/r02/mcs50_r02_s50.A08 fileNameGt=../../cp2016-max-common-connected-subgraph-paper/datasets/graphsdb/mcs50/rand/r02/mcs50_r02_s50.B08
Reading graphs...
50 :  437
50 :  436
Initializing...
maxdom : 8
D->valSize : 298
Solving...
Blb : 2 (clique : 10)
currentSize : 10 <-- 0.002106 s
currentSize : 11 <-- 0.005664 s
currentSize : 12 <-- 0.020448 s
currentSize : 13 <-- 0.188732 s
currentSize : 14 <-- 0.228694 s
currentSize : 15 <-- 0.231469 s
currentSize : 17 <-- 0.269582 s
currentSize : 19 <-- 0.536781 s
currentSize : 25 <-- 0.560504 s

maxsize : 25
nodes : 128078.000000
filtered : 1128118.000000
time : 0.580430
