Parameters: GAD=1 vflib=1 dir=0 label=0 vlabel=1 lowerbound=1 fileNameGp=../../cp2016-max-common-connected-subgraph-paper/datasets/graphsdb/mcs50/bvg/b06/mcs50_b06_s70.A06 fileNameGt=../../cp2016-max-common-connected-subgraph-paper/datasets/graphsdb/mcs50/bvg/b06/mcs50_b06_s70.B06
Reading graphs...
70 :  210
70 :  210
Initializing...
maxdom : 8
D->valSize : 357
Solving...
Blb : 2 (clique : 28)
currentSize : 28 <-- 0.003251 s
currentSize : 30 <-- 0.003594 s
currentSize : 32 <-- 0.003628 s
currentSize : 33 <-- 0.008359 s
currentSize : 34 <-- 0.016449 s
currentSize : 35 <-- 68.109146 s
currentSize : 36 <-- 68.122505 s
currentSize : 37 <-- 68.122849 s

maxsize : 37
nodes : 33037965.000000
filtered : 260593610.000000
time : 171.236359
