Parameters: GAD=1 vflib=1 dir=0 label=0 vlabel=1 lowerbound=1 fileNameGp=../../cp2016-max-common-connected-subgraph-paper/datasets/graphsdb/mcs50/m2D/m2Dr2/mcs50_m2Dr2_s100.A04 fileNameGt=../../cp2016-max-common-connected-subgraph-paper/datasets/graphsdb/mcs50/m2D/m2Dr2/mcs50_m2Dr2_s100.B04
Reading graphs...
100 :  200
100 :  200
Initializing...
maxdom : 7
D->valSize : 346
Solving...
Blb : 2 (clique : 38)
currentSize : 38 <-- 0.005917 s
currentSize : 39 <-- 0.009599 s
currentSize : 40 <-- 0.009847 s
currentSize : 41 <-- 0.154125 s
currentSize : 42 <-- 0.154289 s
currentSize : 43 <-- 4.879684 s
currentSize : 44 <-- 5.264332 s
currentSize : 45 <-- 18.382387 s
currentSize : 46 <-- 18.382895 s
currentSize : 47 <-- 18.385174 s
currentSize : 48 <-- 18.386763 s
currentSize : 49 <-- 112.494652 s
currentSize : 50 <-- 112.494881 s
currentSize : 51 <-- 112.499489 s
currentSize : 52 <-- 112.506195 s

TIMEOUT
maxsize : 52
nodes : 202277130.000000
filtered : 599062573.000000
time : 1000.000061
