Parameters: GAD=1 vflib=1 dir=0 label=0 vlabel=1 lowerbound=1 fileNameGp=../../cp2016-max-common-connected-subgraph-paper/datasets/graphsdb/mcs50/rand/r01/mcs50_r01_s90.A06 fileNameGt=../../cp2016-max-common-connected-subgraph-paper/datasets/graphsdb/mcs50/rand/r01/mcs50_r01_s90.B06
Reading graphs...
90 :  759
90 :  748
Initializing...
maxdom : 12
D->valSize : 544
Solving...
Blb : 5 (clique : 14)
currentSize : 14 <-- 0.005977 s
currentSize : 15 <-- 0.006287 s
currentSize : 16 <-- 0.007753 s
currentSize : 17 <-- 0.024927 s
currentSize : 18 <-- 0.026351 s
currentSize : 19 <-- 0.288881 s
currentSize : 20 <-- 0.953053 s
currentSize : 21 <-- 1.097466 s
currentSize : 22 <-- 1.908850 s
currentSize : 23 <-- 3.411414 s
currentSize : 24 <-- 3.435586 s
currentSize : 26 <-- 4.896893 s
currentSize : 27 <-- 4.974964 s
currentSize : 28 <-- 8.570796 s
currentSize : 29 <-- 8.950204 s
currentSize : 30 <-- 10.543184 s
currentSize : 34 <-- 10.545575 s
currentSize : 35 <-- 10.545851 s
currentSize : 37 <-- 12.253590 s
currentSize : 45 <-- 19.608273 s

maxsize : 45
nodes : 3497112.000000
filtered : 43982064.000000
time : 24.348907
