Parameters: GAD=1 vflib=1 dir=0 label=0 vlabel=1 lowerbound=1 fileNameGp=../../cp2016-max-common-connected-subgraph-paper/datasets/graphsdb/mcs50/bvg/b03/mcs50_b03_s100.A00 fileNameGt=../../cp2016-max-common-connected-subgraph-paper/datasets/graphsdb/mcs50/bvg/b03/mcs50_b03_s100.B00
Reading graphs...
100 :  150
100 :  150
Initializing...
maxdom : 7
D->valSize : 369
Solving...
Blb : 2 (clique : 39)
currentSize : 39 <-- 0.004965 s
currentSize : 40 <-- 0.042833 s
currentSize : 41 <-- 0.045668 s
currentSize : 42 <-- 0.091461 s
currentSize : 43 <-- 0.332008 s
currentSize : 44 <-- 0.860588 s
currentSize : 45 <-- 169.811920 s
currentSize : 46 <-- 356.765015 s
currentSize : 47 <-- 357.228180 s
currentSize : 48 <-- 357.555573 s
currentSize : 49 <-- 961.868164 s

TIMEOUT
maxsize : 49
nodes : 176913105.000000
filtered : 970876660.000000
time : 1000.000122
