Parameters: GAD=1 vflib=1 dir=0 label=0 vlabel=1 lowerbound=1 fileNameGp=../../cp2016-max-common-connected-subgraph-paper/datasets/graphsdb/mcs50/bvg/b03m/mcs50_b03m_s60.A08 fileNameGt=../../cp2016-max-common-connected-subgraph-paper/datasets/graphsdb/mcs50/bvg/b03m/mcs50_b03m_s60.B08
Reading graphs...
60 :  90
60 :  90
Initializing...
maxdom : 9
D->valSize : 268
Solving...
Blb : 2 (clique : 26)
currentSize : 26 <-- 0.003044 s
currentSize : 27 <-- 0.003239 s
currentSize : 28 <-- 0.003335 s
currentSize : 29 <-- 0.013734 s
currentSize : 30 <-- 0.019803 s
currentSize : 32 <-- 2.371209 s
currentSize : 33 <-- 13.633954 s
currentSize : 34 <-- 14.588888 s

maxsize : 34
nodes : 6445861.000000
filtered : 48268738.000000
time : 31.636122
