Parameters: GAD=1 vflib=1 dir=0 label=0 vlabel=1 lowerbound=1 fileNameGp=../../cp2016-max-common-connected-subgraph-paper/datasets/graphsdb/mcs50/rand/r005/mcs50_r005_s60.A07 fileNameGt=../../cp2016-max-common-connected-subgraph-paper/datasets/graphsdb/mcs50/rand/r005/mcs50_r005_s60.B07
Reading graphs...
60 :  173
60 :  171
Initializing...
maxdom : 7
D->valSize : 264
Solving...
Blb : 2 (clique : 19)
currentSize : 19 <-- 0.002015 s
currentSize : 20 <-- 0.004186 s
currentSize : 21 <-- 0.085222 s
currentSize : 22 <-- 0.646637 s
currentSize : 23 <-- 0.651011 s
currentSize : 24 <-- 1.302494 s
currentSize : 25 <-- 2.582195 s
currentSize : 26 <-- 2.584083 s
currentSize : 28 <-- 4.594890 s
currentSize : 30 <-- 8.841623 s

maxsize : 30
nodes : 2347430.000000
filtered : 16744734.000000
time : 11.145658
