Parameters: GAD=1 vflib=1 dir=0 label=0 vlabel=1 lowerbound=1 fileNameGp=../../cp2016-max-common-connected-subgraph-paper/datasets/graphsdb/mcs50/m3D/m3Dr4/mcs50_m3Dr4_s60.A08 fileNameGt=../../cp2016-max-common-connected-subgraph-paper/datasets/graphsdb/mcs50/m3D/m3Dr4/mcs50_m3Dr4_s60.B08
Reading graphs...
60 :  157
60 :  157
Initializing...
maxdom : 9
D->valSize : 252
Solving...
Blb : 5 (clique : 20)
currentSize : 20 <-- 0.002873 s
currentSize : 21 <-- 0.006086 s
currentSize : 22 <-- 0.530421 s
currentSize : 23 <-- 0.622482 s
currentSize : 24 <-- 0.925056 s
currentSize : 25 <-- 1.119741 s
currentSize : 26 <-- 1.340887 s
currentSize : 27 <-- 1.341107 s
currentSize : 28 <-- 1.469872 s
currentSize : 29 <-- 1.721910 s
currentSize : 30 <-- 1.722531 s

maxsize : 30
nodes : 539037.000000
filtered : 3752334.000000
time : 2.498570
