Parameters: GAD=1 vflib=1 dir=0 label=0 vlabel=1 lowerbound=1 fileNameGp=../../cp2016-max-common-connected-subgraph-paper/datasets/graphsdb/mcs50/m2D/m2Dr2/mcs50_m2Dr2_s50.A02 fileNameGt=../../cp2016-max-common-connected-subgraph-paper/datasets/graphsdb/mcs50/m2D/m2Dr2/mcs50_m2Dr2_s50.B02
Reading graphs...
50 :  92
50 :  93
Initializing...
maxdom : 11
D->valSize : 349
Solving...
Blb : 2 (clique : 24)
currentSize : 24 <-- 0.004288 s
currentSize : 25 <-- 46.160954 s
currentSize : 26 <-- 113.599648 s
currentSize : 27 <-- 113.603790 s
currentSize : 28 <-- 113.618706 s
currentSize : 29 <-- 113.619774 s

maxsize : 29
nodes : 26636219.000000
filtered : 270813965.000000
time : 126.886505
