Parameters: GAD=1 vflib=1 dir=0 label=0 vlabel=1 lowerbound=1 fileNameGp=../../cp2016-max-common-connected-subgraph-paper/datasets/graphsdb/mcs50/m2D/m2Dr2/mcs50_m2Dr2_s80.A06 fileNameGt=../../cp2016-max-common-connected-subgraph-paper/datasets/graphsdb/mcs50/m2D/m2Dr2/mcs50_m2Dr2_s80.B06
Reading graphs...
80 :  157
80 :  156
Initializing...
maxdom : 9
D->valSize : 426
Solving...
Blb : 2 (clique : 28)
currentSize : 28 <-- 0.007151 s
currentSize : 29 <-- 0.008451 s
currentSize : 30 <-- 0.011256 s
currentSize : 31 <-- 0.016960 s
currentSize : 32 <-- 0.147772 s
currentSize : 33 <-- 1.436396 s
currentSize : 34 <-- 14.137078 s
currentSize : 35 <-- 61.390076 s
currentSize : 36 <-- 62.558449 s

TIMEOUT
maxsize : 36
nodes : 180823292.000000
filtered : 1367559907.000000
time : 1000.000061
