Parameters: GAD=1 vflib=1 dir=0 label=0 vlabel=1 lowerbound=1 fileNameGp=../../cp2016-max-common-connected-subgraph-paper/datasets/graphsdb/mcs50/rand/r01/mcs50_r01_s80.A07 fileNameGt=../../cp2016-max-common-connected-subgraph-paper/datasets/graphsdb/mcs50/rand/r01/mcs50_r01_s80.B07
Reading graphs...
80 :  603
80 :  599
Initializing...
maxdom : 11
D->valSize : 469
Solving...
Blb : 5 (clique : 14)
currentSize : 14 <-- 0.004626 s
currentSize : 15 <-- 0.005120 s
currentSize : 16 <-- 0.013060 s
currentSize : 17 <-- 0.027656 s
currentSize : 20 <-- 0.029419 s
currentSize : 22 <-- 0.148679 s
currentSize : 25 <-- 0.314324 s
currentSize : 26 <-- 1.083566 s
currentSize : 27 <-- 1.084413 s
currentSize : 30 <-- 3.246709 s
currentSize : 36 <-- 8.048560 s
currentSize : 40 <-- 8.050360 s

maxsize : 40
nodes : 1470738.000000
filtered : 19526621.000000
time : 9.676442
