Parameters: GAD=1 vflib=1 dir=0 label=0 vlabel=1 lowerbound=1 fileNameGp=../../cp2016-max-common-connected-subgraph-paper/datasets/graphsdb/mcs50/bvg/b03m/mcs50_b03m_s90.A02 fileNameGt=../../cp2016-max-common-connected-subgraph-paper/datasets/graphsdb/mcs50/bvg/b03m/mcs50_b03m_s90.B02
Reading graphs...
90 :  134
90 :  134
Initializing...
maxdom : 9
D->valSize : 545
Solving...
Blb : 2 (clique : 40)
currentSize : 40 <-- 0.006677 s
currentSize : 41 <-- 0.007340 s
currentSize : 42 <-- 0.008388 s
currentSize : 43 <-- 0.008568 s
currentSize : 44 <-- 0.052371 s
currentSize : 45 <-- 914.253662 s

TIMEOUT
maxsize : 45
nodes : 185980495.000000
filtered : 1259314305.000000
time : 1000.000061
