Parameters: GAD=1 vflib=1 dir=0 label=0 vlabel=1 lowerbound=1 fileNameGp=../../cp2016-max-common-connected-subgraph-paper/datasets/graphsdb/mcs50/bvg/b03/mcs50_b03_s90.A09 fileNameGt=../../cp2016-max-common-connected-subgraph-paper/datasets/graphsdb/mcs50/bvg/b03/mcs50_b03_s90.B09
Reading graphs...
90 :  135
90 :  135
Initializing...
maxdom : 11
D->valSize : 572
Solving...
Blb : 2 (clique : 35)
currentSize : 35 <-- 0.007555 s
currentSize : 39 <-- 0.007878 s
currentSize : 40 <-- 0.008531 s
currentSize : 41 <-- 0.023512 s
currentSize : 42 <-- 0.025940 s
currentSize : 43 <-- 0.025989 s
currentSize : 44 <-- 0.283752 s
currentSize : 45 <-- 0.408178 s
currentSize : 46 <-- 14.062383 s
currentSize : 47 <-- 190.960342 s

TIMEOUT
maxsize : 47
nodes : 164527396.000000
filtered : 1242125750.000000
time : 1000.000061
