Parameters: GAD=1 vflib=1 dir=0 label=0 vlabel=1 lowerbound=1 fileNameGp=../../cp2016-max-common-connected-subgraph-paper/datasets/graphsdb/mcs50/bvg/b09/mcs50_b09_s90.A03 fileNameGt=../../cp2016-max-common-connected-subgraph-paper/datasets/graphsdb/mcs50/bvg/b09/mcs50_b09_s90.B03
Reading graphs...
90 :  397
90 :  403
Initializing...
maxdom : 9
D->valSize : 548
Solving...
Blb : 5 (clique : 22)
currentSize : 22 <-- 0.006267 s
currentSize : 23 <-- 0.006456 s
currentSize : 24 <-- 0.006520 s
currentSize : 26 <-- 0.006697 s
currentSize : 27 <-- 0.009799 s
currentSize : 28 <-- 0.009899 s
currentSize : 29 <-- 0.014682 s
currentSize : 30 <-- 1.749575 s
currentSize : 31 <-- 3.700977 s
currentSize : 32 <-- 4.035048 s
currentSize : 33 <-- 56.434769 s
currentSize : 35 <-- 56.457706 s
currentSize : 36 <-- 56.457832 s
currentSize : 37 <-- 56.458134 s
currentSize : 38 <-- 56.711151 s
currentSize : 39 <-- 56.711460 s
currentSize : 40 <-- 72.996269 s
currentSize : 41 <-- 72.996712 s
currentSize : 42 <-- 369.207336 s
currentSize : 43 <-- 404.576996 s
currentSize : 44 <-- 445.766693 s
currentSize : 45 <-- 445.767029 s

TIMEOUT
maxsize : 45
nodes : 185006826.000000
filtered : 956520700.000000
time : 1000.000061
