Parameters: GAD=1 vflib=1 dir=0 label=0 vlabel=1 lowerbound=1 fileNameGp=../../cp2016-max-common-connected-subgraph-paper/datasets/graphsdb/mcs50/bvg/b03m/mcs50_b03m_s90.A06 fileNameGt=../../cp2016-max-common-connected-subgraph-paper/datasets/graphsdb/mcs50/bvg/b03m/mcs50_b03m_s90.B06
Reading graphs...
90 :  134
90 :  134
Initializing...
maxdom : 12
D->valSize : 545
Solving...
Blb : 5 (clique : 37)
currentSize : 37 <-- 0.006637 s
currentSize : 40 <-- 0.006934 s
currentSize : 41 <-- 0.007145 s
currentSize : 42 <-- 0.029663 s
currentSize : 43 <-- 8.698656 s
currentSize : 44 <-- 489.337921 s
currentSize : 45 <-- 491.463928 s

TIMEOUT
maxsize : 45
nodes : 176548989.000000
filtered : 1343095282.000000
time : 1000.000061
