Parameters: GAD=1 vflib=1 dir=0 label=0 vlabel=1 lowerbound=1 fileNameGp=../../cp2016-max-common-connected-subgraph-paper/datasets/graphsdb/mcs50/bvg/b09/mcs50_b09_s100.A03 fileNameGt=../../cp2016-max-common-connected-subgraph-paper/datasets/graphsdb/mcs50/bvg/b09/mcs50_b09_s100.B03
Reading graphs...
100 :  449
100 :  448
Initializing...
maxdom : 7
D->valSize : 346
Solving...
Blb : 2 (clique : 32)
currentSize : 32 <-- 0.005672 s
currentSize : 33 <-- 0.147726 s
currentSize : 35 <-- 0.373996 s
currentSize : 37 <-- 0.374257 s
currentSize : 39 <-- 0.379389 s
currentSize : 40 <-- 0.380173 s
currentSize : 41 <-- 0.391170 s
currentSize : 42 <-- 0.398306 s
currentSize : 43 <-- 0.399306 s
currentSize : 44 <-- 0.399767 s
currentSize : 46 <-- 26.074736 s
currentSize : 48 <-- 26.075340 s
currentSize : 50 <-- 26.079205 s

maxsize : 50
nodes : 11452719.000000
filtered : 71866791.000000
time : 69.546959
