Parameters: GAD=1 vflib=1 dir=0 label=0 vlabel=1 lowerbound=1 fileNameGp=../../cp2016-max-common-connected-subgraph-paper/datasets/graphsdb/mcs50/bvg/b06m/mcs50_b06m_s80.A07 fileNameGt=../../cp2016-max-common-connected-subgraph-paper/datasets/graphsdb/mcs50/bvg/b06m/mcs50_b06m_s80.B07
Reading graphs...
80 :  238
80 :  240
Initializing...
maxdom : 10
D->valSize : 402
Solving...
Blb : 2 (clique : 24)
currentSize : 24 <-- 0.003923 s
currentSize : 25 <-- 0.090404 s
currentSize : 26 <-- 0.117787 s
currentSize : 27 <-- 0.131171 s
currentSize : 28 <-- 7.574241 s
currentSize : 29 <-- 7.574848 s
currentSize : 31 <-- 33.417519 s
currentSize : 32 <-- 33.417606 s
currentSize : 33 <-- 33.515972 s
currentSize : 34 <-- 216.841705 s
currentSize : 35 <-- 217.973373 s
currentSize : 36 <-- 326.008667 s
currentSize : 37 <-- 357.780396 s
currentSize : 38 <-- 357.957550 s
currentSize : 39 <-- 364.100006 s
currentSize : 40 <-- 364.104065 s
currentSize : 41 <-- 364.533447 s

maxsize : 41
nodes : 88548177.000000
filtered : 739072182.000000
time : 497.398926
