Parameters: GAD=1 vflib=1 dir=0 label=0 vlabel=1 lowerbound=1 fileNameGp=../../cp2016-max-common-connected-subgraph-paper/datasets/graphsdb/mcs50/rand/r01/mcs50_r01_s70.A02 fileNameGt=../../cp2016-max-common-connected-subgraph-paper/datasets/graphsdb/mcs50/rand/r01/mcs50_r01_s70.B02
Reading graphs...
70 :  459
70 :  461
Initializing...
maxdom : 8
D->valSize : 362
Solving...
Blb : 2 (clique : 13)
currentSize : 13 <-- 0.004715 s
currentSize : 14 <-- 0.004907 s
currentSize : 15 <-- 0.021167 s
currentSize : 16 <-- 0.024242 s
currentSize : 17 <-- 0.073021 s
currentSize : 18 <-- 0.088771 s
currentSize : 19 <-- 0.163745 s
currentSize : 23 <-- 0.215230 s
currentSize : 24 <-- 0.215295 s
currentSize : 25 <-- 0.490643 s
currentSize : 31 <-- 0.579853 s
currentSize : 35 <-- 0.669652 s

maxsize : 35
nodes : 167513.000000
filtered : 1949590.000000
time : 1.014321
