Parameters: GAD=1 vflib=1 dir=0 label=0 vlabel=1 lowerbound=1 fileNameGp=../../cp2016-max-common-connected-subgraph-paper/datasets/graphsdb/mcs50/bvg/b09/mcs50_b09_s100.A05 fileNameGt=../../cp2016-max-common-connected-subgraph-paper/datasets/graphsdb/mcs50/bvg/b09/mcs50_b09_s100.B05
Reading graphs...
100 :  446
100 :  449
Initializing...
maxdom : 7
D->valSize : 348
Solving...
Blb : 2 (clique : 25)
currentSize : 25 <-- 0.003559 s
currentSize : 26 <-- 0.006158 s
currentSize : 27 <-- 0.023741 s
currentSize : 29 <-- 0.029760 s
currentSize : 30 <-- 0.030572 s
currentSize : 31 <-- 0.079128 s
currentSize : 32 <-- 0.230685 s
currentSize : 33 <-- 0.337097 s
currentSize : 34 <-- 0.359592 s
currentSize : 35 <-- 0.360463 s
currentSize : 36 <-- 0.855755 s
currentSize : 40 <-- 0.889641 s
currentSize : 41 <-- 0.894845 s
currentSize : 42 <-- 0.895118 s
currentSize : 43 <-- 1.607609 s
currentSize : 44 <-- 1.610068 s
currentSize : 45 <-- 13.125611 s
currentSize : 46 <-- 14.153721 s
currentSize : 48 <-- 48.992680 s
currentSize : 50 <-- 49.013653 s
currentSize : 51 <-- 227.257156 s

maxsize : 51
nodes : 126209144.000000
filtered : 558608783.000000
time : 713.269592
