Parameters: GAD=1 vflib=1 dir=0 label=0 vlabel=1 lowerbound=1 fileNameGp=../../cp2016-max-common-connected-subgraph-paper/datasets/graphsdb/mcs50/bvg/b03m/mcs50_b03m_s60.A00 fileNameGt=../../cp2016-max-common-connected-subgraph-paper/datasets/graphsdb/mcs50/bvg/b03m/mcs50_b03m_s60.B00
Reading graphs...
60 :  90
60 :  90
Initializing...
maxdom : 8
D->valSize : 272
Solving...
Blb : 2 (clique : 24)
currentSize : 24 <-- 0.003324 s
currentSize : 25 <-- 0.042361 s
currentSize : 26 <-- 0.043867 s
currentSize : 27 <-- 0.571932 s
currentSize : 28 <-- 0.793797 s
currentSize : 29 <-- 1.395768 s
currentSize : 30 <-- 7.986990 s
currentSize : 31 <-- 18.086645 s
currentSize : 32 <-- 35.254181 s
currentSize : 33 <-- 104.552551 s
currentSize : 34 <-- 241.728806 s

maxsize : 34
nodes : 58548087.000000
filtered : 433235834.000000
time : 264.795959
