Parameters: GAD=1 vflib=1 dir=0 label=0 vlabel=1 lowerbound=1 fileNameGp=../../cp2016-max-common-connected-subgraph-paper/datasets/graphsdb/mcs50/bvg/b06/mcs50_b06_s80.A04 fileNameGt=../../cp2016-max-common-connected-subgraph-paper/datasets/graphsdb/mcs50/bvg/b06/mcs50_b06_s80.B04
Reading graphs...
80 :  240
80 :  238
Initializing...
maxdom : 9
D->valSize : 422
Solving...
Blb : 5 (clique : 22)
currentSize : 22 <-- 0.003987 s
currentSize : 23 <-- 0.004276 s
currentSize : 24 <-- 0.010172 s
currentSize : 25 <-- 0.043603 s
currentSize : 26 <-- 0.379252 s
currentSize : 27 <-- 2.722609 s
currentSize : 28 <-- 4.363190 s
currentSize : 29 <-- 6.946172 s
currentSize : 30 <-- 22.349611 s
currentSize : 31 <-- 61.938042 s
currentSize : 32 <-- 251.563293 s
currentSize : 33 <-- 251.570023 s
currentSize : 34 <-- 318.461151 s
currentSize : 35 <-- 424.579407 s
currentSize : 36 <-- 424.579620 s
currentSize : 37 <-- 609.523438 s
currentSize : 38 <-- 692.945190 s
currentSize : 39 <-- 863.626648 s
currentSize : 40 <-- 863.626953 s
currentSize : 41 <-- 863.628418 s
currentSize : 42 <-- 864.365784 s

TIMEOUT
maxsize : 42
nodes : 176145544.000000
filtered : 1561685358.000000
time : 1000.000061
