Parameters: GAD=1 vflib=1 dir=0 label=0 vlabel=1 lowerbound=1 fileNameGp=../../cp2016-max-common-connected-subgraph-paper/datasets/graphsdb/mcs50/rand/r005/mcs50_r005_s60.A01 fileNameGt=../../cp2016-max-common-connected-subgraph-paper/datasets/graphsdb/mcs50/rand/r005/mcs50_r005_s60.B01
Reading graphs...
60 :  170
60 :  172
Initializing...
maxdom : 7
D->valSize : 247
Solving...
Blb : 2 (clique : 19)
currentSize : 19 <-- 0.001754 s
currentSize : 20 <-- 0.005716 s
currentSize : 21 <-- 0.007452 s
currentSize : 22 <-- 0.082474 s
currentSize : 23 <-- 0.163613 s
currentSize : 24 <-- 0.253603 s
currentSize : 25 <-- 3.130209 s
currentSize : 26 <-- 3.310747 s
currentSize : 27 <-- 4.208108 s
currentSize : 28 <-- 4.208248 s
currentSize : 30 <-- 5.362276 s

maxsize : 30
nodes : 1531212.000000
filtered : 11083981.000000
time : 7.351579
