Parameters: GAD=1 vflib=1 dir=0 label=0 vlabel=1 lowerbound=1 fileNameGp=../../cp2016-max-common-connected-subgraph-paper/datasets/graphsdb/mcs50/m3D/m3D/mcs50_m3D_s50.A03 fileNameGt=../../cp2016-max-common-connected-subgraph-paper/datasets/graphsdb/mcs50/m3D/m3D/mcs50_m3D_s50.B03
Reading graphs...
50 :  108
50 :  109
Initializing...
maxdom : 8
D->valSize : 321
Solving...
Blb : 2 (clique : 18)
currentSize : 18 <-- 0.003830 s
currentSize : 20 <-- 0.003991 s
currentSize : 21 <-- 0.006612 s
currentSize : 22 <-- 0.012284 s
currentSize : 23 <-- 0.018027 s
currentSize : 24 <-- 0.052914 s
currentSize : 25 <-- 0.053000 s
currentSize : 26 <-- 0.128814 s
currentSize : 27 <-- 13.714400 s
currentSize : 28 <-- 13.724092 s

maxsize : 28
nodes : 3994439.000000
filtered : 34404179.000000
time : 18.355448
