Parameters: GAD=1 vflib=1 dir=0 label=0 vlabel=1 lowerbound=1 fileNameGp=../../cp2016-max-common-connected-subgraph-paper/datasets/graphsdb/mcs50/rand/r005/mcs50_r005_s80.A05 fileNameGt=../../cp2016-max-common-connected-subgraph-paper/datasets/graphsdb/mcs50/rand/r005/mcs50_r005_s80.B05
Reading graphs...
80 :  307
80 :  307
Initializing...
maxdom : 8
D->valSize : 430
Solving...
Blb : 2 (clique : 26)
currentSize : 26 <-- 0.006748 s
currentSize : 28 <-- 0.007294 s
currentSize : 29 <-- 0.007857 s
currentSize : 30 <-- 0.010446 s
currentSize : 32 <-- 2.681013 s
currentSize : 34 <-- 3.242370 s
currentSize : 35 <-- 30.513615 s
currentSize : 36 <-- 33.284012 s
currentSize : 37 <-- 121.334129 s
currentSize : 40 <-- 121.366135 s

maxsize : 40
nodes : 42452521.000000
filtered : 466740289.000000
time : 269.973480
