Parameters: GAD=1 vflib=1 dir=0 label=0 vlabel=1 lowerbound=1 fileNameGp=../../cp2016-max-common-connected-subgraph-paper/datasets/graphsdb/mcs50/m2D/m2Dr6/mcs50_m2Dr6_s70.A05 fileNameGt=../../cp2016-max-common-connected-subgraph-paper/datasets/graphsdb/mcs50/m2D/m2Dr6/mcs50_m2Dr6_s70.B05
Reading graphs...
70 :  163
70 :  164
Initializing...
maxdom : 8
D->valSize : 344
Solving...
Blb : 2 (clique : 24)
currentSize : 24 <-- 0.002869 s
currentSize : 26 <-- 0.003069 s
currentSize : 27 <-- 0.016389 s
currentSize : 28 <-- 0.083446 s
currentSize : 29 <-- 0.251892 s
currentSize : 30 <-- 0.318914 s
currentSize : 31 <-- 0.650708 s
currentSize : 32 <-- 1.294434 s
currentSize : 33 <-- 11.317812 s
currentSize : 34 <-- 16.259327 s
currentSize : 35 <-- 43.208435 s
currentSize : 36 <-- 43.208557 s
currentSize : 37 <-- 43.297985 s
currentSize : 38 <-- 75.541656 s

maxsize : 38
nodes : 27422484.000000
filtered : 226250395.000000
time : 145.045502
