Parameters: GAD=1 vflib=1 dir=0 label=0 vlabel=1 lowerbound=1 fileNameGp=../../cp2016-max-common-connected-subgraph-paper/datasets/graphsdb/mcs50/m3D/m3Dr4/mcs50_m3Dr4_s50.A02 fileNameGt=../../cp2016-max-common-connected-subgraph-paper/datasets/graphsdb/mcs50/m3D/m3Dr4/mcs50_m3Dr4_s50.B02
Reading graphs...
50 :  126
50 :  127
Initializing...
maxdom : 10
D->valSize : 332
Solving...
Blb : 2 (clique : 19)
currentSize : 19 <-- 0.002644 s
currentSize : 20 <-- 0.002783 s
currentSize : 21 <-- 0.008978 s
currentSize : 22 <-- 0.018817 s
currentSize : 23 <-- 0.203003 s
currentSize : 24 <-- 0.509785 s
currentSize : 25 <-- 1.541497 s
currentSize : 26 <-- 1.544916 s
currentSize : 27 <-- 4.348800 s
currentSize : 28 <-- 4.372439 s

maxsize : 28
nodes : 1861806.000000
filtered : 19695717.000000
time : 8.775123
