Parameters: GAD=1 vflib=1 dir=0 label=0 vlabel=1 lowerbound=1 fileNameGp=../../cp2016-max-common-connected-subgraph-paper/datasets/graphsdb/mcs50/bvg/b06/mcs50_b06_s90.A02 fileNameGt=../../cp2016-max-common-connected-subgraph-paper/datasets/graphsdb/mcs50/bvg/b06/mcs50_b06_s90.B02
Reading graphs...
90 :  268
90 :  270
Initializing...
maxdom : 10
D->valSize : 539
Solving...
Blb : 5 (clique : 28)
currentSize : 28 <-- 0.007143 s
currentSize : 30 <-- 0.007384 s
currentSize : 31 <-- 0.007429 s
currentSize : 32 <-- 0.007501 s
currentSize : 33 <-- 0.007590 s
currentSize : 34 <-- 0.041790 s
currentSize : 35 <-- 0.042264 s
currentSize : 36 <-- 0.090716 s
currentSize : 37 <-- 0.091405 s
currentSize : 38 <-- 0.094337 s
currentSize : 39 <-- 10.116741 s
currentSize : 40 <-- 12.564862 s
currentSize : 41 <-- 22.796616 s
currentSize : 42 <-- 53.405151 s
currentSize : 43 <-- 53.405293 s

TIMEOUT
maxsize : 43
nodes : 187456245.000000
filtered : 1053829349.000000
time : 1000.000061
