Parameters: GAD=1 vflib=1 dir=0 label=0 vlabel=1 lowerbound=1 fileNameGp=../../cp2016-max-common-connected-subgraph-paper/datasets/graphsdb/mcs50/m2D/m2D/mcs50_m2D_s80.A00 fileNameGt=../../cp2016-max-common-connected-subgraph-paper/datasets/graphsdb/mcs50/m2D/m2D/mcs50_m2D_s80.B00
Reading graphs...
80 :  142
80 :  141
Initializing...
maxdom : 9
D->valSize : 432
Solving...
Blb : 2 (clique : 30)
currentSize : 30 <-- 0.004394 s
currentSize : 32 <-- 0.004609 s
currentSize : 33 <-- 0.004680 s
currentSize : 34 <-- 0.005825 s
currentSize : 35 <-- 0.009172 s
currentSize : 36 <-- 0.757789 s
currentSize : 37 <-- 293.577179 s
currentSize : 38 <-- 294.591003 s
currentSize : 39 <-- 558.547485 s

TIMEOUT
maxsize : 39
nodes : 183636070.000000
filtered : 1325536179.000000
time : 1000.000061
