Parameters: GAD=1 vflib=1 dir=0 label=0 vlabel=1 lowerbound=1 fileNameGp=../../cp2016-max-common-connected-subgraph-paper/datasets/graphsdb/mcs50/rand/r005/mcs50_r005_s40.A05 fileNameGt=../../cp2016-max-common-connected-subgraph-paper/datasets/graphsdb/mcs50/rand/r005/mcs50_r005_s40.B05
Reading graphs...
40 :  78
40 :  77
Initializing...
maxdom : 8
D->valSize : 216
Solving...
Blb : 2 (clique : 15)
currentSize : 15 <-- 0.001956 s
currentSize : 16 <-- 0.002090 s
currentSize : 17 <-- 0.002202 s
currentSize : 18 <-- 0.013834 s
currentSize : 19 <-- 0.365364 s
currentSize : 20 <-- 0.502895 s
currentSize : 21 <-- 0.875446 s

maxsize : 21
nodes : 253702.000000
filtered : 2288300.000000
time : 1.159150
