Parameters: GAD=1 vflib=1 dir=0 label=0 vlabel=1 lowerbound=1 fileNameGp=../../cp2016-max-common-connected-subgraph-paper/datasets/graphsdb/mcs50/m2D/m2Dr2/mcs50_m2Dr2_s80.A03 fileNameGt=../../cp2016-max-common-connected-subgraph-paper/datasets/graphsdb/mcs50/m2D/m2Dr2/mcs50_m2Dr2_s80.B03
Reading graphs...
80 :  158
80 :  157
Initializing...
maxdom : 9
D->valSize : 420
Solving...
Blb : 5 (clique : 27)
currentSize : 27 <-- 0.006824 s
currentSize : 28 <-- 0.007143 s
currentSize : 30 <-- 0.031654 s
currentSize : 31 <-- 0.074033 s
currentSize : 33 <-- 4.226300 s
currentSize : 34 <-- 4.228556 s
currentSize : 35 <-- 7.446708 s
currentSize : 36 <-- 43.211140 s

TIMEOUT
maxsize : 36
nodes : 187540422.000000
filtered : 1422847687.000000
time : 1000.000061
