Parameters: GAD=1 vflib=1 dir=0 label=0 vlabel=1 lowerbound=1 fileNameGp=../../cp2016-max-common-connected-subgraph-paper/datasets/graphsdb/mcs50/m2D/m2Dr2/mcs50_m2Dr2_s60.A01 fileNameGt=../../cp2016-max-common-connected-subgraph-paper/datasets/graphsdb/mcs50/m2D/m2Dr2/mcs50_m2Dr2_s60.B01
Reading graphs...
60 :  115
60 :  115
Initializing...
maxdom : 8
D->valSize : 263
Solving...
Blb : 2 (clique : 22)
currentSize : 22 <-- 0.002132 s
currentSize : 23 <-- 0.015884 s
currentSize : 24 <-- 0.017852 s
currentSize : 25 <-- 0.048196 s
currentSize : 26 <-- 1.871105 s
currentSize : 27 <-- 2.768664 s
currentSize : 28 <-- 4.223224 s
currentSize : 29 <-- 38.652939 s
currentSize : 30 <-- 115.065826 s

maxsize : 30
nodes : 55741498.000000
filtered : 426690201.000000
time : 259.478119
