Parameters: GAD=1 vflib=1 dir=0 label=0 vlabel=1 lowerbound=1 fileNameGp=../../cp2016-max-common-connected-subgraph-paper/datasets/graphsdb/mcs50/bvg/b06m/mcs50_b06m_s70.A06 fileNameGt=../../cp2016-max-common-connected-subgraph-paper/datasets/graphsdb/mcs50/bvg/b06m/mcs50_b06m_s70.B06
Reading graphs...
70 :  207
70 :  206
Initializing...
maxdom : 7
D->valSize : 310
Solving...
Blb : 3 (clique : 23)
currentSize : 23 <-- 0.004013 s
currentSize : 25 <-- 0.004242 s
currentSize : 26 <-- 0.005649 s
currentSize : 28 <-- 0.041207 s
currentSize : 29 <-- 0.121410 s
currentSize : 30 <-- 3.664892 s
currentSize : 31 <-- 14.214911 s
currentSize : 32 <-- 74.849113 s
currentSize : 33 <-- 160.061539 s
currentSize : 34 <-- 160.976532 s
currentSize : 35 <-- 508.434143 s

maxsize : 35
nodes : 115158168.000000
filtered : 944849168.000000
time : 612.576172
