Parameters: GAD=1 vflib=1 dir=0 label=0 vlabel=1 lowerbound=1 fileNameGp=../../cp2016-max-common-connected-subgraph-paper/datasets/graphsdb/mcs50/bvg/b09/mcs50_b09_s70.A00 fileNameGt=../../cp2016-max-common-connected-subgraph-paper/datasets/graphsdb/mcs50/bvg/b09/mcs50_b09_s70.B00
Reading graphs...
70 :  312
70 :  311
Initializing...
maxdom : 9
D->valSize : 356
Solving...
Blb : 2 (clique : 20)
currentSize : 20 <-- 0.003116 s
currentSize : 21 <-- 0.027241 s
currentSize : 23 <-- 0.061463 s
currentSize : 24 <-- 0.061758 s
currentSize : 25 <-- 0.082132 s
currentSize : 26 <-- 0.088153 s
currentSize : 27 <-- 0.567429 s
currentSize : 29 <-- 0.568185 s
currentSize : 30 <-- 0.971178 s
currentSize : 31 <-- 1.172420 s
currentSize : 32 <-- 1.184932 s
currentSize : 33 <-- 1.185287 s
currentSize : 34 <-- 1.189494 s

maxsize : 34
nodes : 2836481.000000
filtered : 19685854.000000
time : 14.347940
