Parameters: GAD=1 vflib=1 dir=0 label=0 vlabel=1 lowerbound=1 fileNameGp=../../cp2016-max-common-connected-subgraph-paper/datasets/graphsdb/mcs50/bvg/b06m/mcs50_b06m_s90.A00 fileNameGt=../../cp2016-max-common-connected-subgraph-paper/datasets/graphsdb/mcs50/bvg/b06m/mcs50_b06m_s90.B00
Reading graphs...
90 :  264
90 :  267
Initializing...
maxdom : 10
D->valSize : 556
Solving...
Blb : 2 (clique : 30)
currentSize : 30 <-- 0.010794 s
currentSize : 31 <-- 0.011270 s
currentSize : 32 <-- 0.013213 s
currentSize : 33 <-- 0.013361 s
currentSize : 34 <-- 0.061042 s
currentSize : 35 <-- 0.163290 s
currentSize : 36 <-- 0.991011 s
currentSize : 37 <-- 1.037756 s
currentSize : 38 <-- 1.814286 s
currentSize : 39 <-- 22.426901 s
currentSize : 40 <-- 22.804861 s
currentSize : 42 <-- 22.953133 s
currentSize : 43 <-- 22.992764 s

TIMEOUT
maxsize : 43
nodes : 167487910.000000
filtered : 1257782839.000000
time : 1000.000061
