Parameters: GAD=1 vflib=1 dir=0 label=0 vlabel=1 lowerbound=1 fileNameGp=../../cp2016-max-common-connected-subgraph-paper/datasets/graphsdb/mcs50/m3D/m3Dr4/mcs50_m3Dr4_s50.A05 fileNameGt=../../cp2016-max-common-connected-subgraph-paper/datasets/graphsdb/mcs50/m3D/m3Dr4/mcs50_m3Dr4_s50.B05
Reading graphs...
50 :  127
50 :  127
Initializing...
maxdom : 11
D->valSize : 317
Solving...
Blb : 2 (clique : 17)
currentSize : 17 <-- 0.002306 s
currentSize : 18 <-- 0.002464 s
currentSize : 19 <-- 0.003543 s
currentSize : 20 <-- 0.004108 s
currentSize : 21 <-- 0.125113 s
currentSize : 22 <-- 3.311192 s
currentSize : 23 <-- 13.962172 s
currentSize : 24 <-- 20.468683 s
currentSize : 25 <-- 20.469036 s
currentSize : 26 <-- 29.624592 s
currentSize : 27 <-- 33.056442 s

maxsize : 27
nodes : 7320810.000000
filtered : 74394933.000000
time : 35.009834
