Parameters: GAD=1 vflib=1 dir=0 label=0 vlabel=1 lowerbound=1 fileNameGp=../../cp2016-max-common-connected-subgraph-paper/datasets/graphsdb/mcs50/m2D/m2D/mcs50_m2D_s80.A07 fileNameGt=../../cp2016-max-common-connected-subgraph-paper/datasets/graphsdb/mcs50/m2D/m2D/mcs50_m2D_s80.B07
Reading graphs...
80 :  142
80 :  140
Initializing...
maxdom : 8
D->valSize : 429
Solving...
Blb : 2 (clique : 30)
currentSize : 30 <-- 0.004469 s
currentSize : 31 <-- 0.004715 s
currentSize : 32 <-- 0.004802 s
currentSize : 33 <-- 0.143280 s
currentSize : 34 <-- 0.421894 s
currentSize : 35 <-- 1.863714 s
currentSize : 36 <-- 11.477110 s
currentSize : 37 <-- 287.350555 s

TIMEOUT
maxsize : 37
nodes : 185171885.000000
filtered : 1309812464.000000
time : 1000.000061
