Parameters: GAD=1 vflib=1 dir=0 label=0 vlabel=1 lowerbound=1 fileNameGp=../../cp2016-max-common-connected-subgraph-paper/datasets/graphsdb/mcs50/bvg/b09m/mcs50_b09m_s50.A04 fileNameGt=../../cp2016-max-common-connected-subgraph-paper/datasets/graphsdb/mcs50/bvg/b09m/mcs50_b09m_s50.B04
Reading graphs...
50 :  216
50 :  214
Initializing...
maxdom : 10
D->valSize : 324
Solving...
Blb : 3 (clique : 13)
currentSize : 13 <-- 0.003183 s
currentSize : 14 <-- 0.007695 s
currentSize : 15 <-- 0.010714 s
currentSize : 16 <-- 0.018275 s
currentSize : 17 <-- 0.150210 s
currentSize : 18 <-- 1.378646 s
currentSize : 19 <-- 3.623085 s
currentSize : 20 <-- 6.574592 s
currentSize : 22 <-- 7.995689 s
currentSize : 23 <-- 7.995748 s
currentSize : 24 <-- 7.996569 s

maxsize : 24
nodes : 1863388.000000
filtered : 20292580.000000
time : 8.821083
