Parameters: GAD=1 vflib=1 dir=0 label=0 vlabel=1 lowerbound=1 fileNameGp=../../cp2016-max-common-connected-subgraph-paper/datasets/graphsdb/mcs50/bvg/b09m/mcs50_b09m_s70.A05 fileNameGt=../../cp2016-max-common-connected-subgraph-paper/datasets/graphsdb/mcs50/bvg/b09m/mcs50_b09m_s70.B05
Reading graphs...
70 :  309
70 :  307
Initializing...
maxdom : 8
D->valSize : 326
Solving...
Blb : 2 (clique : 17)
currentSize : 17 <-- 0.004186 s
currentSize : 18 <-- 0.008142 s
currentSize : 19 <-- 0.034432 s
currentSize : 20 <-- 0.086414 s
currentSize : 21 <-- 0.132812 s
currentSize : 22 <-- 0.132967 s
currentSize : 23 <-- 0.133403 s
currentSize : 24 <-- 1.496272 s
currentSize : 25 <-- 1.496375 s
currentSize : 26 <-- 1.656427 s
currentSize : 27 <-- 1.656556 s
currentSize : 28 <-- 10.951540 s
currentSize : 29 <-- 17.211494 s
currentSize : 30 <-- 17.212496 s
currentSize : 31 <-- 17.212669 s
currentSize : 32 <-- 17.310570 s
currentSize : 33 <-- 17.310787 s
currentSize : 34 <-- 17.310940 s

maxsize : 34
nodes : 9560116.000000
filtered : 48693424.000000
time : 43.949638
