Parameters: GAD=1 vflib=1 dir=0 label=0 vlabel=1 lowerbound=1 fileNameGp=../../cp2016-max-common-connected-subgraph-paper/datasets/graphsdb/mcs50/bvg/b03m/mcs50_b03m_s70.A09 fileNameGt=../../cp2016-max-common-connected-subgraph-paper/datasets/graphsdb/mcs50/bvg/b03m/mcs50_b03m_s70.B09
Reading graphs...
70 :  105
70 :  104
Initializing...
maxdom : 8
D->valSize : 364
Solving...
Blb : 2 (clique : 33)
currentSize : 33 <-- 0.003534 s
currentSize : 34 <-- 0.003765 s
currentSize : 35 <-- 0.005032 s
currentSize : 36 <-- 0.010540 s
currentSize : 37 <-- 0.162248 s
currentSize : 38 <-- 0.502699 s
currentSize : 39 <-- 2.875052 s
currentSize : 40 <-- 2.884711 s

TIMEOUT
maxsize : 40
nodes : 200722594.000000
filtered : 1254464028.000000
time : 1000.000061
