Parameters: GAD=1 vflib=1 dir=0 label=0 vlabel=1 lowerbound=1 fileNameGp=../../cp2016-max-common-connected-subgraph-paper/datasets/graphsdb/mcs50/m3D/m3Dr2/mcs50_m3Dr2_s50.A01 fileNameGt=../../cp2016-max-common-connected-subgraph-paper/datasets/graphsdb/mcs50/m3D/m3Dr2/mcs50_m3Dr2_s50.B01
Reading graphs...
50 :  118
50 :  119
Initializing...
maxdom : 10
D->valSize : 316
Solving...
Blb : 2 (clique : 18)
currentSize : 18 <-- 0.003466 s
currentSize : 19 <-- 0.003608 s
currentSize : 20 <-- 0.003705 s
currentSize : 21 <-- 0.003775 s
currentSize : 22 <-- 0.006954 s
currentSize : 23 <-- 0.050121 s
currentSize : 24 <-- 0.050449 s
currentSize : 26 <-- 0.616378 s
currentSize : 27 <-- 2.584636 s

maxsize : 27
nodes : 1600174.000000
filtered : 16049734.000000
time : 7.618726
