Parameters: GAD=1 vflib=1 dir=0 label=0 vlabel=1 lowerbound=1 fileNameGp=../../cp2016-max-common-connected-subgraph-paper/datasets/graphsdb/mcs50/bvg/b09/mcs50_b09_s60.A00 fileNameGt=../../cp2016-max-common-connected-subgraph-paper/datasets/graphsdb/mcs50/bvg/b09/mcs50_b09_s60.B00
Reading graphs...
60 :  266
60 :  268
Initializing...
maxdom : 6
D->valSize : 253
Solving...
Blb : 3 (clique : 23)
currentSize : 23 <-- 0.001983 s
currentSize : 24 <-- 0.097865 s
currentSize : 25 <-- 0.153325 s
currentSize : 26 <-- 0.406018 s
currentSize : 27 <-- 0.769298 s
currentSize : 28 <-- 1.270919 s
currentSize : 29 <-- 1.350743 s
currentSize : 30 <-- 1.787530 s

maxsize : 30
nodes : 427837.000000
filtered : 3053341.000000
time : 1.975348
