Parameters: GAD=1 vflib=1 dir=0 label=0 vlabel=1 lowerbound=1 fileNameGp=../../cp2016-max-common-connected-subgraph-paper/datasets/graphsdb/mcs50/bvg/b09m/mcs50_b09m_s50.A01 fileNameGt=../../cp2016-max-common-connected-subgraph-paper/datasets/graphsdb/mcs50/bvg/b09m/mcs50_b09m_s50.B01
Reading graphs...
50 :  219
50 :  215
Initializing...
maxdom : 9
D->valSize : 349
Solving...
Blb : 3 (clique : 14)
currentSize : 14 <-- 0.004094 s
currentSize : 15 <-- 0.006009 s
currentSize : 16 <-- 0.167574 s
currentSize : 17 <-- 0.308343 s
currentSize : 18 <-- 1.351471 s
currentSize : 20 <-- 2.186086 s
currentSize : 21 <-- 2.213697 s
currentSize : 23 <-- 2.213874 s
currentSize : 24 <-- 2.213932 s

maxsize : 24
nodes : 811105.000000
filtered : 8370596.000000
time : 3.875096
