Parameters: GAD=1 vflib=1 dir=0 label=0 vlabel=1 lowerbound=1 fileNameGp=../../cp2016-max-common-connected-subgraph-paper/datasets/graphsdb/mcs50/bvg/b03/mcs50_b03_s100.A07 fileNameGt=../../cp2016-max-common-connected-subgraph-paper/datasets/graphsdb/mcs50/bvg/b03/mcs50_b03_s100.B07
Reading graphs...
100 :  149
100 :  150
Initializing...
maxdom : 9
D->valSize : 414
Solving...
Blb : 2 (clique : 45)
currentSize : 45 <-- 0.007690 s
currentSize : 46 <-- 0.016390 s
currentSize : 47 <-- 0.019039 s
currentSize : 48 <-- 123.683929 s
currentSize : 49 <-- 944.880981 s
currentSize : 50 <-- 960.684387 s

TIMEOUT
maxsize : 50
nodes : 192889829.000000
filtered : 826025141.000000
time : 1000.000061
