Parameters: GAD=1 vflib=1 dir=0 label=0 vlabel=1 lowerbound=1 fileNameGp=../../cp2016-max-common-connected-subgraph-paper/datasets/graphsdb/mcs50/m2D/m2Dr4/mcs50_m2Dr4_s60.A01 fileNameGt=../../cp2016-max-common-connected-subgraph-paper/datasets/graphsdb/mcs50/m2D/m2Dr4/mcs50_m2Dr4_s60.B01
Reading graphs...
60 :  126
60 :  124
Initializing...
maxdom : 7
D->valSize : 227
Solving...
Blb : 3 (clique : 23)
currentSize : 23 <-- 0.001689 s
currentSize : 24 <-- 0.069467 s
currentSize : 25 <-- 0.305674 s
currentSize : 26 <-- 33.568878 s
currentSize : 27 <-- 39.612885 s
currentSize : 28 <-- 169.938599 s

maxsize : 28
nodes : 46095451.000000
filtered : 327782289.000000
time : 211.774353
