Parameters: GAD=1 vflib=1 dir=0 label=0 vlabel=1 lowerbound=1 fileNameGp=../../cp2016-max-common-connected-subgraph-paper/datasets/graphsdb/mcs50/m2D/m2D/mcs50_m2D_s70.A02 fileNameGt=../../cp2016-max-common-connected-subgraph-paper/datasets/graphsdb/mcs50/m2D/m2D/mcs50_m2D_s70.B02
Reading graphs...
70 :  123
70 :  123
Initializing...
maxdom : 8
D->valSize : 319
Solving...
Blb : 3 (clique : 27)
currentSize : 27 <-- 0.004460 s
currentSize : 28 <-- 0.006855 s
currentSize : 29 <-- 0.021942 s
currentSize : 30 <-- 0.031835 s
currentSize : 31 <-- 0.037545 s
currentSize : 32 <-- 0.138234 s
currentSize : 33 <-- 0.371891 s
currentSize : 34 <-- 0.593224 s
currentSize : 35 <-- 124.215302 s
currentSize : 36 <-- 436.636475 s
currentSize : 37 <-- 436.709290 s
currentSize : 38 <-- 436.713470 s
currentSize : 39 <-- 438.499390 s
currentSize : 40 <-- 439.507477 s

maxsize : 40
nodes : 133774372.000000
filtered : 847619498.000000
time : 656.455994
