Parameters: GAD=1 vflib=1 dir=0 label=0 vlabel=1 lowerbound=1 fileNameGp=../../cp2016-max-common-connected-subgraph-paper/datasets/graphsdb/mcs50/m2D/m2Dr4/mcs50_m2Dr4_s50.A04 fileNameGt=../../cp2016-max-common-connected-subgraph-paper/datasets/graphsdb/mcs50/m2D/m2Dr4/mcs50_m2Dr4_s50.B04
Reading graphs...
50 :  103
50 :  103
Initializing...
maxdom : 10
D->valSize : 339
Solving...
Blb : 5 (clique : 19)
currentSize : 19 <-- 0.002684 s
currentSize : 20 <-- 0.004410 s
currentSize : 21 <-- 0.024848 s
currentSize : 22 <-- 0.252010 s
currentSize : 23 <-- 0.265233 s
currentSize : 24 <-- 0.581992 s
currentSize : 25 <-- 2.288446 s
currentSize : 26 <-- 2.288693 s
currentSize : 27 <-- 13.344868 s
currentSize : 28 <-- 13.345129 s

maxsize : 28
nodes : 2931236.000000
filtered : 37923262.000000
time : 16.995199
