Parameters: GAD=1 vflib=1 dir=0 label=0 vlabel=1 lowerbound=1 fileNameGp=../../cp2016-max-common-connected-subgraph-paper/datasets/graphsdb/mcs50/rand/r02/mcs50_r02_s100.A06 fileNameGt=../../cp2016-max-common-connected-subgraph-paper/datasets/graphsdb/mcs50/rand/r02/mcs50_r02_s100.B06
Reading graphs...
100 :  1779
100 :  1782
Initializing...
maxdom : 9
D->valSize : 390
Solving...
Blb : 2 (clique : 12)
currentSize : 12 <-- 0.003989 s
currentSize : 13 <-- 0.004195 s
currentSize : 14 <-- 0.004275 s
currentSize : 16 <-- 0.004811 s
currentSize : 17 <-- 0.005004 s
currentSize : 19 <-- 0.011306 s
currentSize : 21 <-- 0.011383 s
currentSize : 33 <-- 0.027678 s
currentSize : 50 <-- 0.098084 s

maxsize : 50
nodes : 23685.000000
filtered : 451186.000000
time : 0.201099
