Parameters: GAD=1 vflib=1 dir=0 label=0 vlabel=1 lowerbound=1 fileNameGp=../../cp2016-max-common-connected-subgraph-paper/datasets/graphsdb/mcs50/bvg/b06m/mcs50_b06m_s70.A03 fileNameGt=../../cp2016-max-common-connected-subgraph-paper/datasets/graphsdb/mcs50/bvg/b06m/mcs50_b06m_s70.B03
Reading graphs...
70 :  209
70 :  208
Initializing...
maxdom : 7
D->valSize : 313
Solving...
Blb : 3 (clique : 25)
currentSize : 25 <-- 0.004031 s
currentSize : 26 <-- 0.643995 s
currentSize : 27 <-- 3.355494 s
currentSize : 28 <-- 3.355807 s
currentSize : 29 <-- 3.356139 s
currentSize : 30 <-- 4.806626 s
currentSize : 31 <-- 10.777337 s
currentSize : 32 <-- 13.492722 s
currentSize : 33 <-- 18.775925 s
currentSize : 34 <-- 18.776115 s
currentSize : 35 <-- 18.776293 s

maxsize : 35
nodes : 10804966.000000
filtered : 73476020.000000
time : 53.860092
