Parameters: GAD=1 vflib=1 dir=0 label=0 vlabel=1 lowerbound=1 fileNameGp=../../cp2016-max-common-connected-subgraph-paper/datasets/graphsdb/mcs50/m2D/m2Dr2/mcs50_m2Dr2_s70.A07 fileNameGt=../../cp2016-max-common-connected-subgraph-paper/datasets/graphsdb/mcs50/m2D/m2Dr2/mcs50_m2Dr2_s70.B07
Reading graphs...
70 :  136
70 :  137
Initializing...
maxdom : 11
D->valSize : 337
Solving...
Blb : 3 (clique : 29)
currentSize : 29 <-- 0.003014 s
currentSize : 30 <-- 0.049873 s
currentSize : 31 <-- 5.398888 s
currentSize : 32 <-- 24.726740 s
currentSize : 33 <-- 34.834789 s
currentSize : 35 <-- 51.224262 s
currentSize : 36 <-- 51.372646 s
currentSize : 37 <-- 77.701149 s
currentSize : 38 <-- 81.831863 s
currentSize : 39 <-- 81.945366 s

maxsize : 39
nodes : 32344472.000000
filtered : 188019917.000000
time : 151.581070
