Parameters: GAD=1 vflib=1 dir=0 label=0 vlabel=1 lowerbound=1 fileNameGp=../../cp2016-max-common-connected-subgraph-paper/datasets/graphsdb/mcs50/rand/r005/mcs50_r005_s40.A08 fileNameGt=../../cp2016-max-common-connected-subgraph-paper/datasets/graphsdb/mcs50/rand/r005/mcs50_r005_s40.B08
Reading graphs...
40 :  78
40 :  76
Initializing...
maxdom : 8
D->valSize : 210
Solving...
Blb : 2 (clique : 15)
currentSize : 15 <-- 0.001303 s
currentSize : 16 <-- 0.001448 s
currentSize : 17 <-- 0.001690 s
currentSize : 18 <-- 0.008488 s
currentSize : 19 <-- 0.356634 s
currentSize : 20 <-- 0.356732 s
currentSize : 21 <-- 0.368534 s

maxsize : 21
nodes : 270080.000000
filtered : 2169632.000000
time : 1.112564
