Parameters: GAD=1 vflib=1 dir=0 label=0 vlabel=1 lowerbound=1 fileNameGp=../../cp2016-max-common-connected-subgraph-paper/datasets/graphsdb/mcs50/rand/r02/mcs50_r02_s90.A08 fileNameGt=../../cp2016-max-common-connected-subgraph-paper/datasets/graphsdb/mcs50/rand/r02/mcs50_r02_s90.B08
Reading graphs...
90 :  1443
90 :  1436
Initializing...
maxdom : 9
D->valSize : 566
Solving...
Blb : 2 (clique : 9)
currentSize : 9 <-- 0.009838 s
currentSize : 10 <-- 0.010041 s
currentSize : 11 <-- 0.010131 s
currentSize : 12 <-- 0.010853 s
currentSize : 13 <-- 0.085705 s
currentSize : 15 <-- 0.094237 s
currentSize : 16 <-- 0.112413 s
currentSize : 19 <-- 0.113930 s
currentSize : 21 <-- 0.119816 s
currentSize : 22 <-- 1.354867 s
currentSize : 25 <-- 1.412668 s
currentSize : 30 <-- 1.412830 s
currentSize : 31 <-- 2.133900 s
currentSize : 45 <-- 2.859176 s

maxsize : 45
nodes : 424089.000000
filtered : 6316625.000000
time : 3.172094
