Parameters: GAD=1 vflib=1 dir=0 label=0 vlabel=1 lowerbound=1 fileNameGp=../../cp2016-max-common-connected-subgraph-paper/datasets/graphsdb/mcs50/bvg/b06/mcs50_b06_s70.A09 fileNameGt=../../cp2016-max-common-connected-subgraph-paper/datasets/graphsdb/mcs50/bvg/b06/mcs50_b06_s70.B09
Reading graphs...
70 :  210
70 :  207
Initializing...
maxdom : 8
D->valSize : 345
Solving...
Blb : 2 (clique : 25)
currentSize : 25 <-- 0.003105 s
currentSize : 26 <-- 0.003299 s
currentSize : 27 <-- 0.003373 s
currentSize : 28 <-- 0.004668 s
currentSize : 29 <-- 0.091469 s
currentSize : 30 <-- 0.335913 s
currentSize : 31 <-- 1.499559 s
currentSize : 32 <-- 1.696349 s
currentSize : 33 <-- 1.925059 s
currentSize : 34 <-- 2.075367 s
currentSize : 35 <-- 3.766456 s
currentSize : 36 <-- 3.777283 s

maxsize : 36
nodes : 12582361.000000
filtered : 92024455.000000
time : 64.550652
