Parameters: GAD=1 vflib=1 dir=0 label=0 vlabel=1 lowerbound=1 fileNameGp=../../cp2016-max-common-connected-subgraph-paper/datasets/graphsdb/mcs50/rand/r02/mcs50_r02_s80.A04 fileNameGt=../../cp2016-max-common-connected-subgraph-paper/datasets/graphsdb/mcs50/rand/r02/mcs50_r02_s80.B04
Reading graphs...
80 :  1137
80 :  1132
Initializing...
maxdom : 9
D->valSize : 437
Solving...
Blb : 2 (clique : 10)
currentSize : 10 <-- 0.006427 s
currentSize : 12 <-- 0.006629 s
currentSize : 13 <-- 0.006982 s
currentSize : 14 <-- 0.007247 s
currentSize : 15 <-- 0.019459 s
currentSize : 18 <-- 0.133727 s
currentSize : 19 <-- 0.189289 s
currentSize : 27 <-- 0.420109 s
currentSize : 28 <-- 0.926448 s
currentSize : 31 <-- 1.122343 s
currentSize : 40 <-- 1.285402 s

maxsize : 40
nodes : 205670.000000
filtered : 2935282.000000
time : 1.436144
