Parameters: GAD=1 vflib=1 dir=0 label=0 vlabel=1 lowerbound=1 fileNameGp=../../cp2016-max-common-connected-subgraph-paper/datasets/graphsdb/mcs50/m2D/m2Dr6/mcs50_m2Dr6_s80.A06 fileNameGt=../../cp2016-max-common-connected-subgraph-paper/datasets/graphsdb/mcs50/m2D/m2Dr6/mcs50_m2Dr6_s80.B06
Reading graphs...
80 :  190
80 :  188
Initializing...
maxdom : 8
D->valSize : 423
Solving...
Blb : 3 (clique : 27)
currentSize : 27 <-- 0.004270 s
currentSize : 30 <-- 0.004474 s
currentSize : 31 <-- 0.004659 s
currentSize : 32 <-- 0.008389 s
currentSize : 33 <-- 0.014207 s
currentSize : 34 <-- 0.038285 s
currentSize : 35 <-- 4.003574 s
currentSize : 36 <-- 4.196470 s

TIMEOUT
maxsize : 36
nodes : 178531623.000000
filtered : 1380636621.000000
time : 1000.000061
