Parameters: GAD=1 vflib=1 dir=0 label=0 vlabel=1 lowerbound=1 fileNameGp=../../cp2016-max-common-connected-subgraph-paper/datasets/graphsdb/mcs50/rand/r005/mcs50_r005_s60.A06 fileNameGt=../../cp2016-max-common-connected-subgraph-paper/datasets/graphsdb/mcs50/rand/r005/mcs50_r005_s60.B06
Reading graphs...
60 :  174
60 :  171
Initializing...
maxdom : 7
D->valSize : 238
Solving...
Blb : 2 (clique : 19)
currentSize : 19 <-- 0.001995 s
currentSize : 20 <-- 0.002653 s
currentSize : 21 <-- 0.005755 s
currentSize : 22 <-- 0.006279 s
currentSize : 23 <-- 0.009938 s
currentSize : 24 <-- 0.010665 s
currentSize : 26 <-- 0.094059 s
currentSize : 27 <-- 0.386281 s
currentSize : 28 <-- 0.429995 s
currentSize : 29 <-- 1.315069 s
currentSize : 30 <-- 1.374916 s
currentSize : 31 <-- 1.376454 s

maxsize : 31
nodes : 451686.000000
filtered : 3756847.000000
time : 2.279917
