Parameters: GAD=1 vflib=1 dir=0 label=0 vlabel=1 lowerbound=1 fileNameGp=../../cp2016-max-common-connected-subgraph-paper/datasets/graphsdb/mcs50/m2D/m2Dr6/mcs50_m2Dr6_s80.A08 fileNameGt=../../cp2016-max-common-connected-subgraph-paper/datasets/graphsdb/mcs50/m2D/m2Dr6/mcs50_m2Dr6_s80.B08
Reading graphs...
80 :  189
80 :  186
Initializing...
maxdom : 9
D->valSize : 457
Solving...
Blb : 2 (clique : 29)
currentSize : 29 <-- 0.007728 s
currentSize : 30 <-- 0.014165 s
currentSize : 31 <-- 0.084190 s
currentSize : 32 <-- 1.010192 s
currentSize : 33 <-- 12.803468 s
currentSize : 34 <-- 13.470357 s
currentSize : 35 <-- 89.758141 s
currentSize : 36 <-- 89.770294 s
currentSize : 37 <-- 250.631470 s
currentSize : 38 <-- 250.654236 s
currentSize : 39 <-- 255.004517 s
currentSize : 40 <-- 256.789612 s
currentSize : 41 <-- 256.804016 s
currentSize : 42 <-- 621.818665 s

TIMEOUT
maxsize : 42
nodes : 183569515.000000
filtered : 1267236074.000000
time : 1000.000061
