Parameters: GAD=1 vflib=1 dir=0 label=0 vlabel=1 lowerbound=1 fileNameGp=../../cp2016-max-common-connected-subgraph-paper/datasets/graphsdb/mcs50/m2D/m2D/mcs50_m2D_s70.A04 fileNameGt=../../cp2016-max-common-connected-subgraph-paper/datasets/graphsdb/mcs50/m2D/m2D/mcs50_m2D_s70.B04
Reading graphs...
70 :  121
70 :  123
Initializing...
maxdom : 7
D->valSize : 324
Solving...
Blb : 2 (clique : 30)
currentSize : 30 <-- 0.004456 s
currentSize : 31 <-- 0.128766 s
currentSize : 32 <-- 3.112280 s
currentSize : 33 <-- 3.442962 s
currentSize : 34 <-- 5.000868 s
currentSize : 35 <-- 13.752061 s
currentSize : 36 <-- 23.701937 s
currentSize : 37 <-- 23.702221 s
currentSize : 38 <-- 42.435860 s
currentSize : 40 <-- 147.509674 s

maxsize : 40
nodes : 158382438.000000
filtered : 1118876831.000000
time : 822.421021
