Parameters: GAD=1 vflib=1 dir=0 label=0 vlabel=1 lowerbound=1 fileNameGp=../../cp2016-max-common-connected-subgraph-paper/datasets/graphsdb/mcs50/rand/r005/mcs50_r005_s100.A08 fileNameGt=../../cp2016-max-common-connected-subgraph-paper/datasets/graphsdb/mcs50/rand/r005/mcs50_r005_s100.B08
Reading graphs...
100 :  481
100 :  482
Initializing...
maxdom : 7
D->valSize : 342
Solving...
Blb : 2 (clique : 26)
currentSize : 26 <-- 0.003463 s
currentSize : 27 <-- 0.007797 s
currentSize : 28 <-- 0.039807 s
currentSize : 29 <-- 0.039949 s
currentSize : 30 <-- 0.040115 s
currentSize : 31 <-- 0.082778 s
currentSize : 32 <-- 0.254119 s
currentSize : 33 <-- 33.093021 s
currentSize : 34 <-- 33.102047 s
currentSize : 35 <-- 33.398594 s
currentSize : 37 <-- 33.405132 s
currentSize : 38 <-- 38.539116 s
currentSize : 39 <-- 38.584854 s
currentSize : 41 <-- 38.584995 s
currentSize : 43 <-- 112.028183 s
currentSize : 44 <-- 112.155540 s
currentSize : 46 <-- 112.180763 s
currentSize : 47 <-- 114.236618 s
currentSize : 48 <-- 114.253853 s
currentSize : 50 <-- 114.258194 s

maxsize : 50
nodes : 26823186.000000
filtered : 179847450.000000
time : 167.948975
