Parameters: GAD=1 vflib=1 dir=0 label=0 vlabel=1 lowerbound=1 fileNameGp=../../cp2016-max-common-connected-subgraph-paper/datasets/graphsdb/mcs50/m2D/m2D/mcs50_m2D_s60.A02 fileNameGt=../../cp2016-max-common-connected-subgraph-paper/datasets/graphsdb/mcs50/m2D/m2D/mcs50_m2D_s60.B02
Reading graphs...
60 :  103
60 :  104
Initializing...
maxdom : 8
D->valSize : 254
Solving...
Blb : 2 (clique : 27)
currentSize : 27 <-- 0.001989 s
currentSize : 28 <-- 0.002261 s
currentSize : 29 <-- 0.002877 s
currentSize : 30 <-- 0.002988 s
currentSize : 31 <-- 0.007591 s
currentSize : 32 <-- 0.008034 s
currentSize : 33 <-- 41.053379 s

maxsize : 33
nodes : 17042169.000000
filtered : 113697641.000000
time : 78.858765
