Parameters: GAD=1 vflib=1 dir=0 label=0 vlabel=1 lowerbound=1 fileNameGp=../../cp2016-max-common-connected-subgraph-paper/datasets/graphsdb/mcs50/rand/r005/mcs50_r005_s70.A01 fileNameGt=../../cp2016-max-common-connected-subgraph-paper/datasets/graphsdb/mcs50/rand/r005/mcs50_r005_s70.B01
Reading graphs...
70 :  235
70 :  235
Initializing...
maxdom : 8
D->valSize : 323
Solving...
Blb : 2 (clique : 23)
currentSize : 23 <-- 0.002648 s
currentSize : 24 <-- 0.002908 s
currentSize : 25 <-- 0.008696 s
currentSize : 26 <-- 2.805112 s
currentSize : 28 <-- 4.186888 s
currentSize : 29 <-- 12.737618 s
currentSize : 30 <-- 208.672470 s
currentSize : 31 <-- 208.672562 s
currentSize : 32 <-- 208.672638 s
currentSize : 35 <-- 210.698563 s

maxsize : 35
nodes : 45792755.000000
filtered : 367824662.000000
time : 246.063629
