Parameters: GAD=1 vflib=1 dir=0 label=0 vlabel=1 lowerbound=1 fileNameGp=../../cp2016-max-common-connected-subgraph-paper/datasets/graphsdb/mcs50/bvg/b03m/mcs50_b03m_s50.A06 fileNameGt=../../cp2016-max-common-connected-subgraph-paper/datasets/graphsdb/mcs50/bvg/b03m/mcs50_b03m_s50.B06
Reading graphs...
50 :  74
50 :  72
Initializing...
maxdom : 8
D->valSize : 329
Solving...
Blb : 2 (clique : 23)
currentSize : 23 <-- 0.002463 s
currentSize : 24 <-- 0.002648 s
currentSize : 25 <-- 0.006650 s
currentSize : 26 <-- 0.224080 s
currentSize : 27 <-- 0.237549 s
currentSize : 28 <-- 0.496943 s
currentSize : 29 <-- 115.003845 s
currentSize : 30 <-- 147.056686 s

maxsize : 30
nodes : 98742877.000000
filtered : 1166432227.000000
time : 533.484070
