Parameters: GAD=1 vflib=1 dir=0 label=0 vlabel=1 lowerbound=1 fileNameGp=../../cp2016-max-common-connected-subgraph-paper/datasets/graphsdb/mcs50/bvg/b03/mcs50_b03_s60.A06 fileNameGt=../../cp2016-max-common-connected-subgraph-paper/datasets/graphsdb/mcs50/bvg/b03/mcs50_b03_s60.B06
Reading graphs...
60 :  90
60 :  89
Initializing...
maxdom : 8
D->valSize : 275
Solving...
Blb : 2 (clique : 27)
currentSize : 27 <-- 0.002106 s
currentSize : 28 <-- 0.008899 s
currentSize : 29 <-- 1.104530 s
currentSize : 30 <-- 25.086937 s
currentSize : 31 <-- 54.849262 s
currentSize : 32 <-- 118.499680 s

maxsize : 32
nodes : 26092958.000000
filtered : 199348420.000000
time : 122.228371
