Parameters: GAD=1 vflib=1 dir=0 label=0 vlabel=1 lowerbound=1 fileNameGp=../../cp2016-max-common-connected-subgraph-paper/datasets/graphsdb/mcs50/bvg/b03/mcs50_b03_s80.A07 fileNameGt=../../cp2016-max-common-connected-subgraph-paper/datasets/graphsdb/mcs50/bvg/b03/mcs50_b03_s80.B07
Reading graphs...
80 :  120
80 :  120
Initializing...
maxdom : 8
D->valSize : 425
Solving...
Blb : 2 (clique : 35)
currentSize : 35 <-- 0.004417 s
currentSize : 36 <-- 0.014178 s
currentSize : 37 <-- 0.015292 s
currentSize : 38 <-- 0.019626 s
currentSize : 39 <-- 0.031439 s
currentSize : 40 <-- 0.056015 s
currentSize : 41 <-- 68.202034 s

TIMEOUT
maxsize : 41
nodes : 177011001.000000
filtered : 1356300368.000000
time : 1000.000061
