Parameters: GAD=1 vflib=1 dir=0 label=0 vlabel=1 lowerbound=1 fileNameGp=../../cp2016-max-common-connected-subgraph-paper/datasets/graphsdb/mcs50/bvg/b09m/mcs50_b09m_s80.A01 fileNameGt=../../cp2016-max-common-connected-subgraph-paper/datasets/graphsdb/mcs50/bvg/b09m/mcs50_b09m_s80.B01
Reading graphs...
80 :  347
80 :  349
Initializing...
maxdom : 9
D->valSize : 432
Solving...
Blb : 2 (clique : 21)
currentSize : 21 <-- 0.004165 s
currentSize : 22 <-- 0.004422 s
currentSize : 25 <-- 0.005040 s
currentSize : 26 <-- 0.007355 s
currentSize : 27 <-- 0.007968 s
currentSize : 28 <-- 0.009386 s
currentSize : 29 <-- 0.031096 s
currentSize : 30 <-- 0.031254 s
currentSize : 31 <-- 3.395055 s
currentSize : 32 <-- 3.395272 s
currentSize : 33 <-- 3.395494 s
currentSize : 34 <-- 3.395748 s
currentSize : 35 <-- 3.396054 s
currentSize : 36 <-- 3.396243 s
currentSize : 37 <-- 3.399469 s
currentSize : 38 <-- 4.031244 s
currentSize : 39 <-- 125.312660 s
currentSize : 40 <-- 125.314316 s
currentSize : 41 <-- 127.916679 s

maxsize : 41
nodes : 74081216.000000
filtered : 465691425.000000
time : 393.826447
