Parameters: GAD=1 vflib=1 dir=0 label=0 vlabel=1 lowerbound=1 fileNameGp=../../cp2016-max-common-connected-subgraph-paper/datasets/graphsdb/mcs50/m2D/m2Dr6/mcs50_m2Dr6_s50.A03 fileNameGt=../../cp2016-max-common-connected-subgraph-paper/datasets/graphsdb/mcs50/m2D/m2Dr6/mcs50_m2Dr6_s50.B03
Reading graphs...
50 :  112
50 :  112
Initializing...
maxdom : 9
D->valSize : 331
Solving...
Blb : 2 (clique : 17)
currentSize : 17 <-- 0.003890 s
currentSize : 18 <-- 0.004788 s
currentSize : 19 <-- 0.005336 s
currentSize : 20 <-- 0.007629 s
currentSize : 21 <-- 0.022266 s
currentSize : 22 <-- 0.596733 s
currentSize : 23 <-- 0.808706 s
currentSize : 24 <-- 1.557394 s
currentSize : 25 <-- 3.549925 s
currentSize : 26 <-- 5.128448 s
currentSize : 27 <-- 24.214127 s

maxsize : 27
nodes : 5150149.000000
filtered : 57703625.000000
time : 25.330124
