Parameters: GAD=1 vflib=1 dir=0 label=0 vlabel=1 lowerbound=1 fileNameGp=../../cp2016-max-common-connected-subgraph-paper/datasets/graphsdb/mcs50/m3D/m3Dr2/mcs50_m3Dr2_s60.A04 fileNameGt=../../cp2016-max-common-connected-subgraph-paper/datasets/graphsdb/mcs50/m3D/m3Dr2/mcs50_m3Dr2_s60.B04
Reading graphs...
60 :  145
60 :  143
Initializing...
maxdom : 8
D->valSize : 256
Solving...
Blb : 2 (clique : 21)
currentSize : 21 <-- 0.002861 s
currentSize : 22 <-- 0.003089 s
currentSize : 23 <-- 0.005266 s
currentSize : 24 <-- 0.014346 s
currentSize : 25 <-- 1.078389 s
currentSize : 26 <-- 1.087809 s
currentSize : 27 <-- 20.864191 s
currentSize : 28 <-- 20.864920 s
currentSize : 29 <-- 22.690720 s

maxsize : 29
nodes : 7363680.000000
filtered : 48675168.000000
time : 33.524303
