Parameters: GAD=1 vflib=1 dir=0 label=0 vlabel=1 lowerbound=1 fileNameGp=../../cp2016-max-common-connected-subgraph-paper/datasets/graphsdb/mcs50/rand/r02/mcs50_r02_s90.A01 fileNameGt=../../cp2016-max-common-connected-subgraph-paper/datasets/graphsdb/mcs50/rand/r02/mcs50_r02_s90.B01
Reading graphs...
90 :  1411
90 :  1425
Initializing...
maxdom : 10
D->valSize : 535
Solving...
Blb : 2 (clique : 10)
currentSize : 10 <-- 0.008888 s
currentSize : 11 <-- 0.009183 s
currentSize : 12 <-- 0.010311 s
currentSize : 13 <-- 0.041891 s
currentSize : 14 <-- 0.162269 s
currentSize : 15 <-- 0.259931 s
currentSize : 16 <-- 0.268263 s
currentSize : 19 <-- 0.270408 s
currentSize : 21 <-- 1.271556 s
currentSize : 24 <-- 1.482102 s
currentSize : 26 <-- 2.592081 s
currentSize : 30 <-- 3.384609 s
currentSize : 45 <-- 3.890348 s

maxsize : 45
nodes : 622636.000000
filtered : 7613013.000000
time : 4.229983
