Parameters: GAD=1 vflib=1 dir=0 label=0 vlabel=1 lowerbound=1 fileNameGp=../../cp2016-max-common-connected-subgraph-paper/datasets/graphsdb/mcs50/m3D/m3Dr2/mcs50_m3Dr2_s50.A05 fileNameGt=../../cp2016-max-common-connected-subgraph-paper/datasets/graphsdb/mcs50/m3D/m3Dr2/mcs50_m3Dr2_s50.B05
Reading graphs...
50 :  119
50 :  118
Initializing...
maxdom : 9
D->valSize : 335
Solving...
Blb : 2 (clique : 18)
currentSize : 18 <-- 0.003976 s
currentSize : 19 <-- 0.004249 s
currentSize : 20 <-- 0.004408 s
currentSize : 21 <-- 0.005823 s
currentSize : 22 <-- 0.200717 s
currentSize : 23 <-- 0.662764 s
currentSize : 24 <-- 2.379320 s
currentSize : 25 <-- 42.776169 s
currentSize : 26 <-- 48.819496 s
currentSize : 27 <-- 48.819649 s

maxsize : 27
nodes : 13209219.000000
filtered : 146846113.000000
time : 63.665344
