Parameters: GAD=1 vflib=1 dir=0 label=0 vlabel=1 lowerbound=1 fileNameGp=../../cp2016-max-common-connected-subgraph-paper/datasets/graphsdb/mcs50/m2D/m2D/mcs50_m2D_s100.A00 fileNameGt=../../cp2016-max-common-connected-subgraph-paper/datasets/graphsdb/mcs50/m2D/m2D/mcs50_m2D_s100.B00
Reading graphs...
100 :  180
100 :  180
Initializing...
maxdom : 7
D->valSize : 343
Solving...
Blb : 2 (clique : 38)
currentSize : 38 <-- 0.003679 s
currentSize : 41 <-- 0.004077 s
currentSize : 42 <-- 0.006789 s
currentSize : 43 <-- 0.017999 s
currentSize : 44 <-- 0.018437 s
currentSize : 45 <-- 0.076487 s
currentSize : 46 <-- 8.972601 s
currentSize : 47 <-- 9.098775 s
currentSize : 48 <-- 643.704895 s
currentSize : 49 <-- 697.633606 s
currentSize : 50 <-- 771.542542 s

TIMEOUT
maxsize : 50
nodes : 215072470.000000
filtered : 446727605.000000
time : 1000.000061
