Parameters: GAD=1 vflib=1 dir=0 label=0 vlabel=1 lowerbound=1 fileNameGp=../../cp2016-max-common-connected-subgraph-paper/datasets/graphsdb/mcs50/m2D/m2Dr4/mcs50_m2Dr4_s90.A02 fileNameGt=../../cp2016-max-common-connected-subgraph-paper/datasets/graphsdb/mcs50/m2D/m2Dr4/mcs50_m2Dr4_s90.B02
Reading graphs...
90 :  197
90 :  196
Initializing...
maxdom : 9
D->valSize : 546
Solving...
Blb : 2 (clique : 41)
currentSize : 41 <-- 0.006486 s
currentSize : 43 <-- 0.006779 s
currentSize : 45 <-- 0.006975 s
currentSize : 47 <-- 0.008591 s
currentSize : 48 <-- 0.013821 s
currentSize : 49 <-- 0.038274 s
currentSize : 51 <-- 0.038452 s
currentSize : 52 <-- 0.039163 s
currentSize : 53 <-- 0.186652 s

TIMEOUT
maxsize : 53
nodes : 196862854.000000
filtered : 862423509.000000
time : 1000.000061
