Parameters: GAD=1 vflib=1 dir=0 label=0 vlabel=1 lowerbound=1 fileNameGp=../../cp2016-max-common-connected-subgraph-paper/datasets/graphsdb/mcs50/rand/r01/mcs50_r01_s80.A04 fileNameGt=../../cp2016-max-common-connected-subgraph-paper/datasets/graphsdb/mcs50/rand/r01/mcs50_r01_s80.B04
Reading graphs...
80 :  592
80 :  599
Initializing...
maxdom : 9
D->valSize : 406
Solving...
Blb : 2 (clique : 13)
currentSize : 13 <-- 0.005843 s
currentSize : 14 <-- 0.006122 s
currentSize : 15 <-- 0.016935 s
currentSize : 16 <-- 0.039593 s
currentSize : 17 <-- 0.217808 s
currentSize : 18 <-- 0.231310 s
currentSize : 19 <-- 0.241081 s
currentSize : 21 <-- 0.930002 s
currentSize : 22 <-- 1.658098 s
currentSize : 23 <-- 7.876370 s
currentSize : 26 <-- 12.761588 s
currentSize : 29 <-- 14.765027 s
currentSize : 30 <-- 16.377176 s
currentSize : 33 <-- 16.377298 s
currentSize : 35 <-- 16.547676 s
currentSize : 40 <-- 16.641357 s

maxsize : 40
nodes : 2871484.000000
filtered : 24610537.000000
time : 17.296045
