Parameters: GAD=1 vflib=1 dir=0 label=0 vlabel=1 lowerbound=1 fileNameGp=../../cp2016-max-common-connected-subgraph-paper/datasets/graphsdb/mcs50/rand/r005/mcs50_r005_s60.A08 fileNameGt=../../cp2016-max-common-connected-subgraph-paper/datasets/graphsdb/mcs50/rand/r005/mcs50_r005_s60.B08
Reading graphs...
60 :  173
60 :  173
Initializing...
maxdom : 7
D->valSize : 260
Solving...
Blb : 2 (clique : 21)
currentSize : 21 <-- 0.002022 s
currentSize : 22 <-- 0.002172 s
currentSize : 23 <-- 0.002405 s
currentSize : 24 <-- 0.003625 s
currentSize : 25 <-- 0.226371 s
currentSize : 26 <-- 0.234984 s
currentSize : 27 <-- 0.607744 s
currentSize : 28 <-- 0.831947 s
currentSize : 29 <-- 2.423574 s
currentSize : 30 <-- 2.498302 s

maxsize : 30
nodes : 1869708.000000
filtered : 14573806.000000
time : 9.169930
