Parameters: GAD=1 vflib=1 dir=0 label=0 vlabel=1 lowerbound=1 fileNameGp=../../cp2016-max-common-connected-subgraph-paper/datasets/graphsdb/mcs50/bvg/b09m/mcs50_b09m_s70.A01 fileNameGt=../../cp2016-max-common-connected-subgraph-paper/datasets/graphsdb/mcs50/bvg/b09m/mcs50_b09m_s70.B01
Reading graphs...
70 :  311
70 :  308
Initializing...
maxdom : 9
D->valSize : 339
Solving...
Blb : 3 (clique : 20)
currentSize : 20 <-- 0.004439 s
currentSize : 21 <-- 0.007225 s
currentSize : 22 <-- 0.079414 s
currentSize : 23 <-- 49.212185 s
currentSize : 24 <-- 49.227375 s
currentSize : 25 <-- 73.194870 s
currentSize : 26 <-- 79.680679 s
currentSize : 27 <-- 79.682571 s
currentSize : 28 <-- 82.861290 s
currentSize : 29 <-- 82.953499 s
currentSize : 30 <-- 82.995705 s
currentSize : 31 <-- 82.995834 s
currentSize : 32 <-- 83.588387 s
currentSize : 33 <-- 83.589500 s
currentSize : 34 <-- 83.589653 s

maxsize : 34
nodes : 17347825.000000
filtered : 142427488.000000
time : 89.038544
