Parameters: GAD=1 vflib=1 dir=0 label=0 vlabel=1 lowerbound=1 fileNameGp=../../cp2016-max-common-connected-subgraph-paper/datasets/graphsdb/mcs50/m2D/m2Dr6/mcs50_m2Dr6_s50.A01 fileNameGt=../../cp2016-max-common-connected-subgraph-paper/datasets/graphsdb/mcs50/m2D/m2Dr6/mcs50_m2Dr6_s50.B01
Reading graphs...
50 :  115
50 :  113
Initializing...
maxdom : 10
D->valSize : 331
Solving...
Blb : 3 (clique : 22)
currentSize : 22 <-- 0.003923 s
currentSize : 23 <-- 22.352461 s
currentSize : 24 <-- 22.714180 s
currentSize : 25 <-- 23.021288 s
currentSize : 26 <-- 23.021383 s
currentSize : 27 <-- 23.024998 s

maxsize : 27
nodes : 5890557.000000
filtered : 60699648.000000
time : 28.230053
