Parameters: GAD=1 vflib=1 dir=0 label=0 vlabel=1 lowerbound=1 fileNameGp=../../cp2016-max-common-connected-subgraph-paper/datasets/graphsdb/mcs50/rand/r02/mcs50_r02_s80.A08 fileNameGt=../../cp2016-max-common-connected-subgraph-paper/datasets/graphsdb/mcs50/rand/r02/mcs50_r02_s80.B08
Reading graphs...
80 :  1130
80 :  1127
Initializing...
maxdom : 8
D->valSize : 435
Solving...
Blb : 5 (clique : 11)
currentSize : 11 <-- 0.004167 s
currentSize : 12 <-- 0.004445 s
currentSize : 13 <-- 0.005700 s
currentSize : 14 <-- 0.006047 s
currentSize : 15 <-- 0.006240 s
currentSize : 16 <-- 0.008845 s
currentSize : 17 <-- 0.009724 s
currentSize : 23 <-- 0.010337 s
currentSize : 25 <-- 0.015440 s
currentSize : 31 <-- 0.018739 s
currentSize : 40 <-- 0.019085 s

maxsize : 40
nodes : 33630.000000
filtered : 874653.000000
time : 0.276990
