Parameters: GAD=1 vflib=1 dir=0 label=0 vlabel=1 lowerbound=1 fileNameGp=../../cp2016-max-common-connected-subgraph-paper/datasets/graphsdb/mcs50/bvg/b06m/mcs50_b06m_s60.A05 fileNameGt=../../cp2016-max-common-connected-subgraph-paper/datasets/graphsdb/mcs50/bvg/b06m/mcs50_b06m_s60.B05
Reading graphs...
60 :  179
60 :  179
Initializing...
maxdom : 8
D->valSize : 256
Solving...
Blb : 3 (clique : 22)
currentSize : 22 <-- 0.001821 s
currentSize : 23 <-- 0.009373 s
currentSize : 24 <-- 0.043431 s
currentSize : 25 <-- 0.077534 s
currentSize : 27 <-- 0.091170 s
currentSize : 29 <-- 2.728098 s
currentSize : 30 <-- 3.103056 s
currentSize : 31 <-- 5.039825 s
currentSize : 32 <-- 5.050808 s
currentSize : 33 <-- 5.107101 s

maxsize : 33
nodes : 3068766.000000
filtered : 14475097.000000
time : 13.103676
