Parameters: GAD=1 vflib=1 dir=0 label=0 vlabel=1 lowerbound=1 fileNameGp=../../cp2016-max-common-connected-subgraph-paper/datasets/graphsdb/mcs50/bvg/b09/mcs50_b09_s70.A01 fileNameGt=../../cp2016-max-common-connected-subgraph-paper/datasets/graphsdb/mcs50/bvg/b09/mcs50_b09_s70.B01
Reading graphs...
70 :  311
70 :  313
Initializing...
maxdom : 7
D->valSize : 314
Solving...
Blb : 2 (clique : 17)
currentSize : 17 <-- 0.002461 s
currentSize : 18 <-- 0.003241 s
currentSize : 19 <-- 0.022809 s
currentSize : 20 <-- 0.713824 s
currentSize : 21 <-- 1.284896 s
currentSize : 22 <-- 2.769926 s
currentSize : 23 <-- 3.780525 s
currentSize : 24 <-- 6.106521 s
currentSize : 25 <-- 8.150026 s
currentSize : 26 <-- 8.177570 s
currentSize : 27 <-- 9.833374 s
currentSize : 28 <-- 12.764155 s
currentSize : 29 <-- 12.807330 s
currentSize : 30 <-- 12.807949 s
currentSize : 31 <-- 14.072840 s
currentSize : 32 <-- 19.417599 s
currentSize : 33 <-- 19.420856 s
currentSize : 34 <-- 19.546156 s

maxsize : 34
nodes : 7087802.000000
filtered : 39604397.000000
time : 33.552193
