Parameters: GAD=1 vflib=1 dir=0 label=0 vlabel=1 lowerbound=1 fileNameGp=../../cp2016-max-common-connected-subgraph-paper/datasets/graphsdb/mcs50/bvg/b06m/mcs50_b06m_s60.A02 fileNameGt=../../cp2016-max-common-connected-subgraph-paper/datasets/graphsdb/mcs50/bvg/b06m/mcs50_b06m_s60.B02
Reading graphs...
60 :  174
60 :  177
Initializing...
maxdom : 6
D->valSize : 256
Solving...
Blb : 3 (clique : 21)
currentSize : 21 <-- 0.002943 s
currentSize : 22 <-- 0.003189 s
currentSize : 23 <-- 0.003691 s
currentSize : 24 <-- 0.005233 s
currentSize : 25 <-- 0.020477 s
currentSize : 26 <-- 0.020670 s
currentSize : 27 <-- 1.061907 s
currentSize : 28 <-- 3.731280 s
currentSize : 29 <-- 3.770871 s
currentSize : 30 <-- 3.770917 s

maxsize : 30
nodes : 4295263.000000
filtered : 16081068.000000
time : 17.009443
