Parameters: GAD=1 vflib=1 dir=0 label=0 vlabel=1 lowerbound=1 fileNameGp=../../cp2016-max-common-connected-subgraph-paper/datasets/graphsdb/mcs50/m3D/m3D/mcs50_m3D_s60.A04 fileNameGt=../../cp2016-max-common-connected-subgraph-paper/datasets/graphsdb/mcs50/m3D/m3D/mcs50_m3D_s60.B04
Reading graphs...
60 :  132
60 :  134
Initializing...
maxdom : 6
D->valSize : 249
Solving...
Blb : 2 (clique : 21)
currentSize : 21 <-- 0.002854 s
currentSize : 22 <-- 0.005554 s
currentSize : 23 <-- 0.045278 s
currentSize : 24 <-- 0.056332 s
currentSize : 25 <-- 0.057013 s
currentSize : 26 <-- 0.104284 s
currentSize : 27 <-- 0.143505 s
currentSize : 28 <-- 0.626577 s
currentSize : 29 <-- 12.229745 s
currentSize : 30 <-- 12.230507 s
currentSize : 31 <-- 12.260722 s

maxsize : 31
nodes : 14159270.000000
filtered : 96060866.000000
time : 66.508568
