Parameters: GAD=1 vflib=1 dir=0 label=0 vlabel=1 lowerbound=1 fileNameGp=../../cp2016-max-common-connected-subgraph-paper/datasets/graphsdb/mcs50/m2D/m2D/mcs50_m2D_s80.A04 fileNameGt=../../cp2016-max-common-connected-subgraph-paper/datasets/graphsdb/mcs50/m2D/m2D/mcs50_m2D_s80.B04
Reading graphs...
80 :  141
80 :  142
Initializing...
maxdom : 7
D->valSize : 403
Solving...
Blb : 3 (clique : 32)
currentSize : 32 <-- 0.004187 s
currentSize : 33 <-- 0.006237 s
currentSize : 34 <-- 0.006300 s
currentSize : 35 <-- 0.016703 s
currentSize : 36 <-- 0.024898 s
currentSize : 37 <-- 0.078399 s
currentSize : 38 <-- 0.155183 s
currentSize : 39 <-- 51.097103 s
currentSize : 40 <-- 180.184387 s

TIMEOUT
maxsize : 40
nodes : 181845963.000000
filtered : 1392094463.000000
time : 1000.000061
