Parameters: GAD=1 vflib=1 dir=0 label=0 vlabel=1 lowerbound=1 fileNameGp=../../cp2016-max-common-connected-subgraph-paper/datasets/graphsdb/mcs50/rand/r02/mcs50_r02_s100.A03 fileNameGt=../../cp2016-max-common-connected-subgraph-paper/datasets/graphsdb/mcs50/rand/r02/mcs50_r02_s100.B03
Reading graphs...
100 :  1780
100 :  1760
Initializing...
maxdom : 8
D->valSize : 405
Solving...
Blb : 2 (clique : 10)
currentSize : 10 <-- 0.004350 s
currentSize : 11 <-- 0.007034 s
currentSize : 12 <-- 0.008906 s
currentSize : 13 <-- 0.021397 s
currentSize : 14 <-- 0.022821 s
currentSize : 16 <-- 0.022875 s
currentSize : 17 <-- 0.069481 s
currentSize : 31 <-- 0.155916 s
currentSize : 50 <-- 0.238437 s

maxsize : 50
nodes : 44859.000000
filtered : 535624.000000
time : 0.326762
