Parameters: GAD=1 vflib=1 dir=0 label=0 vlabel=1 lowerbound=1 fileNameGp=../../cp2016-max-common-connected-subgraph-paper/datasets/graphsdb/mcs50/m2D/m2Dr2/mcs50_m2Dr2_s70.A05 fileNameGt=../../cp2016-max-common-connected-subgraph-paper/datasets/graphsdb/mcs50/m2D/m2Dr2/mcs50_m2Dr2_s70.B05
Reading graphs...
70 :  137
70 :  136
Initializing...
maxdom : 8
D->valSize : 312
Solving...
Blb : 3 (clique : 27)
currentSize : 27 <-- 0.002805 s
currentSize : 28 <-- 0.112534 s
currentSize : 29 <-- 0.451101 s
currentSize : 30 <-- 3.121313 s
currentSize : 31 <-- 12.200762 s
currentSize : 32 <-- 124.543907 s
currentSize : 33 <-- 141.505707 s
currentSize : 34 <-- 184.798798 s
currentSize : 35 <-- 319.807678 s
currentSize : 36 <-- 319.807892 s
currentSize : 37 <-- 391.251404 s

maxsize : 37
nodes : 95162179.000000
filtered : 578898603.000000
time : 462.756165
