Parameters: GAD=1 vflib=1 dir=0 label=0 vlabel=1 lowerbound=1 fileNameGp=../../cp2016-max-common-connected-subgraph-paper/datasets/graphsdb/mcs50/rand/r02/mcs50_r02_s100.A07 fileNameGt=../../cp2016-max-common-connected-subgraph-paper/datasets/graphsdb/mcs50/rand/r02/mcs50_r02_s100.B07
Reading graphs...
100 :  1766
100 :  1737
Initializing...
maxdom : 7
D->valSize : 336
Solving...
Blb : 2 (clique : 11)
currentSize : 11 <-- 0.003460 s
currentSize : 12 <-- 0.016959 s
currentSize : 13 <-- 0.021527 s
currentSize : 14 <-- 0.034679 s
currentSize : 16 <-- 0.034727 s
currentSize : 17 <-- 0.039178 s
currentSize : 19 <-- 0.133357 s
currentSize : 25 <-- 0.155089 s
currentSize : 28 <-- 0.315689 s
currentSize : 34 <-- 0.315998 s
currentSize : 50 <-- 0.390864 s

maxsize : 50
nodes : 65959.000000
filtered : 714757.000000
time : 0.473459
