Parameters: GAD=1 vflib=1 dir=0 label=0 vlabel=1 lowerbound=1 fileNameGp=../../cp2016-max-common-connected-subgraph-paper/datasets/graphsdb/mcs50/rand/r005/mcs50_r005_s50.A01 fileNameGt=../../cp2016-max-common-connected-subgraph-paper/datasets/graphsdb/mcs50/rand/r005/mcs50_r005_s50.B01
Reading graphs...
50 :  117
50 :  119
Initializing...
maxdom : 9
D->valSize : 338
Solving...
Blb : 2 (clique : 19)
currentSize : 19 <-- 0.002481 s
currentSize : 20 <-- 0.006869 s
currentSize : 21 <-- 0.048193 s
currentSize : 22 <-- 0.113910 s
currentSize : 23 <-- 0.439580 s
currentSize : 24 <-- 1.756647 s
currentSize : 25 <-- 8.996295 s
currentSize : 26 <-- 32.237309 s
currentSize : 27 <-- 55.948692 s

maxsize : 27
nodes : 13506449.000000
filtered : 193459378.000000
time : 72.967255
