Parameters: GAD=1 vflib=1 dir=0 label=0 vlabel=1 lowerbound=1 fileNameGp=../../cp2016-max-common-connected-subgraph-paper/datasets/graphsdb/mcs50/bvg/b03/mcs50_b03_s70.A00 fileNameGt=../../cp2016-max-common-connected-subgraph-paper/datasets/graphsdb/mcs50/bvg/b03/mcs50_b03_s70.B00
Reading graphs...
70 :  105
70 :  105
Initializing...
maxdom : 9
D->valSize : 343
Solving...
Blb : 2 (clique : 28)
currentSize : 28 <-- 0.003143 s
currentSize : 29 <-- 0.004399 s
currentSize : 30 <-- 0.005167 s
currentSize : 31 <-- 0.407195 s
currentSize : 32 <-- 0.643004 s
currentSize : 33 <-- 4.754101 s
currentSize : 34 <-- 9.173134 s
currentSize : 35 <-- 62.667721 s
currentSize : 36 <-- 157.685623 s
currentSize : 37 <-- 159.956177 s
currentSize : 38 <-- 165.942688 s
currentSize : 39 <-- 367.421783 s
currentSize : 40 <-- 367.538361 s

TIMEOUT
maxsize : 40
nodes : 194913663.000000
filtered : 1498177814.000000
time : 1000.000061
