Parameters: GAD=1 vflib=1 dir=0 label=0 vlabel=1 lowerbound=1 fileNameGp=../../cp2016-max-common-connected-subgraph-paper/datasets/graphsdb/mcs50/bvg/b09/mcs50_b09_s70.A09 fileNameGt=../../cp2016-max-common-connected-subgraph-paper/datasets/graphsdb/mcs50/bvg/b09/mcs50_b09_s70.B09
Reading graphs...
70 :  309
70 :  309
Initializing...
maxdom : 9
D->valSize : 333
Solving...
Blb : 2 (clique : 19)
currentSize : 19 <-- 0.002810 s
currentSize : 20 <-- 0.002984 s
currentSize : 22 <-- 0.003037 s
currentSize : 24 <-- 0.003163 s
currentSize : 26 <-- 0.003933 s
currentSize : 27 <-- 0.004983 s
currentSize : 30 <-- 0.007933 s
currentSize : 31 <-- 0.009032 s
currentSize : 32 <-- 0.010035 s
currentSize : 33 <-- 2.900901 s
currentSize : 34 <-- 2.901291 s

maxsize : 34
nodes : 1515086.000000
filtered : 10267974.000000
time : 7.620261
