Parameters: GAD=1 vflib=1 dir=0 label=0 vlabel=1 lowerbound=1 fileNameGp=../../cp2016-max-common-connected-subgraph-paper/datasets/graphsdb/mcs50/bvg/b06m/mcs50_b06m_s70.A04 fileNameGt=../../cp2016-max-common-connected-subgraph-paper/datasets/graphsdb/mcs50/bvg/b06m/mcs50_b06m_s70.B04
Reading graphs...
70 :  205
70 :  207
Initializing...
maxdom : 6
D->valSize : 321
Solving...
Blb : 5 (clique : 24)
currentSize : 24 <-- 0.003701 s
currentSize : 25 <-- 0.866372 s
currentSize : 26 <-- 0.896082 s
currentSize : 27 <-- 2.835290 s
currentSize : 28 <-- 9.621378 s
currentSize : 29 <-- 63.065777 s
currentSize : 30 <-- 168.670853 s
currentSize : 31 <-- 168.733459 s
currentSize : 32 <-- 169.183075 s
currentSize : 33 <-- 186.558228 s
currentSize : 34 <-- 186.572098 s
currentSize : 35 <-- 186.572388 s
currentSize : 36 <-- 266.075989 s

maxsize : 36
nodes : 62204477.000000
filtered : 388289238.000000
time : 307.470398
