Parameters: GAD=1 vflib=1 dir=0 label=0 vlabel=1 lowerbound=1 fileNameGp=../../cp2016-max-common-connected-subgraph-paper/datasets/graphsdb/mcs50/rand/r01/mcs50_r01_s50.A02 fileNameGt=../../cp2016-max-common-connected-subgraph-paper/datasets/graphsdb/mcs50/rand/r01/mcs50_r01_s50.B02
Reading graphs...
50 :  235
50 :  236
Initializing...
maxdom : 10
D->valSize : 343
Solving...
Blb : 2 (clique : 12)
currentSize : 12 <-- 0.002649 s
currentSize : 13 <-- 0.003154 s
currentSize : 14 <-- 0.004346 s
currentSize : 15 <-- 0.022775 s
currentSize : 16 <-- 0.289094 s
currentSize : 17 <-- 0.289264 s
currentSize : 18 <-- 0.289353 s
currentSize : 19 <-- 0.791372 s
currentSize : 22 <-- 1.002072 s
currentSize : 25 <-- 1.002199 s

maxsize : 25
nodes : 262897.000000
filtered : 2790537.000000
time : 1.241795
