Parameters: GAD=1 vflib=1 dir=0 label=0 vlabel=1 lowerbound=1 fileNameGp=../../cp2016-max-common-connected-subgraph-paper/datasets/graphsdb/mcs50/rand/r01/mcs50_r01_s70.A08 fileNameGt=../../cp2016-max-common-connected-subgraph-paper/datasets/graphsdb/mcs50/rand/r01/mcs50_r01_s70.B08
Reading graphs...
70 :  462
70 :  452
Initializing...
maxdom : 10
D->valSize : 352
Solving...
Blb : 2 (clique : 12)
currentSize : 12 <-- 0.004593 s
currentSize : 13 <-- 0.004825 s
currentSize : 14 <-- 0.005512 s
currentSize : 15 <-- 0.008317 s
currentSize : 16 <-- 0.023609 s
currentSize : 17 <-- 0.028624 s
currentSize : 18 <-- 0.185062 s
currentSize : 19 <-- 0.283791 s
currentSize : 20 <-- 0.365170 s
currentSize : 21 <-- 0.458165 s
currentSize : 23 <-- 0.643486 s
currentSize : 24 <-- 0.771007 s
currentSize : 27 <-- 1.005982 s
currentSize : 28 <-- 1.096012 s
currentSize : 32 <-- 1.096215 s
currentSize : 35 <-- 1.104832 s

maxsize : 35
nodes : 234032.000000
filtered : 2279175.000000
time : 1.348309
