Parameters: GAD=1 vflib=1 dir=0 label=0 vlabel=1 lowerbound=1 fileNameGp=../../cp2016-max-common-connected-subgraph-paper/datasets/graphsdb/mcs50/m2D/m2Dr2/mcs50_m2Dr2_s70.A03 fileNameGt=../../cp2016-max-common-connected-subgraph-paper/datasets/graphsdb/mcs50/m2D/m2Dr2/mcs50_m2Dr2_s70.B03
Reading graphs...
70 :  135
70 :  135
Initializing...
maxdom : 8
D->valSize : 349
Solving...
Blb : 2 (clique : 24)
currentSize : 24 <-- 0.004896 s
currentSize : 25 <-- 0.021564 s
currentSize : 26 <-- 0.030045 s
currentSize : 27 <-- 0.044931 s
currentSize : 28 <-- 0.177607 s
currentSize : 29 <-- 0.612449 s
currentSize : 30 <-- 2.803575 s
currentSize : 31 <-- 22.544077 s
currentSize : 32 <-- 25.443365 s
currentSize : 33 <-- 50.198002 s
currentSize : 34 <-- 50.217930 s
currentSize : 35 <-- 84.269836 s
currentSize : 36 <-- 84.270744 s
currentSize : 37 <-- 84.294708 s
currentSize : 38 <-- 84.357651 s
currentSize : 39 <-- 84.363091 s
currentSize : 40 <-- 107.526001 s
currentSize : 41 <-- 107.566643 s

maxsize : 41
nodes : 78716610.000000
filtered : 520369447.000000
time : 382.174225
