Parameters: GAD=1 vflib=1 dir=0 label=0 vlabel=1 lowerbound=1 fileNameGp=../../cp2016-max-common-connected-subgraph-paper/datasets/graphsdb/mcs50/m3D/m3D/mcs50_m3D_s60.A02 fileNameGt=../../cp2016-max-common-connected-subgraph-paper/datasets/graphsdb/mcs50/m3D/m3D/mcs50_m3D_s60.B02
Reading graphs...
60 :  133
60 :  134
Initializing...
maxdom : 7
D->valSize : 237
Solving...
Blb : 2 (clique : 22)
currentSize : 22 <-- 0.002649 s
currentSize : 23 <-- 0.004316 s
currentSize : 24 <-- 0.020448 s
currentSize : 25 <-- 0.021056 s
currentSize : 26 <-- 0.022110 s
currentSize : 27 <-- 0.277572 s
currentSize : 28 <-- 0.291632 s
currentSize : 29 <-- 0.388997 s

maxsize : 29
nodes : 3162011.000000
filtered : 20454027.000000
time : 14.543178
