Parameters: GAD=1 vflib=1 dir=0 label=0 vlabel=1 lowerbound=1 fileNameGp=../../cp2016-max-common-connected-subgraph-paper/datasets/graphsdb/mcs50/rand/r005/mcs50_r005_s100.A09 fileNameGt=../../cp2016-max-common-connected-subgraph-paper/datasets/graphsdb/mcs50/rand/r005/mcs50_r005_s100.B09
Reading graphs...
100 :  482
100 :  484
Initializing...
maxdom : 9
D->valSize : 357
Solving...
Blb : 2 (clique : 23)
currentSize : 23 <-- 0.003561 s
currentSize : 24 <-- 0.003802 s
currentSize : 25 <-- 0.003993 s
currentSize : 26 <-- 0.233731 s
currentSize : 27 <-- 0.929173 s
currentSize : 28 <-- 0.990892 s
currentSize : 29 <-- 2.117212 s
currentSize : 30 <-- 3.357156 s
currentSize : 31 <-- 18.991123 s
currentSize : 32 <-- 18.991531 s
currentSize : 33 <-- 19.001040 s
currentSize : 35 <-- 19.023573 s
currentSize : 36 <-- 19.138233 s
currentSize : 38 <-- 21.555183 s
currentSize : 39 <-- 21.706141 s
currentSize : 41 <-- 21.707399 s
currentSize : 42 <-- 28.931215 s
currentSize : 43 <-- 41.966305 s
currentSize : 47 <-- 41.976887 s
currentSize : 50 <-- 57.464474 s

maxsize : 50
nodes : 12668813.000000
filtered : 98809455.000000
time : 83.026604
