Parameters: GAD=1 vflib=1 dir=0 label=0 vlabel=1 lowerbound=1 fileNameGp=../../cp2016-max-common-connected-subgraph-paper/datasets/graphsdb/mcs50/m2D/m2D/mcs50_m2D_s90.A00 fileNameGt=../../cp2016-max-common-connected-subgraph-paper/datasets/graphsdb/mcs50/m2D/m2D/mcs50_m2D_s90.B00
Reading graphs...
90 :  161
90 :  161
Initializing...
maxdom : 9
D->valSize : 521
Solving...
Blb : 2 (clique : 36)
currentSize : 36 <-- 0.006103 s
currentSize : 38 <-- 0.006386 s
currentSize : 39 <-- 0.006478 s
currentSize : 40 <-- 0.006622 s
currentSize : 41 <-- 0.006823 s
currentSize : 42 <-- 0.029001 s
currentSize : 43 <-- 0.029089 s
currentSize : 44 <-- 0.094747 s
currentSize : 45 <-- 0.123708 s
currentSize : 46 <-- 0.215712 s
currentSize : 47 <-- 24.137684 s
currentSize : 48 <-- 63.363895 s
currentSize : 49 <-- 63.383297 s
currentSize : 50 <-- 89.588692 s
currentSize : 52 <-- 170.193130 s

TIMEOUT
maxsize : 52
nodes : 185570501.000000
filtered : 1007265522.000000
time : 1000.000061
