Parameters: GAD=1 vflib=1 dir=0 label=0 vlabel=1 lowerbound=1 fileNameGp=../../cp2016-max-common-connected-subgraph-paper/datasets/graphsdb/mcs50/rand/r01/mcs50_r01_s80.A02 fileNameGt=../../cp2016-max-common-connected-subgraph-paper/datasets/graphsdb/mcs50/rand/r01/mcs50_r01_s80.B02
Reading graphs...
80 :  596
80 :  601
Initializing...
maxdom : 8
D->valSize : 404
Solving...
Blb : 2 (clique : 17)
currentSize : 17 <-- 0.003652 s
currentSize : 18 <-- 0.071889 s
currentSize : 19 <-- 0.101789 s
currentSize : 20 <-- 9.149561 s
currentSize : 21 <-- 11.554728 s
currentSize : 22 <-- 11.554866 s
currentSize : 23 <-- 11.556463 s
currentSize : 24 <-- 14.855574 s
currentSize : 26 <-- 14.860046 s
currentSize : 27 <-- 19.585155 s
currentSize : 28 <-- 20.661312 s
currentSize : 31 <-- 20.661413 s
currentSize : 34 <-- 21.645227 s
currentSize : 36 <-- 21.731554 s
currentSize : 40 <-- 21.731676 s

maxsize : 40
nodes : 3815061.000000
filtered : 34551771.000000
time : 22.605392
