Parameters: GAD=1 vflib=1 dir=0 label=0 vlabel=1 lowerbound=1 fileNameGp=../../cp2016-max-common-connected-subgraph-paper/datasets/graphsdb/mcs50/rand/r005/mcs50_r005_s100.A03 fileNameGt=../../cp2016-max-common-connected-subgraph-paper/datasets/graphsdb/mcs50/rand/r005/mcs50_r005_s100.B03
Reading graphs...
100 :  483
100 :  481
Initializing...
maxdom : 7
D->valSize : 378
Solving...
Blb : 2 (clique : 21)
currentSize : 21 <-- 0.006252 s
currentSize : 22 <-- 0.010454 s
currentSize : 23 <-- 0.010694 s
currentSize : 25 <-- 0.041772 s
currentSize : 26 <-- 0.209971 s
currentSize : 27 <-- 0.217928 s
currentSize : 28 <-- 0.250677 s
currentSize : 29 <-- 0.486501 s
currentSize : 30 <-- 1.402085 s
currentSize : 31 <-- 1.962405 s
currentSize : 32 <-- 3.384085 s
currentSize : 33 <-- 3.406979 s
currentSize : 34 <-- 4.697610 s
currentSize : 35 <-- 4.738851 s
currentSize : 36 <-- 8.542278 s
currentSize : 38 <-- 8.651010 s
currentSize : 39 <-- 9.813430 s
currentSize : 40 <-- 9.813965 s
currentSize : 44 <-- 31.341892 s
currentSize : 48 <-- 32.182426 s
currentSize : 50 <-- 34.155258 s

maxsize : 50
nodes : 10542161.000000
filtered : 79575649.000000
time : 69.149986
