Parameters: GAD=1 vflib=1 dir=0 label=0 vlabel=1 lowerbound=1 fileNameGp=../../cp2016-max-common-connected-subgraph-paper/datasets/graphsdb/mcs50/rand/r02/mcs50_r02_s50.A02 fileNameGt=../../cp2016-max-common-connected-subgraph-paper/datasets/graphsdb/mcs50/rand/r02/mcs50_r02_s50.B02
Reading graphs...
50 :  430
50 :  440
Initializing...
maxdom : 9
D->valSize : 324
Solving...
Blb : 3 (clique : 10)
currentSize : 10 <-- 0.002607 s
currentSize : 11 <-- 0.003268 s
currentSize : 12 <-- 0.003458 s
currentSize : 13 <-- 0.004338 s
currentSize : 14 <-- 0.007219 s
currentSize : 15 <-- 0.007400 s
currentSize : 16 <-- 0.011197 s
currentSize : 17 <-- 0.036535 s
currentSize : 20 <-- 0.036567 s
currentSize : 21 <-- 0.202963 s
currentSize : 25 <-- 0.203163 s

maxsize : 25
nodes : 62614.000000
filtered : 936030.000000
time : 0.327861
