Parameters: GAD=1 vflib=1 dir=0 label=0 vlabel=1 lowerbound=1 fileNameGp=../../cp2016-max-common-connected-subgraph-paper/datasets/graphsdb/mcs50/rand/r001/mcs50_r001_s100.A06 fileNameGt=../../cp2016-max-common-connected-subgraph-paper/datasets/graphsdb/mcs50/rand/r001/mcs50_r001_s100.B06
Reading graphs...
100 :  124
100 :  123
Initializing...
maxdom : 6
D->valSize : 352
Solving...
Blb : 2 (clique : 48)
currentSize : 48 <-- 0.003969 s
currentSize : 49 <-- 14.358290 s
currentSize : 50 <-- 22.544956 s
currentSize : 51 <-- 28.562920 s
currentSize : 53 <-- 37.770844 s
currentSize : 54 <-- 37.771751 s
currentSize : 55 <-- 829.260437 s

TIMEOUT
maxsize : 55
nodes : 201779216.000000
filtered : 592568434.000000
time : 1000.000061
