Parameters: GAD=1 vflib=1 dir=0 label=0 vlabel=1 lowerbound=1 fileNameGp=../../cp2016-max-common-connected-subgraph-paper/datasets/graphsdb/mcs50/m2D/m2Dr6/mcs50_m2Dr6_s90.A09 fileNameGt=../../cp2016-max-common-connected-subgraph-paper/datasets/graphsdb/mcs50/m2D/m2Dr6/mcs50_m2Dr6_s90.B09
Reading graphs...
90 :  213
90 :  207
Initializing...
maxdom : 9
D->valSize : 555
Solving...
Blb : 2 (clique : 37)
currentSize : 37 <-- 0.011143 s
currentSize : 38 <-- 0.011730 s
currentSize : 39 <-- 0.012577 s
currentSize : 40 <-- 0.029174 s
currentSize : 41 <-- 0.041461 s
currentSize : 42 <-- 0.042891 s
currentSize : 43 <-- 0.454326 s
currentSize : 44 <-- 1.758307 s
currentSize : 45 <-- 1.796987 s
currentSize : 46 <-- 1.807995 s
currentSize : 47 <-- 2.119689 s
currentSize : 49 <-- 14.404958 s
currentSize : 50 <-- 14.405579 s
currentSize : 51 <-- 15.649538 s
currentSize : 52 <-- 15.649860 s

TIMEOUT
maxsize : 52
nodes : 215687384.000000
filtered : 737377362.000000
time : 1000.000122
