Parameters: GAD=1 vflib=1 dir=0 label=0 vlabel=1 lowerbound=1 fileNameGp=../../cp2016-max-common-connected-subgraph-paper/datasets/graphsdb/mcs50/bvg/b06/mcs50_b06_s60.A08 fileNameGt=../../cp2016-max-common-connected-subgraph-paper/datasets/graphsdb/mcs50/bvg/b06/mcs50_b06_s60.B08
Reading graphs...
60 :  180
60 :  179
Initializing...
maxdom : 8
D->valSize : 238
Solving...
Blb : 2 (clique : 16)
currentSize : 16 <-- 0.002614 s
currentSize : 17 <-- 0.002877 s
currentSize : 18 <-- 0.003268 s
currentSize : 19 <-- 0.004067 s
currentSize : 20 <-- 0.039743 s
currentSize : 21 <-- 0.120927 s
currentSize : 22 <-- 0.131337 s
currentSize : 23 <-- 0.192286 s
currentSize : 24 <-- 0.533791 s
currentSize : 25 <-- 0.533909 s
currentSize : 26 <-- 0.784071 s
currentSize : 28 <-- 0.968703 s
currentSize : 29 <-- 1.449410 s
currentSize : 30 <-- 2.303663 s

maxsize : 30
nodes : 1552009.000000
filtered : 10064852.000000
time : 7.225231
