Parameters: GAD=1 vflib=1 dir=0 label=0 vlabel=1 lowerbound=1 fileNameGp=../../cp2016-max-common-connected-subgraph-paper/datasets/graphsdb/mcs50/bvg/b06m/mcs50_b06m_s70.A08 fileNameGt=../../cp2016-max-common-connected-subgraph-paper/datasets/graphsdb/mcs50/bvg/b06m/mcs50_b06m_s70.B08
Reading graphs...
70 :  206
70 :  206
Initializing...
maxdom : 8
D->valSize : 367
Solving...
Blb : 3 (clique : 24)
currentSize : 24 <-- 0.003127 s
currentSize : 25 <-- 1.182532 s
currentSize : 26 <-- 2.099393 s
currentSize : 27 <-- 12.451917 s
currentSize : 28 <-- 13.647999 s
currentSize : 29 <-- 25.442272 s
currentSize : 30 <-- 31.547430 s
currentSize : 31 <-- 31.551001 s
currentSize : 32 <-- 31.556400 s
currentSize : 33 <-- 40.075890 s
currentSize : 34 <-- 50.410019 s
currentSize : 35 <-- 89.954117 s
currentSize : 37 <-- 99.582527 s

maxsize : 37
nodes : 44916203.000000
filtered : 284297152.000000
time : 218.590469
