Parameters: GAD=1 vflib=1 dir=0 label=0 vlabel=1 lowerbound=1 fileNameGp=../../cp2016-max-common-connected-subgraph-paper/datasets/graphsdb/mcs50/rand/r005/mcs50_r005_s80.A04 fileNameGt=../../cp2016-max-common-connected-subgraph-paper/datasets/graphsdb/mcs50/rand/r005/mcs50_r005_s80.B04
Reading graphs...
80 :  307
80 :  309
Initializing...
maxdom : 9
D->valSize : 415
Solving...
Blb : 5 (clique : 22)
currentSize : 22 <-- 0.006321 s
currentSize : 23 <-- 0.006823 s
currentSize : 24 <-- 0.007423 s
currentSize : 25 <-- 0.124510 s
currentSize : 26 <-- 0.287886 s
currentSize : 27 <-- 1.965347 s
currentSize : 28 <-- 2.279640 s
currentSize : 29 <-- 5.064642 s
currentSize : 30 <-- 46.950565 s
currentSize : 31 <-- 216.519775 s
currentSize : 32 <-- 217.545837 s
currentSize : 33 <-- 217.552383 s
currentSize : 34 <-- 224.108078 s
currentSize : 35 <-- 228.009903 s
currentSize : 36 <-- 228.577393 s
currentSize : 37 <-- 267.417053 s
currentSize : 38 <-- 267.417389 s
currentSize : 39 <-- 267.418030 s
currentSize : 40 <-- 324.946259 s

maxsize : 40
nodes : 69263356.000000
filtered : 763874348.000000
time : 439.172333
