Parameters: GAD=1 vflib=1 dir=0 label=0 vlabel=1 lowerbound=1 fileNameGp=../../cp2016-max-common-connected-subgraph-paper/datasets/graphsdb/mcs50/bvg/b03/mcs50_b03_s60.A09 fileNameGt=../../cp2016-max-common-connected-subgraph-paper/datasets/graphsdb/mcs50/bvg/b03/mcs50_b03_s60.B09
Reading graphs...
60 :  90
60 :  89
Initializing...
maxdom : 7
D->valSize : 247
Solving...
Blb : 2 (clique : 23)
currentSize : 23 <-- 0.001901 s
currentSize : 24 <-- 0.002768 s
currentSize : 25 <-- 0.003700 s
currentSize : 26 <-- 0.399824 s
currentSize : 27 <-- 0.551665 s
currentSize : 28 <-- 0.751957 s
currentSize : 29 <-- 4.908225 s
currentSize : 30 <-- 10.922742 s
currentSize : 31 <-- 13.091826 s
currentSize : 32 <-- 95.230759 s
currentSize : 33 <-- 104.165726 s

maxsize : 33
nodes : 52084181.000000
filtered : 307425470.000000
time : 226.065125
