Parameters: GAD=1 vflib=1 dir=0 label=0 vlabel=1 lowerbound=1 fileNameGp=../../cp2016-max-common-connected-subgraph-paper/datasets/graphsdb/mcs50/bvg/b09m/mcs50_b09m_s90.A01 fileNameGt=../../cp2016-max-common-connected-subgraph-paper/datasets/graphsdb/mcs50/bvg/b09m/mcs50_b09m_s90.B01
Reading graphs...
90 :  394
90 :  393
Initializing...
maxdom : 10
D->valSize : 529
Solving...
Blb : 2 (clique : 25)
currentSize : 25 <-- 0.005785 s
currentSize : 26 <-- 0.022865 s
currentSize : 27 <-- 7.250059 s
currentSize : 28 <-- 70.412720 s
currentSize : 29 <-- 120.601883 s
currentSize : 30 <-- 526.974915 s
currentSize : 31 <-- 749.135010 s
currentSize : 32 <-- 749.135193 s

TIMEOUT
maxsize : 32
nodes : 166335988.000000
filtered : 1466722224.000000
time : 1000.000061
