Parameters: GAD=1 vflib=1 dir=0 label=0 vlabel=1 lowerbound=1 fileNameGp=../../cp2016-max-common-connected-subgraph-paper/datasets/graphsdb/mcs50/rand/r01/mcs50_r01_s100.A09 fileNameGt=../../cp2016-max-common-connected-subgraph-paper/datasets/graphsdb/mcs50/rand/r01/mcs50_r01_s100.B09
Reading graphs...
100 :  933
100 :  940
Initializing...
maxdom : 8
D->valSize : 326
Solving...
Blb : 2 (clique : 15)
currentSize : 15 <-- 0.003198 s
currentSize : 16 <-- 0.003349 s
currentSize : 17 <-- 0.003417 s
currentSize : 18 <-- 0.003556 s
currentSize : 19 <-- 0.003657 s
currentSize : 20 <-- 0.010515 s
currentSize : 21 <-- 0.012697 s
currentSize : 22 <-- 0.012935 s
currentSize : 23 <-- 0.013773 s
currentSize : 26 <-- 0.022382 s
currentSize : 30 <-- 0.022707 s
currentSize : 33 <-- 0.042186 s
currentSize : 35 <-- 0.057880 s
currentSize : 40 <-- 0.058053 s
currentSize : 50 <-- 0.295627 s

maxsize : 50
nodes : 75458.000000
filtered : 929409.000000
time : 0.565941
