Parameters: GAD=1 vflib=1 dir=0 label=0 vlabel=1 lowerbound=1 fileNameGp=../../cp2016-max-common-connected-subgraph-paper/datasets/graphsdb/mcs50/rand/r02/mcs50_r02_s90.A00 fileNameGt=../../cp2016-max-common-connected-subgraph-paper/datasets/graphsdb/mcs50/rand/r02/mcs50_r02_s90.B00
Reading graphs...
90 :  1433
90 :  1416
Initializing...
maxdom : 13
D->valSize : 606
Solving...
Blb : 2 (clique : 10)
currentSize : 10 <-- 0.006934 s
currentSize : 12 <-- 0.007209 s
currentSize : 21 <-- 0.012139 s
currentSize : 22 <-- 0.030189 s
currentSize : 26 <-- 0.076506 s
currentSize : 27 <-- 1.247717 s
currentSize : 31 <-- 1.449567 s
currentSize : 32 <-- 3.593663 s
currentSize : 35 <-- 3.985558 s
currentSize : 45 <-- 4.170507 s

maxsize : 45
nodes : 583492.000000
filtered : 11043586.000000
time : 4.464941
