Parameters: GAD=1 vflib=1 dir=0 label=0 vlabel=1 lowerbound=1 fileNameGp=../../cp2016-max-common-connected-subgraph-paper/datasets/graphsdb/mcs50/rand/r005/mcs50_r005_s60.A02 fileNameGt=../../cp2016-max-common-connected-subgraph-paper/datasets/graphsdb/mcs50/rand/r005/mcs50_r005_s60.B02
Reading graphs...
60 :  169
60 :  172
Initializing...
maxdom : 7
D->valSize : 256
Solving...
Blb : 2 (clique : 17)
currentSize : 17 <-- 0.001944 s
currentSize : 18 <-- 0.002060 s
currentSize : 19 <-- 0.002161 s
currentSize : 20 <-- 0.002838 s
currentSize : 21 <-- 0.008353 s
currentSize : 22 <-- 0.038234 s
currentSize : 23 <-- 0.524972 s
currentSize : 24 <-- 0.526272 s
currentSize : 25 <-- 0.782385 s
currentSize : 26 <-- 2.104106 s
currentSize : 27 <-- 2.409969 s
currentSize : 29 <-- 9.041018 s
currentSize : 30 <-- 9.041496 s
currentSize : 31 <-- 9.178715 s

maxsize : 31
nodes : 2034397.000000
filtered : 18052899.000000
time : 10.259268
