Parameters: GAD=1 vflib=1 dir=0 label=0 vlabel=1 lowerbound=1 fileNameGp=../../cp2016-max-common-connected-subgraph-paper/datasets/graphsdb/mcs50/bvg/b06/mcs50_b06_s80.A03 fileNameGt=../../cp2016-max-common-connected-subgraph-paper/datasets/graphsdb/mcs50/bvg/b06/mcs50_b06_s80.B03
Reading graphs...
80 :  237
80 :  238
Initializing...
maxdom : 8
D->valSize : 417
Solving...
Blb : 2 (clique : 27)
currentSize : 27 <-- 0.006494 s
currentSize : 28 <-- 0.006889 s
currentSize : 30 <-- 0.007039 s
currentSize : 33 <-- 0.316953 s
currentSize : 34 <-- 0.317888 s
currentSize : 36 <-- 0.592505 s
currentSize : 37 <-- 0.592600 s
currentSize : 38 <-- 0.592848 s
currentSize : 39 <-- 958.676025 s
currentSize : 40 <-- 958.676880 s

TIMEOUT
maxsize : 40
nodes : 173644495.000000
filtered : 1503148863.000000
time : 1000.000061
