Parameters: GAD=1 vflib=1 dir=0 label=0 vlabel=1 lowerbound=1 fileNameGp=../../cp2016-max-common-connected-subgraph-paper/datasets/graphsdb/mcs50/bvg/b03/mcs50_b03_s90.A00 fileNameGt=../../cp2016-max-common-connected-subgraph-paper/datasets/graphsdb/mcs50/bvg/b03/mcs50_b03_s90.B00
Reading graphs...
90 :  134
90 :  135
Initializing...
maxdom : 11
D->valSize : 575
Solving...
Blb : 2 (clique : 41)
currentSize : 41 <-- 0.007233 s
currentSize : 42 <-- 1.967281 s
currentSize : 43 <-- 3.030721 s
currentSize : 44 <-- 3.521813 s
currentSize : 45 <-- 92.600456 s
currentSize : 46 <-- 196.396057 s

TIMEOUT
maxsize : 46
nodes : 168674151.000000
filtered : 1376686038.000000
time : 1000.000061
