Parameters: GAD=1 vflib=1 dir=0 label=0 vlabel=1 lowerbound=1 fileNameGp=../../cp2016-max-common-connected-subgraph-paper/datasets/graphsdb/mcs50/m2D/m2Dr4/mcs50_m2Dr4_s70.A05 fileNameGt=../../cp2016-max-common-connected-subgraph-paper/datasets/graphsdb/mcs50/m2D/m2Dr4/mcs50_m2Dr4_s70.B05
Reading graphs...
70 :  150
70 :  147
Initializing...
maxdom : 8
D->valSize : 335
Solving...
Blb : 2 (clique : 33)
currentSize : 33 <-- 0.004633 s
currentSize : 34 <-- 4.433164 s
currentSize : 35 <-- 4.884709 s
currentSize : 36 <-- 5.029719 s
currentSize : 37 <-- 26.632448 s
currentSize : 38 <-- 33.484428 s
currentSize : 39 <-- 68.745033 s

maxsize : 39
nodes : 40118149.000000
filtered : 218404997.000000
time : 192.331589
