Parameters: GAD=1 vflib=1 dir=0 label=0 vlabel=1 lowerbound=1 fileNameGp=../../cp2016-max-common-connected-subgraph-paper/datasets/graphsdb/mcs50/rand/r005/mcs50_r005_s60.A00 fileNameGt=../../cp2016-max-common-connected-subgraph-paper/datasets/graphsdb/mcs50/rand/r005/mcs50_r005_s60.B00
Reading graphs...
60 :  172
60 :  173
Initializing...
maxdom : 6
D->valSize : 252
Solving...
Blb : 2 (clique : 22)
currentSize : 22 <-- 0.002519 s
currentSize : 23 <-- 0.006449 s
currentSize : 24 <-- 0.007374 s
currentSize : 25 <-- 0.007448 s
currentSize : 26 <-- 0.035530 s
currentSize : 27 <-- 0.069341 s
currentSize : 29 <-- 1.028846 s
currentSize : 30 <-- 2.307158 s

maxsize : 30
nodes : 1736778.000000
filtered : 14941038.000000
time : 8.685893
