Parameters: GAD=1 vflib=1 dir=0 label=0 vlabel=1 lowerbound=1 fileNameGp=../../cp2016-max-common-connected-subgraph-paper/datasets/graphsdb/mcs50/bvg/b06/mcs50_b06_s40.A01 fileNameGt=../../cp2016-max-common-connected-subgraph-paper/datasets/graphsdb/mcs50/bvg/b06/mcs50_b06_s40.B01
Reading graphs...
40 :  119
40 :  119
Initializing...
maxdom : 8
D->valSize : 217
Solving...
Blb : 2 (clique : 12)
currentSize : 12 <-- 0.001304 s
currentSize : 13 <-- 0.001500 s
currentSize : 14 <-- 0.002517 s
currentSize : 15 <-- 0.009705 s
currentSize : 16 <-- 0.043527 s
currentSize : 17 <-- 0.082408 s
currentSize : 18 <-- 0.095902 s
currentSize : 19 <-- 0.096713 s
currentSize : 20 <-- 0.096756 s
currentSize : 21 <-- 0.163797 s

maxsize : 21
nodes : 60121.000000
filtered : 562034.000000
time : 0.253740
