Parameters: GAD=1 vflib=1 dir=0 label=0 vlabel=1 lowerbound=1 fileNameGp=../../cp2016-max-common-connected-subgraph-paper/datasets/graphsdb/mcs50/rand/r02/mcs50_r02_s40.A02 fileNameGt=../../cp2016-max-common-connected-subgraph-paper/datasets/graphsdb/mcs50/rand/r02/mcs50_r02_s40.B02
Reading graphs...
40 :  283
40 :  284
Initializing...
maxdom : 9
D->valSize : 249
Solving...
Blb : 2 (clique : 10)
currentSize : 10 <-- 0.002256 s
currentSize : 11 <-- 0.020066 s
currentSize : 12 <-- 0.044703 s
currentSize : 13 <-- 0.098169 s
currentSize : 14 <-- 0.102993 s
currentSize : 15 <-- 0.111562 s
currentSize : 16 <-- 0.112856 s
currentSize : 17 <-- 0.198398 s
currentSize : 20 <-- 0.198542 s

maxsize : 20
nodes : 48041.000000
filtered : 439335.000000
time : 0.213108
