Parameters: GAD=1 vflib=1 dir=0 label=0 vlabel=1 lowerbound=1 fileNameGp=../../cp2016-max-common-connected-subgraph-paper/datasets/graphsdb/mcs50/bvg/b09/mcs50_b09_s40.A03 fileNameGt=../../cp2016-max-common-connected-subgraph-paper/datasets/graphsdb/mcs50/bvg/b09/mcs50_b09_s40.B03
Reading graphs...
40 :  178
40 :  176
Initializing...
maxdom : 7
D->valSize : 211
Solving...
Blb : 2 (clique : 10)
currentSize : 10 <-- 0.001899 s
currentSize : 11 <-- 0.002020 s
currentSize : 12 <-- 0.003587 s
currentSize : 13 <-- 0.014852 s
currentSize : 14 <-- 0.113092 s
currentSize : 16 <-- 0.113290 s
currentSize : 17 <-- 0.170849 s
currentSize : 19 <-- 0.170876 s
currentSize : 20 <-- 0.233510 s
currentSize : 21 <-- 0.236198 s

maxsize : 21
nodes : 55653.000000
filtered : 408280.000000
time : 0.293626
