Parameters: GAD=1 vflib=1 dir=0 label=0 vlabel=1 lowerbound=1 fileNameGp=../../cp2016-max-common-connected-subgraph-paper/datasets/graphsdb/mcs50/rand/r005/mcs50_r005_s60.A05 fileNameGt=../../cp2016-max-common-connected-subgraph-paper/datasets/graphsdb/mcs50/rand/r005/mcs50_r005_s60.B05
Reading graphs...
60 :  172
60 :  173
Initializing...
maxdom : 6
D->valSize : 247
Solving...
Blb : 2 (clique : 17)
currentSize : 17 <-- 0.001799 s
currentSize : 18 <-- 0.002670 s
currentSize : 19 <-- 0.003396 s
currentSize : 20 <-- 0.008425 s
currentSize : 21 <-- 0.010854 s
currentSize : 22 <-- 0.016187 s
currentSize : 23 <-- 0.077810 s
currentSize : 24 <-- 0.079271 s
currentSize : 25 <-- 0.948027 s
currentSize : 28 <-- 1.244090 s
currentSize : 29 <-- 3.113486 s
currentSize : 30 <-- 3.113576 s

maxsize : 30
nodes : 1111526.000000
filtered : 8585343.000000
time : 5.448221
