Parameters: GAD=1 vflib=1 dir=0 label=0 vlabel=1 lowerbound=1 fileNameGp=../../cp2016-max-common-connected-subgraph-paper/datasets/graphsdb/mcs50/m2D/m2Dr4/mcs50_m2Dr4_s70.A06 fileNameGt=../../cp2016-max-common-connected-subgraph-paper/datasets/graphsdb/mcs50/m2D/m2Dr4/mcs50_m2Dr4_s70.B06
Reading graphs...
70 :  148
70 :  148
Initializing...
maxdom : 9
D->valSize : 358
Solving...
Blb : 3 (clique : 27)
currentSize : 27 <-- 0.003140 s
currentSize : 28 <-- 0.042221 s
currentSize : 29 <-- 15.571162 s
currentSize : 30 <-- 22.832603 s
currentSize : 31 <-- 154.642929 s
currentSize : 32 <-- 378.595093 s
currentSize : 33 <-- 753.350281 s
currentSize : 35 <-- 753.457031 s
currentSize : 36 <-- 754.685120 s
currentSize : 37 <-- 911.979797 s
currentSize : 38 <-- 912.781799 s

TIMEOUT
maxsize : 38
nodes : 187421261.000000
filtered : 1554928646.000000
time : 1000.000000
