Parameters: GAD=1 vflib=1 dir=0 label=0 vlabel=1 lowerbound=1 fileNameGp=../../cp2016-max-common-connected-subgraph-paper/datasets/graphsdb/mcs50/m3D/m3D/mcs50_m3D_s60.A09 fileNameGt=../../cp2016-max-common-connected-subgraph-paper/datasets/graphsdb/mcs50/m3D/m3D/mcs50_m3D_s60.B09
Reading graphs...
60 :  132
60 :  132
Initializing...
maxdom : 7
D->valSize : 252
Solving...
Blb : 2 (clique : 21)
currentSize : 21 <-- 0.002958 s
currentSize : 22 <-- 0.003179 s
currentSize : 23 <-- 0.008274 s
currentSize : 24 <-- 0.123520 s
currentSize : 25 <-- 0.144831 s
currentSize : 26 <-- 0.456431 s
currentSize : 27 <-- 23.561428 s
currentSize : 28 <-- 58.123631 s
currentSize : 29 <-- 68.492073 s
currentSize : 30 <-- 68.507210 s

maxsize : 30
nodes : 21432853.000000
filtered : 156639652.000000
time : 103.458984
