Parameters: GAD=1 vflib=1 dir=0 label=0 vlabel=1 lowerbound=1 fileNameGp=../../cp2016-max-common-connected-subgraph-paper/datasets/graphsdb/mcs50/bvg/b06/mcs50_b06_s60.A02 fileNameGt=../../cp2016-max-common-connected-subgraph-paper/datasets/graphsdb/mcs50/bvg/b06/mcs50_b06_s60.B02
Reading graphs...
60 :  178
60 :  178
Initializing...
maxdom : 8
D->valSize : 262
Solving...
Blb : 2 (clique : 19)
currentSize : 19 <-- 0.002223 s
currentSize : 20 <-- 0.002415 s
currentSize : 22 <-- 0.003430 s
currentSize : 23 <-- 0.027706 s
currentSize : 24 <-- 0.027789 s
currentSize : 25 <-- 0.029858 s
currentSize : 30 <-- 7.574557 s

maxsize : 30
nodes : 1966206.000000
filtered : 15065691.000000
time : 9.121852
