Parameters: GAD=1 vflib=1 dir=0 label=0 vlabel=1 lowerbound=1 fileNameGp=../../cp2016-max-common-connected-subgraph-paper/datasets/graphsdb/mcs50/m2D/m2Dr6/mcs50_m2Dr6_s100.A03 fileNameGt=../../cp2016-max-common-connected-subgraph-paper/datasets/graphsdb/mcs50/m2D/m2Dr6/mcs50_m2Dr6_s100.B03
Reading graphs...
100 :  239
100 :  236
Initializing...
maxdom : 7
D->valSize : 362
Solving...
Blb : 3 (clique : 44)
currentSize : 44 <-- 0.003836 s
currentSize : 45 <-- 6.018449 s
currentSize : 46 <-- 6.023260 s
currentSize : 47 <-- 6.050589 s
currentSize : 48 <-- 6.474872 s
currentSize : 49 <-- 13.837209 s
currentSize : 50 <-- 69.707024 s
currentSize : 51 <-- 74.014450 s
currentSize : 52 <-- 162.982681 s
currentSize : 53 <-- 162.983322 s
currentSize : 54 <-- 219.252060 s

TIMEOUT
maxsize : 54
nodes : 197432110.000000
filtered : 576019116.000000
time : 1000.000183
