Parameters: GAD=1 vflib=1 dir=0 label=0 vlabel=1 lowerbound=1 fileNameGp=../../cp2016-max-common-connected-subgraph-paper/datasets/graphsdb/mcs50/m2D/m2Dr2/mcs50_m2Dr2_s50.A03 fileNameGt=../../cp2016-max-common-connected-subgraph-paper/datasets/graphsdb/mcs50/m2D/m2Dr2/mcs50_m2Dr2_s50.B03
Reading graphs...
50 :  93
50 :  93
Initializing...
maxdom : 11
D->valSize : 333
Solving...
Blb : 2 (clique : 20)
currentSize : 20 <-- 0.002598 s
currentSize : 21 <-- 0.002731 s
currentSize : 22 <-- 0.003158 s
currentSize : 23 <-- 0.006080 s
currentSize : 24 <-- 0.007018 s
currentSize : 25 <-- 0.133622 s
currentSize : 26 <-- 3.166040 s
currentSize : 27 <-- 17.206570 s

maxsize : 27
nodes : 16943392.000000
filtered : 235142098.000000
time : 91.780113
