Parameters: GAD=1 vflib=1 dir=0 label=0 vlabel=1 lowerbound=1 fileNameGp=../../cp2016-max-common-connected-subgraph-paper/datasets/graphsdb/mcs50/bvg/b03m/mcs50_b03m_s60.A05 fileNameGt=../../cp2016-max-common-connected-subgraph-paper/datasets/graphsdb/mcs50/bvg/b03m/mcs50_b03m_s60.B05
Reading graphs...
60 :  89
60 :  89
Initializing...
maxdom : 7
D->valSize : 261
Solving...
Blb : 2 (clique : 26)
currentSize : 26 <-- 0.002242 s
currentSize : 27 <-- 0.002465 s
currentSize : 28 <-- 0.080380 s
currentSize : 29 <-- 0.104320 s
currentSize : 30 <-- 0.403034 s
currentSize : 31 <-- 3.163903 s
currentSize : 32 <-- 6.205200 s
currentSize : 33 <-- 10.800155 s
currentSize : 34 <-- 10.800352 s
currentSize : 35 <-- 10.927032 s

maxsize : 35
nodes : 8118434.000000
filtered : 47448571.000000
time : 35.480579
