Parameters: GAD=1 vflib=1 dir=0 label=0 vlabel=1 lowerbound=1 fileNameGp=../../cp2016-max-common-connected-subgraph-paper/datasets/graphsdb/mcs50/m2D/m2D/mcs50_m2D_s60.A09 fileNameGt=../../cp2016-max-common-connected-subgraph-paper/datasets/graphsdb/mcs50/m2D/m2D/mcs50_m2D_s60.B09
Reading graphs...
60 :  104
60 :  103
Initializing...
maxdom : 6
D->valSize : 254
Solving...
Blb : 2 (clique : 23)
currentSize : 23 <-- 0.001832 s
currentSize : 24 <-- 0.002034 s
currentSize : 25 <-- 0.002359 s
currentSize : 26 <-- 0.003707 s
currentSize : 27 <-- 4.828034 s
currentSize : 28 <-- 5.410301 s
currentSize : 29 <-- 6.615007 s
currentSize : 30 <-- 28.398705 s
currentSize : 31 <-- 144.274582 s
currentSize : 32 <-- 209.590836 s

maxsize : 32
nodes : 76565673.000000
filtered : 518152362.000000
time : 376.813629
