Parameters: GAD=1 vflib=1 dir=0 label=0 vlabel=1 lowerbound=1 fileNameGp=../../cp2016-max-common-connected-subgraph-paper/datasets/graphsdb/mcs50/rand/r005/mcs50_r005_s70.A06 fileNameGt=../../cp2016-max-common-connected-subgraph-paper/datasets/graphsdb/mcs50/rand/r005/mcs50_r005_s70.B06
Reading graphs...
70 :  232
70 :  232
Initializing...
maxdom : 7
D->valSize : 328
Solving...
Blb : 2 (clique : 22)
currentSize : 22 <-- 0.004400 s
currentSize : 23 <-- 0.008756 s
currentSize : 24 <-- 0.012797 s
currentSize : 25 <-- 0.059418 s
currentSize : 26 <-- 0.157439 s
currentSize : 27 <-- 0.713806 s
currentSize : 28 <-- 0.885026 s
currentSize : 29 <-- 1.239450 s
currentSize : 30 <-- 1.239842 s
currentSize : 31 <-- 5.792470 s
currentSize : 32 <-- 5.794467 s
currentSize : 33 <-- 5.904771 s
currentSize : 34 <-- 10.378125 s
currentSize : 35 <-- 10.428170 s
currentSize : 36 <-- 10.428414 s

maxsize : 36
nodes : 6939284.000000
filtered : 57643302.000000
time : 37.011482
