Parameters: GAD=1 vflib=1 dir=0 label=0 vlabel=1 lowerbound=1 fileNameGp=../../cp2016-max-common-connected-subgraph-paper/datasets/graphsdb/mcs50/m2D/m2Dr6/mcs50_m2Dr6_s80.A01 fileNameGt=../../cp2016-max-common-connected-subgraph-paper/datasets/graphsdb/mcs50/m2D/m2Dr6/mcs50_m2Dr6_s80.B01
Reading graphs...
80 :  187
80 :  187
Initializing...
maxdom : 13
D->valSize : 456
Solving...
Blb : 2 (clique : 27)
currentSize : 27 <-- 0.007625 s
currentSize : 28 <-- 0.008382 s
currentSize : 29 <-- 0.008810 s
currentSize : 30 <-- 0.009347 s
currentSize : 31 <-- 0.010357 s
currentSize : 32 <-- 0.083286 s
currentSize : 33 <-- 0.099466 s
currentSize : 34 <-- 1.312797 s
currentSize : 35 <-- 29.602024 s
currentSize : 36 <-- 29.603096 s
currentSize : 37 <-- 118.742744 s
currentSize : 38 <-- 123.680389 s
currentSize : 39 <-- 123.872986 s
currentSize : 40 <-- 201.126068 s

TIMEOUT
maxsize : 40
nodes : 157641055.000000
filtered : 1733106025.000000
time : 1000.000061
