Parameters: GAD=1 vflib=1 dir=0 label=0 vlabel=1 lowerbound=1 fileNameGp=../../cp2016-max-common-connected-subgraph-paper/datasets/graphsdb/mcs50/bvg/b03/mcs50_b03_s80.A02 fileNameGt=../../cp2016-max-common-connected-subgraph-paper/datasets/graphsdb/mcs50/bvg/b03/mcs50_b03_s80.B02
Reading graphs...
80 :  120
80 :  120
Initializing...
maxdom : 8
D->valSize : 450
Solving...
Blb : 5 (clique : 33)
currentSize : 33 <-- 0.004691 s
currentSize : 35 <-- 0.004931 s
currentSize : 36 <-- 0.005106 s
currentSize : 37 <-- 0.006352 s
currentSize : 38 <-- 0.051215 s
currentSize : 39 <-- 1.489325 s
currentSize : 40 <-- 67.769241 s

TIMEOUT
maxsize : 40
nodes : 160096243.000000
filtered : 1500806169.000000
time : 1000.000061
