Parameters: GAD=1 vflib=1 dir=0 label=0 vlabel=1 lowerbound=1 fileNameGp=../../cp2016-max-common-connected-subgraph-paper/datasets/graphsdb/mcs50/bvg/b09m/mcs50_b09m_s80.A04 fileNameGt=../../cp2016-max-common-connected-subgraph-paper/datasets/graphsdb/mcs50/bvg/b09m/mcs50_b09m_s80.B04
Reading graphs...
80 :  354
80 :  347
Initializing...
maxdom : 9
D->valSize : 441
Solving...
Blb : 3 (clique : 27)
currentSize : 27 <-- 0.006973 s
currentSize : 28 <-- 3.721699 s
currentSize : 29 <-- 27.732008 s
currentSize : 30 <-- 46.829472 s
currentSize : 31 <-- 117.868584 s
currentSize : 32 <-- 191.392273 s
currentSize : 33 <-- 191.636383 s
currentSize : 34 <-- 208.272812 s
currentSize : 35 <-- 245.926117 s
currentSize : 36 <-- 255.282898 s
currentSize : 37 <-- 305.201782 s
currentSize : 38 <-- 305.257568 s
currentSize : 39 <-- 534.132141 s
currentSize : 40 <-- 534.135376 s

maxsize : 40
nodes : 164520752.000000
filtered : 1145141198.000000
time : 879.278198
