Parameters: GAD=1 vflib=1 dir=0 label=0 vlabel=1 lowerbound=1 fileNameGp=../../cp2016-max-common-connected-subgraph-paper/datasets/graphsdb/mcs50/bvg/b09m/mcs50_b09m_s100.A07 fileNameGt=../../cp2016-max-common-connected-subgraph-paper/datasets/graphsdb/mcs50/bvg/b09m/mcs50_b09m_s100.B07
Reading graphs...
100 :  442
100 :  441
Initializing...
maxdom : 8
D->valSize : 343
Solving...
Blb : 2 (clique : 45)
currentSize : 45 <-- 0.003761 s
currentSize : 46 <-- 0.004211 s
currentSize : 47 <-- 0.005969 s
currentSize : 48 <-- 0.034807 s
currentSize : 50 <-- 0.035278 s

maxsize : 50
nodes : 42985585.000000
filtered : 194803230.000000
time : 241.387650
