Parameters: GAD=1 vflib=1 dir=0 label=0 vlabel=1 lowerbound=1 fileNameGp=../../cp2016-max-common-connected-subgraph-paper/datasets/graphsdb/mcs50/m2D/m2Dr4/mcs50_m2Dr4_s50.A06 fileNameGt=../../cp2016-max-common-connected-subgraph-paper/datasets/graphsdb/mcs50/m2D/m2Dr4/mcs50_m2Dr4_s50.B06
Reading graphs...
50 :  105
50 :  102
Initializing...
maxdom : 10
D->valSize : 337
Solving...
Blb : 3 (clique : 19)
currentSize : 19 <-- 0.002517 s
currentSize : 20 <-- 0.002643 s
currentSize : 21 <-- 0.002804 s
currentSize : 22 <-- 0.057243 s
currentSize : 23 <-- 0.058264 s
currentSize : 24 <-- 0.058363 s
currentSize : 25 <-- 0.070883 s
currentSize : 27 <-- 0.070930 s

maxsize : 27
nodes : 5310535.000000
filtered : 77780165.000000
time : 28.681337
