Parameters: GAD=1 vflib=1 dir=0 label=0 vlabel=1 lowerbound=1 fileNameGp=../../cp2016-max-common-connected-subgraph-paper/datasets/graphsdb/mcs50/rand/r01/mcs50_r01_s50.A05 fileNameGt=../../cp2016-max-common-connected-subgraph-paper/datasets/graphsdb/mcs50/rand/r01/mcs50_r01_s50.B05
Reading graphs...
50 :  232
50 :  239
Initializing...
maxdom : 10
D->valSize : 320
Solving...
Blb : 2 (clique : 14)
currentSize : 14 <-- 0.002348 s
currentSize : 15 <-- 0.004664 s
currentSize : 16 <-- 0.011755 s
currentSize : 17 <-- 0.074502 s
currentSize : 18 <-- 0.074779 s
currentSize : 21 <-- 0.258666 s
currentSize : 22 <-- 0.258846 s
currentSize : 25 <-- 1.376262 s

maxsize : 25
nodes : 301726.000000
filtered : 4132765.000000
time : 1.558274
