Parameters: GAD=1 vflib=1 dir=0 label=0 vlabel=1 lowerbound=1 fileNameGp=../../cp2016-max-common-connected-subgraph-paper/datasets/graphsdb/mcs50/rand/r005/mcs50_r005_s80.A09 fileNameGt=../../cp2016-max-common-connected-subgraph-paper/datasets/graphsdb/mcs50/rand/r005/mcs50_r005_s80.B09
Reading graphs...
80 :  306
80 :  311
Initializing...
maxdom : 8
D->valSize : 424
Solving...
Blb : 2 (clique : 18)
currentSize : 18 <-- 0.006533 s
currentSize : 19 <-- 0.006792 s
currentSize : 20 <-- 0.007292 s
currentSize : 21 <-- 0.008382 s
currentSize : 22 <-- 0.058461 s
currentSize : 23 <-- 0.065469 s
currentSize : 24 <-- 0.346769 s
currentSize : 25 <-- 0.438661 s
currentSize : 26 <-- 0.643986 s
currentSize : 27 <-- 1.236998 s
currentSize : 28 <-- 23.684923 s
currentSize : 29 <-- 39.795803 s
currentSize : 30 <-- 57.100315 s
currentSize : 31 <-- 82.501747 s
currentSize : 32 <-- 108.024704 s
currentSize : 33 <-- 344.687592 s
currentSize : 35 <-- 352.050781 s
currentSize : 37 <-- 354.910614 s
currentSize : 40 <-- 369.967133 s

maxsize : 40
nodes : 86612179.000000
filtered : 914978875.000000
time : 536.399536
