Parameters: GAD=1 vflib=1 dir=0 label=0 vlabel=1 lowerbound=1 fileNameGp=../../cp2016-max-common-connected-subgraph-paper/datasets/graphsdb/mcs50/m2D/m2Dr4/mcs50_m2Dr4_s50.A01 fileNameGt=../../cp2016-max-common-connected-subgraph-paper/datasets/graphsdb/mcs50/m2D/m2Dr4/mcs50_m2Dr4_s50.B01
Reading graphs...
50 :  103
50 :  103
Initializing...
maxdom : 7
D->valSize : 323
Solving...
Blb : 2 (clique : 19)
currentSize : 19 <-- 0.003786 s
currentSize : 20 <-- 0.003966 s
currentSize : 21 <-- 0.003998 s
currentSize : 22 <-- 0.004509 s
currentSize : 23 <-- 0.028443 s
currentSize : 24 <-- 0.542838 s
currentSize : 25 <-- 74.959831 s
currentSize : 26 <-- 93.197952 s
currentSize : 27 <-- 128.962234 s

maxsize : 27
nodes : 28168567.000000
filtered : 313083106.000000
time : 142.652527
