Parameters: GAD=1 vflib=1 dir=0 label=0 vlabel=1 lowerbound=1 fileNameGp=../../cp2016-max-common-connected-subgraph-paper/datasets/graphsdb/mcs50/rand/r005/mcs50_r005_s35.A09 fileNameGt=../../cp2016-max-common-connected-subgraph-paper/datasets/graphsdb/mcs50/rand/r005/mcs50_r005_s35.B09
Reading graphs...
35 :  61
35 :  61
Initializing...
maxdom : 7
D->valSize : 164
Solving...
Blb : 2 (clique : 12)
currentSize : 12 <-- 0.000931 s
currentSize : 13 <-- 0.001003 s
currentSize : 14 <-- 0.001627 s
currentSize : 15 <-- 0.003643 s
currentSize : 16 <-- 0.004856 s
currentSize : 17 <-- 0.030169 s
currentSize : 18 <-- 0.064833 s

maxsize : 18
nodes : 257070.000000
filtered : 1832279.000000
time : 0.973500
