Parameters: GAD=1 vflib=1 dir=0 label=0 vlabel=1 lowerbound=1 fileNameGp=../../cp2016-max-common-connected-subgraph-paper/datasets/graphsdb/mcs50/m3D/m3Dr2/mcs50_m3Dr2_s50.A08 fileNameGt=../../cp2016-max-common-connected-subgraph-paper/datasets/graphsdb/mcs50/m3D/m3Dr2/mcs50_m3Dr2_s50.B08
Reading graphs...
50 :  117
50 :  117
Initializing...
maxdom : 12
D->valSize : 341
Solving...
Blb : 2 (clique : 19)
currentSize : 19 <-- 0.002515 s
currentSize : 20 <-- 0.004598 s
currentSize : 21 <-- 0.010759 s
currentSize : 22 <-- 0.017930 s
currentSize : 23 <-- 0.295461 s
currentSize : 24 <-- 0.363647 s
currentSize : 25 <-- 0.453033 s
currentSize : 26 <-- 0.828211 s
currentSize : 27 <-- 9.847479 s
currentSize : 28 <-- 10.904259 s

maxsize : 28
nodes : 4329915.000000
filtered : 43838076.000000
time : 20.251209
