Parameters: GAD=1 vflib=1 dir=0 label=0 vlabel=1 lowerbound=1 fileNameGp=../../cp2016-max-common-connected-subgraph-paper/datasets/graphsdb/mcs50/m2D/m2D/mcs50_m2D_s60.A04 fileNameGt=../../cp2016-max-common-connected-subgraph-paper/datasets/graphsdb/mcs50/m2D/m2D/mcs50_m2D_s60.B04
Reading graphs...
60 :  104
60 :  103
Initializing...
maxdom : 7
D->valSize : 248
Solving...
Blb : 2 (clique : 23)
currentSize : 23 <-- 0.001922 s
currentSize : 24 <-- 0.002082 s
currentSize : 25 <-- 0.006789 s
currentSize : 26 <-- 1.163840 s
currentSize : 27 <-- 1.165232 s
currentSize : 28 <-- 1.232627 s
currentSize : 29 <-- 9.985439 s
currentSize : 30 <-- 170.884460 s

maxsize : 30
nodes : 146615826.000000
filtered : 970872953.000000
time : 656.535156
