Parameters: GAD=1 vflib=1 dir=0 label=0 vlabel=1 lowerbound=1 fileNameGp=../../cp2016-max-common-connected-subgraph-paper/datasets/graphsdb/mcs50/bvg/b03m/mcs50_b03m_s70.A01 fileNameGt=../../cp2016-max-common-connected-subgraph-paper/datasets/graphsdb/mcs50/bvg/b03m/mcs50_b03m_s70.B01
Reading graphs...
70 :  105
70 :  105
Initializing...
maxdom : 11
D->valSize : 365
Solving...
Blb : 2 (clique : 33)
currentSize : 33 <-- 0.003290 s
currentSize : 34 <-- 0.003634 s
currentSize : 35 <-- 0.004031 s
currentSize : 36 <-- 0.004971 s
currentSize : 37 <-- 0.012630 s
currentSize : 38 <-- 0.020809 s
currentSize : 39 <-- 1.243224 s
currentSize : 40 <-- 1.256645 s
currentSize : 41 <-- 1.520388 s
currentSize : 42 <-- 3.990443 s

TIMEOUT
maxsize : 42
nodes : 196487481.000000
filtered : 1452942373.000000
time : 1000.000061
