Parameters: GAD=1 vflib=1 dir=0 label=0 vlabel=1 lowerbound=1 fileNameGp=../../cp2016-max-common-connected-subgraph-paper/datasets/graphsdb/mcs50/m2D/m2Dr4/mcs50_m2Dr4_s50.A05 fileNameGt=../../cp2016-max-common-connected-subgraph-paper/datasets/graphsdb/mcs50/m2D/m2Dr4/mcs50_m2Dr4_s50.B05
Reading graphs...
50 :  103
50 :  103
Initializing...
maxdom : 9
D->valSize : 326
Solving...
Blb : 2 (clique : 21)
currentSize : 21 <-- 0.003423 s
currentSize : 22 <-- 0.003629 s
currentSize : 23 <-- 0.004223 s
currentSize : 24 <-- 0.010576 s
currentSize : 25 <-- 0.020525 s
currentSize : 26 <-- 0.042541 s
currentSize : 27 <-- 0.493919 s

maxsize : 27
nodes : 4616332.000000
filtered : 55350423.000000
time : 23.452152
