Parameters: GAD=1 vflib=1 dir=0 label=0 vlabel=1 lowerbound=1 fileNameGp=../../cp2016-max-common-connected-subgraph-paper/datasets/graphsdb/mcs50/m2D/m2Dr4/mcs50_m2Dr4_s90.A06 fileNameGt=../../cp2016-max-common-connected-subgraph-paper/datasets/graphsdb/mcs50/m2D/m2Dr4/mcs50_m2Dr4_s90.B06
Reading graphs...
90 :  197
90 :  196
Initializing...
maxdom : 9
D->valSize : 552
Solving...
Blb : 2 (clique : 40)
currentSize : 40 <-- 0.006657 s
currentSize : 41 <-- 0.007023 s
currentSize : 42 <-- 0.007125 s
currentSize : 43 <-- 0.335027 s
currentSize : 44 <-- 90.749947 s
currentSize : 45 <-- 156.579956 s
currentSize : 46 <-- 156.611679 s
currentSize : 47 <-- 156.611771 s

TIMEOUT
maxsize : 47
nodes : 171191698.000000
filtered : 1238829456.000000
time : 1000.000061
