Parameters: GAD=1 vflib=1 dir=0 label=0 vlabel=1 lowerbound=1 fileNameGp=../../cp2016-max-common-connected-subgraph-paper/datasets/graphsdb/mcs50/m2D/m2Dr2/mcs50_m2Dr2_s50.A06 fileNameGt=../../cp2016-max-common-connected-subgraph-paper/datasets/graphsdb/mcs50/m2D/m2Dr2/mcs50_m2Dr2_s50.B06
Reading graphs...
50 :  95
50 :  94
Initializing...
maxdom : 9
D->valSize : 321
Solving...
Blb : 2 (clique : 18)
currentSize : 18 <-- 0.003767 s
currentSize : 19 <-- 0.003973 s
currentSize : 20 <-- 0.004099 s
currentSize : 21 <-- 0.004822 s
currentSize : 22 <-- 0.007813 s
currentSize : 23 <-- 0.064014 s
currentSize : 24 <-- 0.854976 s
currentSize : 25 <-- 6.434287 s
currentSize : 26 <-- 6.468144 s
currentSize : 27 <-- 6.808451 s

maxsize : 27
nodes : 55131802.000000
filtered : 585516107.000000
time : 262.546692
