Parameters: GAD=1 vflib=1 dir=0 label=0 vlabel=1 lowerbound=1 fileNameGp=../../cp2016-max-common-connected-subgraph-paper/datasets/graphsdb/mcs50/rand/r01/mcs50_r01_s90.A03 fileNameGt=../../cp2016-max-common-connected-subgraph-paper/datasets/graphsdb/mcs50/rand/r01/mcs50_r01_s90.B03
Reading graphs...
90 :  754
90 :  757
Initializing...
maxdom : 9
D->valSize : 510
Solving...
Blb : 2 (clique : 16)
currentSize : 16 <-- 0.008689 s
currentSize : 17 <-- 0.009792 s
currentSize : 18 <-- 0.020074 s
currentSize : 19 <-- 0.022514 s
currentSize : 20 <-- 1.839748 s
currentSize : 21 <-- 6.826082 s
currentSize : 22 <-- 6.853216 s
currentSize : 24 <-- 6.854542 s
currentSize : 26 <-- 10.652390 s
currentSize : 27 <-- 10.960708 s
currentSize : 30 <-- 10.965943 s
currentSize : 32 <-- 10.968401 s
currentSize : 34 <-- 20.251352 s
currentSize : 38 <-- 24.539516 s
currentSize : 45 <-- 25.837641 s

maxsize : 45
nodes : 4155718.000000
filtered : 51865745.000000
time : 28.481300
