Parameters: GAD=1 vflib=1 dir=0 label=0 vlabel=1 lowerbound=1 fileNameGp=../../cp2016-max-common-connected-subgraph-paper/datasets/graphsdb/mcs50/rand/r01/mcs50_r01_s100.A06 fileNameGt=../../cp2016-max-common-connected-subgraph-paper/datasets/graphsdb/mcs50/rand/r01/mcs50_r01_s100.B06
Reading graphs...
100 :  933
100 :  943
Initializing...
maxdom : 6
D->valSize : 361
Solving...
Blb : 2 (clique : 20)
currentSize : 20 <-- 0.005621 s
currentSize : 21 <-- 0.033698 s
currentSize : 22 <-- 0.044770 s
currentSize : 24 <-- 0.095281 s
currentSize : 25 <-- 0.295011 s
currentSize : 26 <-- 0.295147 s
currentSize : 29 <-- 0.317391 s
currentSize : 31 <-- 0.411492 s
currentSize : 34 <-- 0.411805 s
currentSize : 40 <-- 0.526291 s
currentSize : 50 <-- 0.671699 s

maxsize : 50
nodes : 164392.000000
filtered : 1586369.000000
time : 1.178717
