Parameters: GAD=1 vflib=1 dir=0 label=0 vlabel=1 lowerbound=1 fileNameGp=../../cp2016-max-common-connected-subgraph-paper/datasets/graphsdb/mcs50/rand/r01/mcs50_r01_s90.A04 fileNameGt=../../cp2016-max-common-connected-subgraph-paper/datasets/graphsdb/mcs50/rand/r01/mcs50_r01_s90.B04
Reading graphs...
90 :  766
90 :  758
Initializing...
maxdom : 10
D->valSize : 534
Solving...
Blb : 2 (clique : 16)
currentSize : 16 <-- 0.006076 s
currentSize : 17 <-- 0.033092 s
currentSize : 18 <-- 0.888827 s
currentSize : 19 <-- 0.958520 s
currentSize : 20 <-- 4.997415 s
currentSize : 21 <-- 4.997491 s
currentSize : 22 <-- 4.997621 s
currentSize : 24 <-- 7.566311 s
currentSize : 25 <-- 7.571969 s
currentSize : 26 <-- 7.890563 s
currentSize : 27 <-- 7.910684 s
currentSize : 28 <-- 14.295520 s
currentSize : 30 <-- 15.118390 s
currentSize : 32 <-- 16.212072 s
currentSize : 34 <-- 16.812487 s
currentSize : 36 <-- 18.165375 s
currentSize : 38 <-- 20.719616 s
currentSize : 39 <-- 24.737846 s
currentSize : 45 <-- 24.755404 s

maxsize : 45
nodes : 4122266.000000
filtered : 49069301.000000
time : 28.063644
