Parameters: GAD=1 vflib=1 dir=0 label=0 vlabel=1 lowerbound=1 fileNameGp=../../cp2016-max-common-connected-subgraph-paper/datasets/graphsdb/mcs50/rand/r01/mcs50_r01_s60.A05 fileNameGt=../../cp2016-max-common-connected-subgraph-paper/datasets/graphsdb/mcs50/rand/r01/mcs50_r01_s60.B05
Reading graphs...
60 :  342
60 :  331
Initializing...
maxdom : 7
D->valSize : 258
Solving...
Blb : 2 (clique : 12)
currentSize : 12 <-- 0.001799 s
currentSize : 13 <-- 0.002075 s
currentSize : 14 <-- 0.005580 s
currentSize : 15 <-- 0.010138 s
currentSize : 16 <-- 0.064760 s
currentSize : 17 <-- 0.136576 s
currentSize : 18 <-- 0.249600 s
currentSize : 19 <-- 0.439503 s
currentSize : 21 <-- 0.701281 s
currentSize : 22 <-- 0.783766 s
currentSize : 25 <-- 0.829152 s
currentSize : 26 <-- 0.830479 s
currentSize : 27 <-- 0.859549 s
currentSize : 30 <-- 0.915482 s

maxsize : 30
nodes : 212480.000000
filtered : 1514363.000000
time : 1.023682
