Parameters: GAD=1 vflib=1 dir=0 label=0 vlabel=1 lowerbound=1 fileNameGp=../../cp2016-max-common-connected-subgraph-paper/datasets/graphsdb/mcs50/m3D/m3Dr6/mcs50_m3Dr6_s50.A09 fileNameGt=../../cp2016-max-common-connected-subgraph-paper/datasets/graphsdb/mcs50/m3D/m3Dr6/mcs50_m3Dr6_s50.B09
Reading graphs...
50 :  137
50 :  134
Initializing...
maxdom : 10
D->valSize : 339
Solving...
Blb : 2 (clique : 20)
currentSize : 20 <-- 0.004043 s
currentSize : 21 <-- 0.125937 s
currentSize : 22 <-- 0.213150 s
currentSize : 23 <-- 8.417431 s
currentSize : 24 <-- 8.485284 s
currentSize : 25 <-- 8.485622 s
currentSize : 26 <-- 20.318155 s
currentSize : 27 <-- 20.318323 s
currentSize : 28 <-- 21.033653 s

maxsize : 28
nodes : 5156541.000000
filtered : 56799110.000000
time : 25.312475
