Parameters: GAD=1 vflib=1 dir=0 label=0 vlabel=1 lowerbound=1 fileNameGp=../../cp2016-max-common-connected-subgraph-paper/datasets/graphsdb/mcs50/rand/r01/mcs50_r01_s50.A06 fileNameGt=../../cp2016-max-common-connected-subgraph-paper/datasets/graphsdb/mcs50/rand/r01/mcs50_r01_s50.B06
Reading graphs...
50 :  234
50 :  229
Initializing...
maxdom : 12
D->valSize : 336
Solving...
Blb : 5 (clique : 15)
currentSize : 15 <-- 0.003759 s
currentSize : 16 <-- 0.004197 s
currentSize : 17 <-- 0.011385 s
currentSize : 18 <-- 0.075973 s
currentSize : 19 <-- 0.241955 s
currentSize : 20 <-- 0.365406 s
currentSize : 21 <-- 0.365526 s
currentSize : 22 <-- 0.365686 s
currentSize : 23 <-- 0.397654 s
currentSize : 25 <-- 0.825395 s

maxsize : 25
nodes : 256769.000000
filtered : 3530954.000000
time : 1.343294
