Parameters: GAD=1 vflib=1 dir=0 label=0 vlabel=1 lowerbound=1 fileNameGp=../../cp2016-max-common-connected-subgraph-paper/datasets/graphsdb/mcs50/m2D/m2Dr4/mcs50_m2Dr4_s60.A08 fileNameGt=../../cp2016-max-common-connected-subgraph-paper/datasets/graphsdb/mcs50/m2D/m2Dr4/mcs50_m2Dr4_s60.B08
Reading graphs...
60 :  128
60 :  127
Initializing...
maxdom : 8
D->valSize : 245
Solving...
Blb : 2 (clique : 22)
currentSize : 22 <-- 0.001792 s
currentSize : 23 <-- 0.002058 s
currentSize : 24 <-- 0.002297 s
currentSize : 26 <-- 0.002498 s
currentSize : 27 <-- 0.002584 s
currentSize : 28 <-- 0.003061 s
currentSize : 29 <-- 1.232979 s
currentSize : 30 <-- 7.144788 s

maxsize : 30
nodes : 2564542.000000
filtered : 15945773.000000
time : 11.454008
