Parameters: GAD=1 vflib=1 dir=0 label=0 vlabel=1 lowerbound=1 fileNameGp=../../cp2016-max-common-connected-subgraph-paper/datasets/graphsdb/mcs50/m2D/m2Dr4/mcs50_m2Dr4_s70.A02 fileNameGt=../../cp2016-max-common-connected-subgraph-paper/datasets/graphsdb/mcs50/m2D/m2Dr4/mcs50_m2Dr4_s70.B02
Reading graphs...
70 :  149
70 :  148
Initializing...
maxdom : 9
D->valSize : 354
Solving...
Blb : 2 (clique : 25)
currentSize : 25 <-- 0.005004 s
currentSize : 26 <-- 0.005304 s
currentSize : 27 <-- 0.005484 s
currentSize : 28 <-- 0.006462 s
currentSize : 29 <-- 0.007334 s
currentSize : 30 <-- 0.082027 s
currentSize : 31 <-- 0.279106 s
currentSize : 32 <-- 0.675830 s
currentSize : 33 <-- 0.681150 s
currentSize : 34 <-- 0.688927 s
currentSize : 35 <-- 1.653762 s
currentSize : 36 <-- 2.210835 s
currentSize : 37 <-- 2.213482 s

maxsize : 37
nodes : 23150161.000000
filtered : 159252452.000000
time : 119.634979
