Parameters: GAD=1 vflib=1 dir=0 label=0 vlabel=1 lowerbound=1 fileNameGp=../../cp2016-max-common-connected-subgraph-paper/datasets/graphsdb/mcs50/m3D/m3Dr4/mcs50_m3Dr4_s50.A06 fileNameGt=../../cp2016-max-common-connected-subgraph-paper/datasets/graphsdb/mcs50/m3D/m3Dr4/mcs50_m3Dr4_s50.B06
Reading graphs...
50 :  127
50 :  128
Initializing...
maxdom : 9
D->valSize : 350
Solving...
Blb : 2 (clique : 21)
currentSize : 21 <-- 0.002793 s
currentSize : 22 <-- 0.002942 s
currentSize : 23 <-- 0.006200 s
currentSize : 24 <-- 1.107356 s
currentSize : 25 <-- 4.196337 s
currentSize : 26 <-- 8.779225 s
currentSize : 27 <-- 8.779684 s
currentSize : 28 <-- 8.779724 s

maxsize : 28
nodes : 3213774.000000
filtered : 29884511.000000
time : 15.035183
