Parameters: GAD=1 vflib=1 dir=0 label=0 vlabel=1 lowerbound=1 fileNameGp=../../cp2016-max-common-connected-subgraph-paper/datasets/graphsdb/mcs50/m3D/m3D/mcs50_m3D_s60.A08 fileNameGt=../../cp2016-max-common-connected-subgraph-paper/datasets/graphsdb/mcs50/m3D/m3D/mcs50_m3D_s60.B08
Reading graphs...
60 :  132
60 :  134
Initializing...
maxdom : 8
D->valSize : 234
Solving...
Blb : 2 (clique : 22)
currentSize : 22 <-- 0.002304 s
currentSize : 23 <-- 0.003078 s
currentSize : 24 <-- 0.345785 s
currentSize : 25 <-- 2.047344 s
currentSize : 26 <-- 2.142825 s
currentSize : 27 <-- 8.080680 s
currentSize : 28 <-- 20.381424 s
currentSize : 29 <-- 35.702457 s
currentSize : 30 <-- 40.005386 s

maxsize : 30
nodes : 9415176.000000
filtered : 60943913.000000
time : 42.810452
