Parameters: GAD=1 vflib=1 dir=0 label=0 vlabel=1 lowerbound=1 fileNameGp=../../cp2016-max-common-connected-subgraph-paper/datasets/graphsdb/mcs50/rand/r01/mcs50_r01_s80.A01 fileNameGt=../../cp2016-max-common-connected-subgraph-paper/datasets/graphsdb/mcs50/rand/r01/mcs50_r01_s80.B01
Reading graphs...
80 :  593
80 :  600
Initializing...
maxdom : 8
D->valSize : 465
Solving...
Blb : 2 (clique : 16)
currentSize : 16 <-- 0.004532 s
currentSize : 17 <-- 0.013289 s
currentSize : 18 <-- 0.024938 s
currentSize : 19 <-- 0.099205 s
currentSize : 20 <-- 0.103396 s
currentSize : 21 <-- 0.116972 s
currentSize : 22 <-- 0.172663 s
currentSize : 24 <-- 0.201154 s
currentSize : 25 <-- 0.202472 s
currentSize : 27 <-- 0.202567 s
currentSize : 28 <-- 0.350932 s
currentSize : 29 <-- 0.355586 s
currentSize : 31 <-- 0.355719 s
currentSize : 33 <-- 2.238807 s
currentSize : 36 <-- 3.374194 s
currentSize : 40 <-- 3.374364 s

maxsize : 40
nodes : 925563.000000
filtered : 14140334.000000
time : 6.411237
