Parameters: GAD=1 vflib=1 dir=0 label=0 vlabel=1 lowerbound=1 fileNameGp=../../cp2016-max-common-connected-subgraph-paper/datasets/graphsdb/mcs50/rand/r01/mcs50_r01_s100.A05 fileNameGt=../../cp2016-max-common-connected-subgraph-paper/datasets/graphsdb/mcs50/rand/r01/mcs50_r01_s100.B05
Reading graphs...
100 :  936
100 :  947
Initializing...
maxdom : 6
D->valSize : 366
Solving...
Blb : 2 (clique : 14)
currentSize : 14 <-- 0.005718 s
currentSize : 15 <-- 0.005941 s
currentSize : 17 <-- 0.006093 s
currentSize : 19 <-- 0.006514 s
currentSize : 24 <-- 0.020882 s
currentSize : 25 <-- 0.074948 s
currentSize : 27 <-- 0.335131 s
currentSize : 28 <-- 0.962646 s
currentSize : 36 <-- 0.962873 s
currentSize : 37 <-- 1.986991 s
currentSize : 41 <-- 2.325251 s
currentSize : 50 <-- 2.325539 s

maxsize : 50
nodes : 386412.000000
filtered : 4027700.000000
time : 2.984653
