Parameters: GAD=1 vflib=1 dir=0 label=0 vlabel=1 lowerbound=1 fileNameGp=../../cp2016-max-common-connected-subgraph-paper/datasets/graphsdb/mcs50/m2D/m2Dr6/mcs50_m2Dr6_s100.A08 fileNameGt=../../cp2016-max-common-connected-subgraph-paper/datasets/graphsdb/mcs50/m2D/m2Dr6/mcs50_m2Dr6_s100.B08
Reading graphs...
100 :  238
100 :  237
Initializing...
maxdom : 8
D->valSize : 394
Solving...
Blb : 3 (clique : 34)
currentSize : 34 <-- 0.006988 s
currentSize : 35 <-- 0.111106 s
currentSize : 36 <-- 9.929572 s
currentSize : 37 <-- 10.106813 s
currentSize : 38 <-- 17.571709 s
currentSize : 39 <-- 46.544136 s
currentSize : 40 <-- 46.546112 s
currentSize : 41 <-- 76.448296 s
currentSize : 43 <-- 122.389885 s
currentSize : 44 <-- 122.391251 s

TIMEOUT
maxsize : 44
nodes : 170579888.000000
filtered : 948200161.000000
time : 1000.000061
