Parameters: GAD=1 vflib=1 dir=0 label=0 vlabel=1 lowerbound=1 fileNameGp=../../cp2016-max-common-connected-subgraph-paper/datasets/graphsdb/mcs50/bvg/b06m/mcs50_b06m_s90.A04 fileNameGt=../../cp2016-max-common-connected-subgraph-paper/datasets/graphsdb/mcs50/bvg/b06m/mcs50_b06m_s90.B04
Reading graphs...
90 :  267
90 :  268
Initializing...
maxdom : 11
D->valSize : 555
Solving...
Blb : 3 (clique : 32)
currentSize : 32 <-- 0.010917 s
currentSize : 33 <-- 0.016172 s
currentSize : 34 <-- 0.016693 s
currentSize : 35 <-- 0.074579 s
currentSize : 36 <-- 0.203887 s
currentSize : 37 <-- 0.326233 s
currentSize : 38 <-- 0.578265 s
currentSize : 39 <-- 0.578374 s
currentSize : 40 <-- 2.880451 s
currentSize : 41 <-- 2.882740 s

TIMEOUT
maxsize : 41
nodes : 156338051.000000
filtered : 1515584851.000000
time : 1000.000061
