Parameters: GAD=1 vflib=1 dir=0 label=0 vlabel=1 lowerbound=1 fileNameGp=../../cp2016-max-common-connected-subgraph-paper/datasets/graphsdb/mcs50/rand/r02/mcs50_r02_s100.A02 fileNameGt=../../cp2016-max-common-connected-subgraph-paper/datasets/graphsdb/mcs50/rand/r02/mcs50_r02_s100.B02
Reading graphs...
100 :  1774
100 :  1800
Initializing...
maxdom : 6
D->valSize : 344
Solving...
Blb : 2 (clique : 10)
currentSize : 10 <-- 0.003507 s
currentSize : 11 <-- 0.003957 s
currentSize : 12 <-- 0.004070 s
currentSize : 13 <-- 0.004702 s
currentSize : 14 <-- 0.006670 s
currentSize : 19 <-- 0.008621 s
currentSize : 22 <-- 0.015977 s
currentSize : 23 <-- 0.020349 s
currentSize : 33 <-- 0.024685 s
currentSize : 37 <-- 0.050306 s
currentSize : 50 <-- 0.053433 s

maxsize : 50
nodes : 15041.000000
filtered : 259057.000000
time : 0.123887
