Parameters: GAD=1 vflib=1 dir=0 label=0 vlabel=1 lowerbound=1 fileNameGp=../../cp2016-max-common-connected-subgraph-paper/datasets/graphsdb/mcs50/bvg/b09m/mcs50_b09m_s70.A02 fileNameGt=../../cp2016-max-common-connected-subgraph-paper/datasets/graphsdb/mcs50/bvg/b09m/mcs50_b09m_s70.B02
Reading graphs...
70 :  306
70 :  308
Initializing...
maxdom : 8
D->valSize : 353
Solving...
Blb : 2 (clique : 20)
currentSize : 20 <-- 0.004740 s
currentSize : 21 <-- 0.031299 s
currentSize : 22 <-- 0.214984 s
currentSize : 23 <-- 0.413298 s
currentSize : 24 <-- 0.599256 s
currentSize : 25 <-- 0.600903 s
currentSize : 26 <-- 0.606993 s
currentSize : 27 <-- 1.235020 s
currentSize : 30 <-- 1.242417 s
currentSize : 31 <-- 1.470387 s
currentSize : 32 <-- 1.470508 s
currentSize : 33 <-- 7.757127 s
currentSize : 34 <-- 7.763213 s
currentSize : 35 <-- 15.286177 s
currentSize : 36 <-- 15.290165 s

maxsize : 36
nodes : 4622310.000000
filtered : 27288738.000000
time : 22.255775
