Parameters: GAD=1 vflib=1 dir=0 label=0 vlabel=1 lowerbound=1 fileNameGp=../../cp2016-max-common-connected-subgraph-paper/datasets/graphsdb/mcs50/bvg/b03/mcs50_b03_s70.A06 fileNameGt=../../cp2016-max-common-connected-subgraph-paper/datasets/graphsdb/mcs50/bvg/b03/mcs50_b03_s70.B06
Reading graphs...
70 :  105
70 :  105
Initializing...
maxdom : 12
D->valSize : 362
Solving...
Blb : 2 (clique : 29)
currentSize : 29 <-- 0.005271 s
currentSize : 30 <-- 0.006016 s
currentSize : 31 <-- 0.006361 s
currentSize : 32 <-- 0.036761 s
currentSize : 33 <-- 0.112020 s
currentSize : 34 <-- 0.294228 s
currentSize : 35 <-- 0.379636 s
currentSize : 36 <-- 2.785750 s
currentSize : 37 <-- 2.788437 s
currentSize : 38 <-- 2.863280 s
currentSize : 39 <-- 13.924881 s
currentSize : 40 <-- 35.761177 s

maxsize : 40
nodes : 35867272.000000
filtered : 271815984.000000
time : 184.625504
