Parameters: GAD=1 vflib=1 dir=0 label=0 vlabel=1 lowerbound=1 fileNameGp=../../cp2016-max-common-connected-subgraph-paper/datasets/graphsdb/mcs50/rand/r02/mcs50_r02_s100.A01 fileNameGt=../../cp2016-max-common-connected-subgraph-paper/datasets/graphsdb/mcs50/rand/r02/mcs50_r02_s100.B01
Reading graphs...
100 :  1759
100 :  1774
Initializing...
maxdom : 8
D->valSize : 380
Solving...
Blb : 2 (clique : 12)
currentSize : 12 <-- 0.006098 s
currentSize : 13 <-- 0.006534 s
currentSize : 17 <-- 0.006660 s
currentSize : 19 <-- 0.007063 s
currentSize : 21 <-- 0.013134 s
currentSize : 24 <-- 0.018977 s
currentSize : 35 <-- 0.019291 s
currentSize : 37 <-- 0.108023 s
currentSize : 50 <-- 0.297439 s

maxsize : 50
nodes : 44125.000000
filtered : 679419.000000
time : 0.434389
