Parameters: GAD=1 vflib=1 dir=0 label=0 vlabel=1 lowerbound=1 fileNameGp=../../cp2016-max-common-connected-subgraph-paper/datasets/graphsdb/mcs50/m2D/m2Dr2/mcs50_m2Dr2_s70.A00 fileNameGt=../../cp2016-max-common-connected-subgraph-paper/datasets/graphsdb/mcs50/m2D/m2Dr2/mcs50_m2Dr2_s70.B00
Reading graphs...
70 :  136
70 :  137
Initializing...
maxdom : 10
D->valSize : 349
Solving...
Blb : 2 (clique : 30)
currentSize : 30 <-- 0.005100 s
currentSize : 31 <-- 1.584482 s
currentSize : 32 <-- 4.563544 s
currentSize : 33 <-- 6.305226 s
currentSize : 34 <-- 11.371654 s
currentSize : 35 <-- 11.390484 s
currentSize : 36 <-- 74.743187 s
currentSize : 37 <-- 74.854294 s
currentSize : 38 <-- 77.052750 s

maxsize : 38
nodes : 31298705.000000
filtered : 201723370.000000
time : 154.342148
