Parameters: GAD=1 vflib=1 dir=0 label=0 vlabel=1 lowerbound=1 fileNameGp=../../cp2016-max-common-connected-subgraph-paper/datasets/graphsdb/mcs50/bvg/b03/mcs50_b03_s100.A09 fileNameGt=../../cp2016-max-common-connected-subgraph-paper/datasets/graphsdb/mcs50/bvg/b03/mcs50_b03_s100.B09
Reading graphs...
100 :  150
100 :  149
Initializing...
maxdom : 7
D->valSize : 392
Solving...
Blb : 2 (clique : 39)
currentSize : 39 <-- 0.004698 s
currentSize : 43 <-- 0.004992 s
currentSize : 44 <-- 0.012198 s
currentSize : 45 <-- 0.033259 s
currentSize : 46 <-- 5.476660 s
currentSize : 47 <-- 15.925654 s
currentSize : 48 <-- 803.454590 s

TIMEOUT
maxsize : 48
nodes : 188113395.000000
filtered : 736928047.000000
time : 1000.000122
