Parameters: GAD=1 vflib=1 dir=0 label=0 vlabel=1 lowerbound=1 fileNameGp=../../cp2016-max-common-connected-subgraph-paper/datasets/graphsdb/mcs50/rand/r01/mcs50_r01_s100.A07 fileNameGt=../../cp2016-max-common-connected-subgraph-paper/datasets/graphsdb/mcs50/rand/r01/mcs50_r01_s100.B07
Reading graphs...
100 :  934
100 :  948
Initializing...
maxdom : 9
D->valSize : 348
Solving...
Blb : 2 (clique : 14)
currentSize : 14 <-- 0.004168 s
currentSize : 16 <-- 0.004302 s
currentSize : 17 <-- 0.004722 s
currentSize : 20 <-- 0.008369 s
currentSize : 21 <-- 0.008513 s
currentSize : 23 <-- 0.008630 s
currentSize : 24 <-- 0.016460 s
currentSize : 29 <-- 0.016722 s
currentSize : 35 <-- 0.036547 s
currentSize : 36 <-- 0.152226 s
currentSize : 37 <-- 0.197680 s
currentSize : 39 <-- 0.197800 s
currentSize : 43 <-- 0.228443 s
currentSize : 50 <-- 0.238517 s

maxsize : 50
nodes : 103432.000000
filtered : 812240.000000
time : 0.680084
