Parameters: GAD=1 vflib=1 dir=0 label=0 vlabel=1 lowerbound=1 fileNameGp=../../cp2016-max-common-connected-subgraph-paper/datasets/graphsdb/mcs50/m3D/m3Dr2/mcs50_m3Dr2_s50.A09 fileNameGt=../../cp2016-max-common-connected-subgraph-paper/datasets/graphsdb/mcs50/m3D/m3Dr2/mcs50_m3Dr2_s50.B09
Reading graphs...
50 :  119
50 :  116
Initializing...
maxdom : 8
D->valSize : 328
Solving...
Blb : 5 (clique : 18)
currentSize : 18 <-- 0.002360 s
currentSize : 19 <-- 0.002491 s
currentSize : 20 <-- 0.002686 s
currentSize : 21 <-- 0.085322 s
currentSize : 22 <-- 0.117016 s
currentSize : 23 <-- 1.173403 s
currentSize : 25 <-- 3.709452 s
currentSize : 26 <-- 14.293660 s
currentSize : 27 <-- 14.294825 s

maxsize : 27
nodes : 5318048.000000
filtered : 51089159.000000
time : 25.230961
