Parameters: GAD=1 vflib=1 dir=0 label=0 vlabel=1 lowerbound=1 fileNameGp=../../cp2016-max-common-connected-subgraph-paper/datasets/graphsdb/mcs50/m2D/m2Dr6/mcs50_m2Dr6_s90.A06 fileNameGt=../../cp2016-max-common-connected-subgraph-paper/datasets/graphsdb/mcs50/m2D/m2Dr6/mcs50_m2Dr6_s90.B06
Reading graphs...
90 :  215
90 :  214
Initializing...
maxdom : 11
D->valSize : 521
Solving...
Blb : 2 (clique : 39)
currentSize : 39 <-- 0.006147 s
currentSize : 40 <-- 0.006498 s
currentSize : 41 <-- 0.006833 s
currentSize : 44 <-- 0.007063 s
currentSize : 45 <-- 0.007159 s
currentSize : 47 <-- 0.074164 s
currentSize : 48 <-- 0.074234 s
currentSize : 49 <-- 0.074344 s
currentSize : 50 <-- 0.288086 s
currentSize : 51 <-- 9.824365 s
currentSize : 52 <-- 9.824806 s

TIMEOUT
maxsize : 52
nodes : 190888398.000000
filtered : 993272278.000000
time : 1000.000061
