Parameters: GAD=1 vflib=1 dir=0 label=0 vlabel=1 lowerbound=1 fileNameGp=../../cp2016-max-common-connected-subgraph-paper/datasets/graphsdb/mcs50/m2D/m2Dr6/mcs50_m2Dr6_s70.A03 fileNameGt=../../cp2016-max-common-connected-subgraph-paper/datasets/graphsdb/mcs50/m2D/m2Dr6/mcs50_m2Dr6_s70.B03
Reading graphs...
70 :  161
70 :  162
Initializing...
maxdom : 10
D->valSize : 311
Solving...
Blb : 3 (clique : 27)
currentSize : 27 <-- 0.002572 s
currentSize : 28 <-- 0.015115 s
currentSize : 29 <-- 0.022418 s
currentSize : 30 <-- 0.027177 s
currentSize : 31 <-- 0.116975 s
currentSize : 33 <-- 0.253963 s
currentSize : 36 <-- 2.062916 s
currentSize : 38 <-- 6.291059 s

maxsize : 38
nodes : 2630841.000000
filtered : 11703610.000000
time : 11.729412
