Parameters: GAD=1 vflib=1 dir=0 label=0 vlabel=1 lowerbound=1 fileNameGp=../../cp2016-max-common-connected-subgraph-paper/datasets/graphsdb/mcs50/bvg/b03/mcs50_b03_s50.A05 fileNameGt=../../cp2016-max-common-connected-subgraph-paper/datasets/graphsdb/mcs50/bvg/b03/mcs50_b03_s50.B05
Reading graphs...
50 :  75
50 :  75
Initializing...
maxdom : 9
D->valSize : 313
Solving...
Blb : 2 (clique : 22)
currentSize : 22 <-- 0.002447 s
currentSize : 24 <-- 0.002574 s
currentSize : 25 <-- 0.028029 s
currentSize : 26 <-- 4.242709 s
currentSize : 27 <-- 10.163274 s
currentSize : 28 <-- 93.587395 s

maxsize : 28
nodes : 32058488.000000
filtered : 371386799.000000
time : 162.169632
