Parameters: GAD=1 vflib=1 dir=0 label=0 vlabel=1 lowerbound=1 fileNameGp=../../cp2016-max-common-connected-subgraph-paper/datasets/graphsdb/mcs50/m3D/m3D/mcs50_m3D_s50.A04 fileNameGt=../../cp2016-max-common-connected-subgraph-paper/datasets/graphsdb/mcs50/m3D/m3D/mcs50_m3D_s50.B04
Reading graphs...
50 :  109
50 :  109
Initializing...
maxdom : 10
D->valSize : 349
Solving...
Blb : 2 (clique : 21)
currentSize : 21 <-- 0.004360 s
currentSize : 22 <-- 0.004595 s
currentSize : 23 <-- 0.965635 s
currentSize : 24 <-- 2.671062 s
currentSize : 25 <-- 6.124704 s
currentSize : 26 <-- 7.251852 s
currentSize : 28 <-- 8.653554 s
currentSize : 29 <-- 9.095849 s

maxsize : 29
nodes : 2608996.000000
filtered : 29859229.000000
time : 13.181123
