Parameters: GAD=1 vflib=1 dir=0 label=0 vlabel=1 lowerbound=1 fileNameGp=../../cp2016-max-common-connected-subgraph-paper/datasets/graphsdb/mcs50/rand/r01/mcs50_r01_s80.A03 fileNameGt=../../cp2016-max-common-connected-subgraph-paper/datasets/graphsdb/mcs50/rand/r01/mcs50_r01_s80.B03
Reading graphs...
80 :  598
80 :  609
Initializing...
maxdom : 11
D->valSize : 486
Solving...
Blb : 2 (clique : 14)
currentSize : 14 <-- 0.004827 s
currentSize : 15 <-- 0.004995 s
currentSize : 16 <-- 0.011845 s
currentSize : 17 <-- 0.013686 s
currentSize : 18 <-- 0.144705 s
currentSize : 19 <-- 1.501958 s
currentSize : 20 <-- 1.502092 s
currentSize : 21 <-- 3.798879 s
currentSize : 22 <-- 4.619958 s
currentSize : 24 <-- 4.642020 s
currentSize : 25 <-- 4.642596 s
currentSize : 27 <-- 6.574751 s
currentSize : 29 <-- 8.423336 s
currentSize : 31 <-- 8.435222 s
currentSize : 32 <-- 9.778253 s
currentSize : 35 <-- 9.778348 s
currentSize : 40 <-- 9.779166 s

maxsize : 40
nodes : 1756955.000000
filtered : 20246073.000000
time : 11.039901
