Parameters: GAD=1 vflib=1 dir=0 label=0 vlabel=1 lowerbound=1 fileNameGp=../../cp2016-max-common-connected-subgraph-paper/datasets/graphsdb/mcs50/m2D/m2Dr6/mcs50_m2Dr6_s100.A00 fileNameGt=../../cp2016-max-common-connected-subgraph-paper/datasets/graphsdb/mcs50/m2D/m2Dr6/mcs50_m2Dr6_s100.B00
Reading graphs...
100 :  237
100 :  236
Initializing...
maxdom : 7
D->valSize : 370
Solving...
Blb : 2 (clique : 32)
currentSize : 32 <-- 0.003941 s
currentSize : 33 <-- 0.004510 s
currentSize : 34 <-- 0.009852 s
currentSize : 35 <-- 0.010038 s
currentSize : 36 <-- 0.010862 s
currentSize : 37 <-- 0.396043 s
currentSize : 38 <-- 0.738373 s
currentSize : 39 <-- 0.738852 s
currentSize : 40 <-- 0.932722 s
currentSize : 41 <-- 0.989647 s
currentSize : 42 <-- 1.578347 s
currentSize : 43 <-- 1.578708 s
currentSize : 44 <-- 2.991603 s
currentSize : 45 <-- 8.702512 s
currentSize : 46 <-- 9.400347 s
currentSize : 47 <-- 76.271965 s
currentSize : 48 <-- 79.897209 s
currentSize : 49 <-- 95.114159 s
currentSize : 50 <-- 106.612831 s

TIMEOUT
maxsize : 50
nodes : 179500885.000000
filtered : 772658211.000000
time : 1000.000061
