Parameters: GAD=1 vflib=1 dir=0 label=0 vlabel=1 lowerbound=1 fileNameGp=../../cp2016-max-common-connected-subgraph-paper/datasets/graphsdb/mcs50/rand/r005/mcs50_r005_s50.A07 fileNameGt=../../cp2016-max-common-connected-subgraph-paper/datasets/graphsdb/mcs50/rand/r005/mcs50_r005_s50.B07
Reading graphs...
50 :  118
50 :  119
Initializing...
maxdom : 10
D->valSize : 319
Solving...
Blb : 2 (clique : 18)
currentSize : 18 <-- 0.003312 s
currentSize : 19 <-- 0.003437 s
currentSize : 20 <-- 0.004306 s
currentSize : 21 <-- 0.213088 s
currentSize : 22 <-- 0.414474 s
currentSize : 23 <-- 14.669386 s
currentSize : 24 <-- 33.430973 s
currentSize : 25 <-- 100.855530 s

maxsize : 25
nodes : 26109556.000000
filtered : 334334384.000000
time : 146.383255
