Parameters: GAD=1 vflib=1 dir=0 label=0 vlabel=1 lowerbound=1 fileNameGp=../../cp2016-max-common-connected-subgraph-paper/datasets/graphsdb/mcs50/m2D/m2Dr4/mcs50_m2Dr4_s70.A04 fileNameGt=../../cp2016-max-common-connected-subgraph-paper/datasets/graphsdb/mcs50/m2D/m2Dr4/mcs50_m2Dr4_s70.B04
Reading graphs...
70 :  150
70 :  146
Initializing...
maxdom : 11
D->valSize : 359
Solving...
Blb : 2 (clique : 27)
currentSize : 27 <-- 0.004187 s
currentSize : 28 <-- 0.004404 s
currentSize : 29 <-- 0.004553 s
currentSize : 30 <-- 0.004909 s
currentSize : 31 <-- 3.475372 s
currentSize : 32 <-- 7.695639 s
currentSize : 33 <-- 31.015335 s
currentSize : 34 <-- 31.015480 s
currentSize : 35 <-- 63.733669 s
currentSize : 36 <-- 77.105873 s
currentSize : 37 <-- 92.590370 s
currentSize : 38 <-- 107.562393 s
currentSize : 39 <-- 123.000809 s

maxsize : 39
nodes : 67269332.000000
filtered : 471276591.000000
time : 338.228760
