Parameters: GAD=1 vflib=1 dir=0 label=0 vlabel=1 lowerbound=1 fileNameGp=../../cp2016-max-common-connected-subgraph-paper/datasets/graphsdb/mcs50/bvg/b06/mcs50_b06_s70.A02 fileNameGt=../../cp2016-max-common-connected-subgraph-paper/datasets/graphsdb/mcs50/bvg/b06/mcs50_b06_s70.B02
Reading graphs...
70 :  209
70 :  207
Initializing...
maxdom : 9
D->valSize : 345
Solving...
Blb : 2 (clique : 24)
currentSize : 24 <-- 0.004657 s
currentSize : 25 <-- 0.005440 s
currentSize : 26 <-- 0.012870 s
currentSize : 27 <-- 0.104507 s
currentSize : 28 <-- 0.743915 s
currentSize : 29 <-- 0.749136 s
currentSize : 30 <-- 0.752819 s
currentSize : 31 <-- 0.753503 s
currentSize : 32 <-- 0.800159 s
currentSize : 35 <-- 1.312862 s
currentSize : 36 <-- 1.618503 s

maxsize : 36
nodes : 14730019.000000
filtered : 127435167.000000
time : 76.424110
