Parameters: GAD=1 vflib=1 dir=0 label=0 vlabel=1 lowerbound=1 fileNameGp=../../cp2016-max-common-connected-subgraph-paper/datasets/graphsdb/mcs50/m2D/m2Dr2/mcs50_m2Dr2_s70.A02 fileNameGt=../../cp2016-max-common-connected-subgraph-paper/datasets/graphsdb/mcs50/m2D/m2Dr2/mcs50_m2Dr2_s70.B02
Reading graphs...
70 :  136
70 :  134
Initializing...
maxdom : 9
D->valSize : 353
Solving...
Blb : 2 (clique : 25)
currentSize : 25 <-- 0.003065 s
currentSize : 26 <-- 0.003909 s
currentSize : 27 <-- 0.004076 s
currentSize : 28 <-- 0.004800 s
currentSize : 29 <-- 1.872232 s
currentSize : 30 <-- 2.023825 s
currentSize : 31 <-- 10.669906 s
currentSize : 32 <-- 11.679430 s
currentSize : 33 <-- 12.782198 s
currentSize : 34 <-- 38.962238 s
currentSize : 35 <-- 38.991325 s
currentSize : 37 <-- 39.000259 s
currentSize : 38 <-- 87.476433 s
currentSize : 39 <-- 87.477409 s
currentSize : 40 <-- 90.278435 s

maxsize : 40
nodes : 25086277.000000
filtered : 166424413.000000
time : 123.398094
