Parameters: GAD=1 vflib=1 dir=0 label=0 vlabel=1 lowerbound=1 fileNameGp=../../cp2016-max-common-connected-subgraph-paper/datasets/graphsdb/mcs50/m3D/m3Dr6/mcs50_m3Dr6_s50.A04 fileNameGt=../../cp2016-max-common-connected-subgraph-paper/datasets/graphsdb/mcs50/m3D/m3Dr6/mcs50_m3Dr6_s50.B04
Reading graphs...
50 :  138
50 :  134
Initializing...
maxdom : 12
D->valSize : 341
Solving...
Blb : 5 (clique : 19)
currentSize : 19 <-- 0.002785 s
currentSize : 20 <-- 0.012237 s
currentSize : 21 <-- 0.038057 s
currentSize : 22 <-- 0.321289 s
currentSize : 23 <-- 1.054052 s
currentSize : 24 <-- 4.018229 s
currentSize : 25 <-- 8.508345 s
currentSize : 26 <-- 8.508456 s
currentSize : 27 <-- 8.508667 s
currentSize : 28 <-- 10.084670 s

maxsize : 28
nodes : 2147907.000000
filtered : 26437343.000000
time : 10.904030
