Parameters: GAD=1 vflib=1 dir=0 label=0 vlabel=1 lowerbound=1 fileNameGp=../../cp2016-max-common-connected-subgraph-paper/datasets/graphsdb/mcs50/m2D/m2Dr6/mcs50_m2Dr6_s60.A04 fileNameGt=../../cp2016-max-common-connected-subgraph-paper/datasets/graphsdb/mcs50/m2D/m2Dr6/mcs50_m2Dr6_s60.B04
Reading graphs...
60 :  139
60 :  135
Initializing...
maxdom : 7
D->valSize : 244
Solving...
Blb : 2 (clique : 19)
currentSize : 19 <-- 0.001682 s
currentSize : 20 <-- 0.002307 s
currentSize : 21 <-- 0.011785 s
currentSize : 22 <-- 0.011860 s
currentSize : 23 <-- 0.041947 s
currentSize : 24 <-- 0.042217 s
currentSize : 25 <-- 0.224550 s
currentSize : 26 <-- 0.242862 s
currentSize : 27 <-- 0.584936 s
currentSize : 28 <-- 8.353644 s
currentSize : 29 <-- 24.602961 s

maxsize : 29
nodes : 12649640.000000
filtered : 68076522.000000
time : 54.753952
