Parameters: GAD=1 vflib=1 dir=0 label=0 vlabel=1 lowerbound=1 fileNameGp=../../cp2016-max-common-connected-subgraph-paper/datasets/graphsdb/mcs50/bvg/b06m/mcs50_b06m_s70.A00 fileNameGt=../../cp2016-max-common-connected-subgraph-paper/datasets/graphsdb/mcs50/bvg/b06m/mcs50_b06m_s70.B00
Reading graphs...
70 :  209
70 :  208
Initializing...
maxdom : 9
D->valSize : 339
Solving...
Blb : 2 (clique : 27)
currentSize : 27 <-- 0.002788 s
currentSize : 29 <-- 0.002953 s
currentSize : 30 <-- 0.003109 s
currentSize : 31 <-- 0.003762 s
currentSize : 32 <-- 1.240526 s
currentSize : 33 <-- 8.537023 s
currentSize : 34 <-- 62.192848 s
currentSize : 35 <-- 71.282822 s

maxsize : 35
nodes : 29726265.000000
filtered : 177266097.000000
time : 139.171539
