Parameters: GAD=1 vflib=1 dir=0 label=0 vlabel=1 lowerbound=1 fileNameGp=../../cp2016-max-common-connected-subgraph-paper/datasets/graphsdb/mcs50/m2D/m2Dr4/mcs50_m2Dr4_s100.A05 fileNameGt=../../cp2016-max-common-connected-subgraph-paper/datasets/graphsdb/mcs50/m2D/m2Dr4/mcs50_m2Dr4_s100.B05
Reading graphs...
100 :  217
100 :  218
Initializing...
maxdom : 6
D->valSize : 344
Solving...
Blb : 2 (clique : 35)
currentSize : 35 <-- 0.003644 s
currentSize : 36 <-- 0.003926 s
currentSize : 37 <-- 0.004033 s
currentSize : 38 <-- 0.004201 s
currentSize : 39 <-- 0.018055 s
currentSize : 40 <-- 0.811908 s
currentSize : 41 <-- 0.812301 s
currentSize : 42 <-- 149.355927 s
currentSize : 43 <-- 149.356110 s

TIMEOUT
maxsize : 43
nodes : 173449498.000000
filtered : 914646916.000000
time : 1000.000061
