Parameters: GAD=1 vflib=1 dir=0 label=0 vlabel=1 lowerbound=1 fileNameGp=../../cp2016-max-common-connected-subgraph-paper/datasets/graphsdb/mcs50/rand/r02/mcs50_r02_s90.A06 fileNameGt=../../cp2016-max-common-connected-subgraph-paper/datasets/graphsdb/mcs50/rand/r02/mcs50_r02_s90.B06
Reading graphs...
90 :  1416
90 :  1436
Initializing...
maxdom : 10
D->valSize : 558
Solving...
Blb : 2 (clique : 9)
currentSize : 9 <-- 0.009507 s
currentSize : 10 <-- 0.009720 s
currentSize : 11 <-- 0.009842 s
currentSize : 12 <-- 0.024484 s
currentSize : 13 <-- 0.026718 s
currentSize : 14 <-- 0.134237 s
currentSize : 16 <-- 0.382447 s
currentSize : 17 <-- 0.560187 s
currentSize : 20 <-- 0.723815 s
currentSize : 22 <-- 1.118464 s
currentSize : 23 <-- 1.697508 s
currentSize : 31 <-- 1.699045 s
currentSize : 33 <-- 4.401148 s
currentSize : 45 <-- 4.401568 s

maxsize : 45
nodes : 655269.000000
filtered : 9864953.000000
time : 4.834348
