Parameters: GAD=1 vflib=1 dir=0 label=0 vlabel=1 lowerbound=1 fileNameGp=../../cp2016-max-common-connected-subgraph-paper/datasets/graphsdb/mcs50/m3D/m3Dr6/mcs50_m3Dr6_s50.A08 fileNameGt=../../cp2016-max-common-connected-subgraph-paper/datasets/graphsdb/mcs50/m3D/m3Dr6/mcs50_m3Dr6_s50.B08
Reading graphs...
50 :  135
50 :  133
Initializing...
maxdom : 12
D->valSize : 330
Solving...
Blb : 2 (clique : 16)
currentSize : 16 <-- 0.003888 s
currentSize : 17 <-- 0.004114 s
currentSize : 18 <-- 0.004303 s
currentSize : 19 <-- 0.021370 s
currentSize : 20 <-- 2.525282 s
currentSize : 21 <-- 2.958042 s
currentSize : 22 <-- 5.134569 s
currentSize : 26 <-- 5.135622 s
currentSize : 27 <-- 5.138782 s

maxsize : 27
nodes : 1419674.000000
filtered : 13203102.000000
time : 6.628517
