Parameters: GAD=1 vflib=1 dir=0 label=0 vlabel=1 lowerbound=1 fileNameGp=../../cp2016-max-common-connected-subgraph-paper/datasets/graphsdb/mcs50/rand/r01/mcs50_r01_s80.A09 fileNameGt=../../cp2016-max-common-connected-subgraph-paper/datasets/graphsdb/mcs50/rand/r01/mcs50_r01_s80.B09
Reading graphs...
80 :  601
80 :  597
Initializing...
maxdom : 11
D->valSize : 456
Solving...
Blb : 5 (clique : 15)
currentSize : 15 <-- 0.007066 s
currentSize : 16 <-- 0.013166 s
currentSize : 17 <-- 0.019674 s
currentSize : 18 <-- 0.053718 s
currentSize : 19 <-- 0.054424 s
currentSize : 20 <-- 0.057483 s
currentSize : 21 <-- 0.057797 s
currentSize : 23 <-- 0.071984 s
currentSize : 24 <-- 0.239057 s
currentSize : 25 <-- 0.247330 s
currentSize : 28 <-- 0.247441 s
currentSize : 31 <-- 4.665547 s
currentSize : 33 <-- 4.752924 s
currentSize : 40 <-- 4.753745 s

maxsize : 40
nodes : 861733.000000
filtered : 12130972.000000
time : 5.814057
