Parameters: GAD=1 vflib=1 dir=0 label=0 vlabel=1 lowerbound=1 fileNameGp=../../cp2016-max-common-connected-subgraph-paper/datasets/graphsdb/mcs50/rand/r01/mcs50_r01_s90.A08 fileNameGt=../../cp2016-max-common-connected-subgraph-paper/datasets/graphsdb/mcs50/rand/r01/mcs50_r01_s90.B08
Reading graphs...
90 :  759
90 :  762
Initializing...
maxdom : 11
D->valSize : 597
Solving...
Blb : 2 (clique : 15)
currentSize : 15 <-- 0.006946 s
currentSize : 16 <-- 0.007258 s
currentSize : 17 <-- 0.008614 s
currentSize : 18 <-- 0.150954 s
currentSize : 19 <-- 0.151550 s
currentSize : 20 <-- 7.448347 s
currentSize : 21 <-- 15.025971 s
currentSize : 22 <-- 36.090698 s
currentSize : 23 <-- 36.119900 s
currentSize : 24 <-- 75.162743 s
currentSize : 25 <-- 75.184105 s
currentSize : 26 <-- 86.351562 s
currentSize : 29 <-- 86.351891 s
currentSize : 30 <-- 86.352242 s
currentSize : 31 <-- 93.066444 s
currentSize : 32 <-- 96.398445 s
currentSize : 35 <-- 96.399002 s
currentSize : 37 <-- 102.842888 s
currentSize : 41 <-- 102.941772 s
currentSize : 45 <-- 102.941933 s

maxsize : 45
nodes : 17148422.000000
filtered : 179683069.000000
time : 110.638229
