Parameters: GAD=1 vflib=1 dir=0 label=0 vlabel=1 lowerbound=1 fileNameGp=../../cp2016-max-common-connected-subgraph-paper/datasets/graphsdb/mcs50/bvg/b06m/mcs50_b06m_s80.A03 fileNameGt=../../cp2016-max-common-connected-subgraph-paper/datasets/graphsdb/mcs50/bvg/b06m/mcs50_b06m_s80.B03
Reading graphs...
80 :  237
80 :  236
Initializing...
maxdom : 8
D->valSize : 430
Solving...
Blb : 2 (clique : 24)
currentSize : 24 <-- 0.004141 s
currentSize : 25 <-- 0.004371 s
currentSize : 26 <-- 0.004479 s
currentSize : 27 <-- 0.006539 s
currentSize : 28 <-- 0.009209 s
currentSize : 29 <-- 0.020643 s
currentSize : 30 <-- 1.530924 s
currentSize : 31 <-- 2.882695 s
currentSize : 32 <-- 13.718720 s
currentSize : 33 <-- 15.429066 s
currentSize : 34 <-- 15.438327 s
currentSize : 35 <-- 63.148766 s
currentSize : 36 <-- 323.310242 s
currentSize : 37 <-- 323.310394 s
currentSize : 38 <-- 323.378479 s
currentSize : 39 <-- 353.486115 s
currentSize : 40 <-- 353.531799 s

TIMEOUT
maxsize : 40
nodes : 178813139.000000
filtered : 1269657148.000000
time : 1000.000061
