Parameters: GAD=1 vflib=1 dir=0 label=0 vlabel=1 lowerbound=1 fileNameGp=../../cp2016-max-common-connected-subgraph-paper/datasets/graphsdb/mcs50/bvg/b09/mcs50_b09_s80.A05 fileNameGt=../../cp2016-max-common-connected-subgraph-paper/datasets/graphsdb/mcs50/bvg/b09/mcs50_b09_s80.B05
Reading graphs...
80 :  357
80 :  354
Initializing...
maxdom : 11
D->valSize : 443
Solving...
Blb : 2 (clique : 27)
currentSize : 27 <-- 0.004355 s
currentSize : 28 <-- 4.024745 s
currentSize : 29 <-- 4.385850 s
currentSize : 30 <-- 8.631071 s
currentSize : 31 <-- 13.030515 s
currentSize : 34 <-- 13.140831 s
currentSize : 35 <-- 30.912064 s
currentSize : 36 <-- 30.917196 s
currentSize : 38 <-- 34.764256 s
currentSize : 39 <-- 46.247299 s
currentSize : 40 <-- 49.707901 s
currentSize : 41 <-- 170.852798 s

maxsize : 41
nodes : 39369715.000000
filtered : 310227436.000000
time : 218.412643
