Parameters: GAD=1 vflib=1 dir=0 label=0 vlabel=1 lowerbound=1 fileNameGp=../../cp2016-max-common-connected-subgraph-paper/datasets/graphsdb/mcs50/bvg/b06/mcs50_b06_s80.A05 fileNameGt=../../cp2016-max-common-connected-subgraph-paper/datasets/graphsdb/mcs50/bvg/b06/mcs50_b06_s80.B05
Reading graphs...
80 :  240
80 :  237
Initializing...
maxdom : 12
D->valSize : 487
Solving...
Blb : 2 (clique : 27)
currentSize : 27 <-- 0.005429 s
currentSize : 28 <-- 0.008465 s
currentSize : 29 <-- 0.015989 s
currentSize : 30 <-- 0.072643 s
currentSize : 31 <-- 0.233830 s
currentSize : 32 <-- 0.234066 s
currentSize : 33 <-- 2.058864 s
currentSize : 34 <-- 72.189583 s
currentSize : 35 <-- 232.152084 s

TIMEOUT
maxsize : 35
nodes : 179826078.000000
filtered : 1490108153.000000
time : 1000.000061
