Parameters: GAD=1 vflib=1 dir=0 label=0 vlabel=1 lowerbound=1 fileNameGp=../../cp2016-max-common-connected-subgraph-paper/datasets/graphsdb/mcs50/bvg/b09/mcs50_b09_s100.A08 fileNameGt=../../cp2016-max-common-connected-subgraph-paper/datasets/graphsdb/mcs50/bvg/b09/mcs50_b09_s100.B08
Reading graphs...
100 :  446
100 :  447
Initializing...
maxdom : 7
D->valSize : 401
Solving...
Blb : 3 (clique : 25)
currentSize : 25 <-- 0.004327 s
currentSize : 26 <-- 0.118402 s
currentSize : 27 <-- 0.343087 s
currentSize : 28 <-- 0.395425 s
currentSize : 29 <-- 2.062097 s
currentSize : 30 <-- 14.652018 s
currentSize : 31 <-- 15.791040 s
currentSize : 32 <-- 16.605761 s
currentSize : 33 <-- 16.605949 s
currentSize : 34 <-- 16.608040 s
currentSize : 35 <-- 32.353981 s
currentSize : 36 <-- 543.181519 s
currentSize : 39 <-- 543.181824 s
currentSize : 40 <-- 543.191772 s
currentSize : 41 <-- 562.543335 s
currentSize : 42 <-- 927.360962 s
currentSize : 43 <-- 927.364380 s
currentSize : 45 <-- 984.071472 s

TIMEOUT
maxsize : 45
nodes : 174389884.000000
filtered : 879923912.000000
time : 1000.000061
