Parameters: GAD=1 vflib=1 dir=0 label=0 vlabel=1 lowerbound=1 fileNameGp=../../cp2016-max-common-connected-subgraph-paper/datasets/graphsdb/mcs50/bvg/b09/mcs50_b09_s40.A01 fileNameGt=../../cp2016-max-common-connected-subgraph-paper/datasets/graphsdb/mcs50/bvg/b09/mcs50_b09_s40.B01
Reading graphs...
40 :  179
40 :  178
Initializing...
maxdom : 13
D->valSize : 229
Solving...
Blb : 2 (clique : 10)
currentSize : 10 <-- 0.001354 s
currentSize : 11 <-- 0.001437 s
currentSize : 12 <-- 0.002539 s
currentSize : 13 <-- 0.003553 s
currentSize : 14 <-- 0.016849 s
currentSize : 15 <-- 0.313762 s
currentSize : 17 <-- 0.313874 s
currentSize : 18 <-- 0.314610 s
currentSize : 20 <-- 0.316522 s

maxsize : 20
nodes : 84148.000000
filtered : 706570.000000
time : 0.343841
