Parameters: GAD=1 vflib=1 dir=0 label=0 vlabel=1 lowerbound=1 fileNameGp=../../cp2016-max-common-connected-subgraph-paper/datasets/graphsdb/mcs50/bvg/b06/mcs50_b06_s70.A07 fileNameGt=../../cp2016-max-common-connected-subgraph-paper/datasets/graphsdb/mcs50/bvg/b06/mcs50_b06_s70.B07
Reading graphs...
70 :  209
70 :  210
Initializing...
maxdom : 8
D->valSize : 327
Solving...
Blb : 2 (clique : 26)
currentSize : 26 <-- 0.004284 s
currentSize : 27 <-- 0.030140 s
currentSize : 28 <-- 0.079419 s
currentSize : 29 <-- 0.160475 s
currentSize : 30 <-- 7.420718 s
currentSize : 31 <-- 7.420946 s
currentSize : 32 <-- 7.664165 s
currentSize : 34 <-- 18.479019 s
currentSize : 35 <-- 57.765728 s

maxsize : 35
nodes : 21814112.000000
filtered : 125429180.000000
time : 103.141571
