Parameters: GAD=1 vflib=1 dir=0 label=0 vlabel=1 lowerbound=1 fileNameGp=../../cp2016-max-common-connected-subgraph-paper/datasets/graphsdb/mcs50/rand/r005/mcs50_r005_s70.A09 fileNameGt=../../cp2016-max-common-connected-subgraph-paper/datasets/graphsdb/mcs50/rand/r005/mcs50_r005_s70.B09
Reading graphs...
70 :  234
70 :  235
Initializing...
maxdom : 9
D->valSize : 338
Solving...
Blb : 2 (clique : 25)
currentSize : 25 <-- 0.004531 s
currentSize : 26 <-- 0.004824 s
currentSize : 27 <-- 0.408208 s
currentSize : 28 <-- 0.432826 s
currentSize : 33 <-- 0.534006 s
currentSize : 35 <-- 0.701362 s

maxsize : 35
nodes : 3856026.000000
filtered : 41747066.000000
time : 22.686459
