Parameters: GAD=1 vflib=1 dir=0 label=0 vlabel=1 lowerbound=1 fileNameGp=../../cp2016-max-common-connected-subgraph-paper/datasets/graphsdb/mcs50/m2D/m2Dr4/mcs50_m2Dr4_s60.A07 fileNameGt=../../cp2016-max-common-connected-subgraph-paper/datasets/graphsdb/mcs50/m2D/m2Dr4/mcs50_m2Dr4_s60.B07
Reading graphs...
60 :  128
60 :  124
Initializing...
maxdom : 7
D->valSize : 233
Solving...
Blb : 2 (clique : 22)
currentSize : 22 <-- 0.001717 s
currentSize : 23 <-- 0.002007 s
currentSize : 24 <-- 0.002460 s
currentSize : 25 <-- 2.655908 s
currentSize : 26 <-- 7.568988 s
currentSize : 27 <-- 22.823015 s
currentSize : 28 <-- 122.767159 s
currentSize : 29 <-- 206.076797 s

maxsize : 29
nodes : 63914728.000000
filtered : 398320971.000000
time : 285.710999
