Parameters: GAD=1 vflib=1 dir=0 label=0 vlabel=1 lowerbound=1 fileNameGp=../../cp2016-max-common-connected-subgraph-paper/datasets/graphsdb/mcs50/rand/r02/mcs50_r02_s60.A05 fileNameGt=../../cp2016-max-common-connected-subgraph-paper/datasets/graphsdb/mcs50/rand/r02/mcs50_r02_s60.B05
Reading graphs...
60 :  625
60 :  626
Initializing...
maxdom : 8
D->valSize : 253
Solving...
Blb : 2 (clique : 8)
currentSize : 8 <-- 0.001768 s
currentSize : 9 <-- 0.001876 s
currentSize : 10 <-- 0.004161 s
currentSize : 11 <-- 0.004219 s
currentSize : 12 <-- 0.004605 s
currentSize : 13 <-- 0.009056 s
currentSize : 14 <-- 0.018256 s
currentSize : 15 <-- 0.027355 s
currentSize : 16 <-- 0.030125 s
currentSize : 17 <-- 0.030686 s
currentSize : 20 <-- 0.030800 s
currentSize : 23 <-- 0.113551 s
currentSize : 30 <-- 0.114176 s

maxsize : 30
nodes : 25786.000000
filtered : 251043.000000
time : 0.133640
