Parameters: GAD=1 vflib=1 dir=0 label=0 vlabel=1 lowerbound=1 fileNameGp=../../cp2016-max-common-connected-subgraph-paper/datasets/graphsdb/mcs50/m3D/m3D/mcs50_m3D_s50.A08 fileNameGt=../../cp2016-max-common-connected-subgraph-paper/datasets/graphsdb/mcs50/m3D/m3D/mcs50_m3D_s50.B08
Reading graphs...
50 :  109
50 :  109
Initializing...
maxdom : 11
D->valSize : 328
Solving...
Blb : 2 (clique : 18)
currentSize : 18 <-- 0.002385 s
currentSize : 19 <-- 0.002918 s
currentSize : 20 <-- 0.004442 s
currentSize : 21 <-- 0.012310 s
currentSize : 22 <-- 0.020842 s
currentSize : 23 <-- 0.044955 s
currentSize : 24 <-- 0.112612 s
currentSize : 25 <-- 7.977345 s
currentSize : 26 <-- 7.982352 s
currentSize : 28 <-- 13.543598 s
currentSize : 29 <-- 13.545058 s

maxsize : 29
nodes : 4831142.000000
filtered : 53337336.000000
time : 24.720579
