Parameters: GAD=1 vflib=1 dir=0 label=0 vlabel=1 lowerbound=1 fileNameGp=../../cp2016-max-common-connected-subgraph-paper/datasets/graphsdb/mcs50/bvg/b03m/mcs50_b03m_s50.A05 fileNameGt=../../cp2016-max-common-connected-subgraph-paper/datasets/graphsdb/mcs50/bvg/b03m/mcs50_b03m_s50.B05
Reading graphs...
50 :  75
50 :  75
Initializing...
maxdom : 12
D->valSize : 358
Solving...
Blb : 2 (clique : 20)
currentSize : 20 <-- 0.004509 s
currentSize : 23 <-- 0.004695 s
currentSize : 24 <-- 0.005265 s
currentSize : 25 <-- 0.016403 s
currentSize : 26 <-- 1.589729 s
currentSize : 27 <-- 2.018775 s
currentSize : 28 <-- 8.598651 s

maxsize : 28
nodes : 31748452.000000
filtered : 381047303.000000
time : 176.259689
