Parameters: GAD=1 vflib=1 dir=0 label=0 vlabel=1 lowerbound=1 fileNameGp=../../cp2016-max-common-connected-subgraph-paper/datasets/graphsdb/mcs50/rand/r005/mcs50_r005_s90.A02 fileNameGt=../../cp2016-max-common-connected-subgraph-paper/datasets/graphsdb/mcs50/rand/r005/mcs50_r005_s90.B02
Reading graphs...
90 :  386
90 :  390
Initializing...
maxdom : 11
D->valSize : 518
Solving...
Blb : 2 (clique : 23)
currentSize : 23 <-- 0.005579 s
currentSize : 24 <-- 0.005869 s
currentSize : 25 <-- 0.028528 s
currentSize : 26 <-- 0.035557 s
currentSize : 27 <-- 0.304227 s
currentSize : 28 <-- 0.533270 s
currentSize : 29 <-- 1.107233 s
currentSize : 30 <-- 1.751604 s
currentSize : 31 <-- 4.918248 s
currentSize : 32 <-- 5.508356 s
currentSize : 33 <-- 14.032282 s
currentSize : 34 <-- 15.420119 s
currentSize : 35 <-- 28.430056 s
currentSize : 37 <-- 29.964705 s
currentSize : 40 <-- 42.954048 s
currentSize : 41 <-- 669.535278 s
currentSize : 42 <-- 669.535522 s
currentSize : 45 <-- 669.535706 s

maxsize : 45
nodes : 113415415.000000
filtered : 1764421133.000000
time : 843.973694
