Parameters: GAD=1 vflib=1 dir=0 label=0 vlabel=1 lowerbound=1 fileNameGp=../../cp2016-max-common-connected-subgraph-paper/datasets/graphsdb/mcs50/bvg/b09/mcs50_b09_s60.A07 fileNameGt=../../cp2016-max-common-connected-subgraph-paper/datasets/graphsdb/mcs50/bvg/b09/mcs50_b09_s60.B07
Reading graphs...
60 :  266
60 :  267
Initializing...
maxdom : 7
D->valSize : 253
Solving...
Blb : 2 (clique : 14)
currentSize : 14 <-- 0.001890 s
currentSize : 15 <-- 0.002425 s
currentSize : 16 <-- 0.005713 s
currentSize : 17 <-- 0.008211 s
currentSize : 18 <-- 0.038774 s
currentSize : 19 <-- 0.411360 s
currentSize : 21 <-- 0.764320 s
currentSize : 23 <-- 0.857158 s
currentSize : 25 <-- 0.857210 s
currentSize : 26 <-- 1.104203 s
currentSize : 28 <-- 1.246001 s
currentSize : 30 <-- 1.246201 s

maxsize : 30
nodes : 336139.000000
filtered : 2258968.000000
time : 1.563114
