Parameters: GAD=1 vflib=1 dir=0 label=0 vlabel=1 lowerbound=1 fileNameGp=../../cp2016-max-common-connected-subgraph-paper/datasets/graphsdb/mcs50/bvg/b09/mcs50_b09_s70.A03 fileNameGt=../../cp2016-max-common-connected-subgraph-paper/datasets/graphsdb/mcs50/bvg/b09/mcs50_b09_s70.B03
Reading graphs...
70 :  311
70 :  308
Initializing...
maxdom : 10
D->valSize : 360
Solving...
Blb : 3 (clique : 29)
currentSize : 29 <-- 0.003281 s
currentSize : 30 <-- 2.358941 s
currentSize : 31 <-- 2.365550 s
currentSize : 32 <-- 13.172400 s
currentSize : 33 <-- 13.198837 s
currentSize : 34 <-- 13.202374 s

maxsize : 34
nodes : 8646314.000000
filtered : 54499727.000000
time : 42.142654
