Parameters: GAD=1 vflib=1 dir=0 label=0 vlabel=1 lowerbound=1 fileNameGp=../../cp2016-max-common-connected-subgraph-paper/datasets/graphsdb/mcs50/m2D/m2Dr4/mcs50_m2Dr4_s50.A00 fileNameGt=../../cp2016-max-common-connected-subgraph-paper/datasets/graphsdb/mcs50/m2D/m2Dr4/mcs50_m2Dr4_s50.B00
Reading graphs...
50 :  103
50 :  104
Initializing...
maxdom : 8
D->valSize : 310
Solving...
Blb : 3 (clique : 22)
currentSize : 22 <-- 0.002251 s
currentSize : 23 <-- 0.003839 s
currentSize : 24 <-- 0.097169 s
currentSize : 25 <-- 0.360435 s
currentSize : 26 <-- 6.913466 s
currentSize : 27 <-- 27.360556 s

maxsize : 27
nodes : 18910027.000000
filtered : 204769069.000000
time : 92.978699
