Parameters: GAD=1 vflib=1 dir=0 label=0 vlabel=1 lowerbound=1 fileNameGp=../../cp2016-max-common-connected-subgraph-paper/datasets/graphsdb/mcs50/bvg/b03/mcs50_b03_s70.A07 fileNameGt=../../cp2016-max-common-connected-subgraph-paper/datasets/graphsdb/mcs50/bvg/b03/mcs50_b03_s70.B07
Reading graphs...
70 :  104
70 :  105
Initializing...
maxdom : 8
D->valSize : 336
Solving...
Blb : 2 (clique : 28)
currentSize : 28 <-- 0.003056 s
currentSize : 29 <-- 4.541379 s
currentSize : 30 <-- 21.727791 s
currentSize : 31 <-- 27.400909 s
currentSize : 32 <-- 30.718559 s
currentSize : 33 <-- 30.874758 s
currentSize : 34 <-- 43.448013 s
currentSize : 35 <-- 106.392761 s
currentSize : 36 <-- 107.769928 s
currentSize : 37 <-- 327.342743 s
currentSize : 38 <-- 391.402100 s

maxsize : 38
nodes : 154535732.000000
filtered : 1186222593.000000
time : 837.713562
