Parameters: GAD=1 vflib=1 dir=0 label=0 vlabel=1 lowerbound=1 fileNameGp=../../cp2016-max-common-connected-subgraph-paper/datasets/graphsdb/mcs50/rand/r01/mcs50_r01_s40.A01 fileNameGt=../../cp2016-max-common-connected-subgraph-paper/datasets/graphsdb/mcs50/rand/r01/mcs50_r01_s40.B01
Reading graphs...
40 :  151
40 :  146
Initializing...
maxdom : 7
D->valSize : 206
Solving...
Blb : 2 (clique : 11)
currentSize : 11 <-- 0.001321 s
currentSize : 12 <-- 0.001544 s
currentSize : 13 <-- 0.001944 s
currentSize : 14 <-- 0.003216 s
currentSize : 16 <-- 0.035658 s
currentSize : 17 <-- 0.300537 s
currentSize : 18 <-- 0.301400 s
currentSize : 20 <-- 0.337889 s

maxsize : 20
nodes : 101015.000000
filtered : 838724.000000
time : 0.422413
