Parameters: GAD=1 vflib=1 dir=0 label=0 vlabel=1 lowerbound=1 fileNameGp=../../cp2016-max-common-connected-subgraph-paper/datasets/graphsdb/mcs50/rand/r01/mcs50_r01_s50.A09 fileNameGt=../../cp2016-max-common-connected-subgraph-paper/datasets/graphsdb/mcs50/rand/r01/mcs50_r01_s50.B09
Reading graphs...
50 :  235
50 :  233
Initializing...
maxdom : 13
D->valSize : 372
Solving...
Blb : 2 (clique : 13)
currentSize : 13 <-- 0.002820 s
currentSize : 14 <-- 0.003008 s
currentSize : 15 <-- 0.007347 s
currentSize : 16 <-- 0.010406 s
currentSize : 17 <-- 0.088043 s
currentSize : 18 <-- 8.867094 s
currentSize : 19 <-- 14.074685 s
currentSize : 21 <-- 14.660581 s
currentSize : 22 <-- 14.660697 s
currentSize : 23 <-- 14.661494 s
currentSize : 25 <-- 14.661576 s

maxsize : 25
nodes : 3369735.000000
filtered : 32111554.000000
time : 16.169889
