Parameters: GAD=1 vflib=1 dir=0 label=0 vlabel=1 lowerbound=1 fileNameGp=../../cp2016-max-common-connected-subgraph-paper/datasets/graphsdb/mcs50/m2D/m2Dr6/mcs50_m2Dr6_s70.A06 fileNameGt=../../cp2016-max-common-connected-subgraph-paper/datasets/graphsdb/mcs50/m2D/m2Dr6/mcs50_m2Dr6_s70.B06
Reading graphs...
70 :  164
70 :  163
Initializing...
maxdom : 10
D->valSize : 313
Solving...
Blb : 3 (clique : 29)
currentSize : 29 <-- 0.002635 s
currentSize : 30 <-- 0.381661 s
currentSize : 31 <-- 0.381974 s
currentSize : 32 <-- 15.435407 s
currentSize : 33 <-- 15.438850 s
currentSize : 34 <-- 16.368317 s
currentSize : 35 <-- 152.293945 s
currentSize : 36 <-- 152.546616 s

maxsize : 36
nodes : 39863921.000000
filtered : 190926865.000000
time : 180.864532
