Parameters: GAD=1 vflib=1 dir=0 label=0 vlabel=1 lowerbound=1 fileNameGp=../../cp2016-max-common-connected-subgraph-paper/datasets/graphsdb/mcs50/m2D/m2D/mcs50_m2D_s100.A03 fileNameGt=../../cp2016-max-common-connected-subgraph-paper/datasets/graphsdb/mcs50/m2D/m2D/mcs50_m2D_s100.B03
Reading graphs...
100 :  180
100 :  179
Initializing...
maxdom : 7
D->valSize : 397
Solving...
Blb : 2 (clique : 39)
currentSize : 39 <-- 0.004348 s
currentSize : 40 <-- 0.004936 s
currentSize : 41 <-- 0.047349 s
currentSize : 42 <-- 12.727657 s
currentSize : 43 <-- 37.396389 s
currentSize : 44 <-- 492.853943 s

TIMEOUT
maxsize : 44
nodes : 189220514.000000
filtered : 791003326.000000
time : 1000.000122
