Parameters: GAD=1 vflib=1 dir=0 label=0 vlabel=1 lowerbound=1 fileNameGp=../../cp2016-max-common-connected-subgraph-paper/datasets/graphsdb/mcs50/rand/r02/mcs50_r02_s80.A03 fileNameGt=../../cp2016-max-common-connected-subgraph-paper/datasets/graphsdb/mcs50/rand/r02/mcs50_r02_s80.B03
Reading graphs...
80 :  1129
80 :  1136
Initializing...
maxdom : 9
D->valSize : 455
Solving...
Blb : 2 (clique : 10)
currentSize : 10 <-- 0.004438 s
currentSize : 11 <-- 0.004688 s
currentSize : 12 <-- 0.015672 s
currentSize : 14 <-- 0.021643 s
currentSize : 16 <-- 0.161061 s
currentSize : 19 <-- 0.162691 s
currentSize : 20 <-- 0.164219 s
currentSize : 23 <-- 0.165432 s
currentSize : 26 <-- 0.438523 s
currentSize : 28 <-- 0.842849 s
currentSize : 40 <-- 0.846776 s

maxsize : 40
nodes : 166746.000000
filtered : 2372778.000000
time : 1.105024
