Parameters: GAD=1 vflib=1 dir=0 label=0 vlabel=1 lowerbound=1 fileNameGp=../../cp2016-max-common-connected-subgraph-paper/datasets/graphsdb/mcs50/m2D/m2D/mcs50_m2D_s80.A05 fileNameGt=../../cp2016-max-common-connected-subgraph-paper/datasets/graphsdb/mcs50/m2D/m2D/mcs50_m2D_s80.B05
Reading graphs...
80 :  142
80 :  142
Initializing...
maxdom : 8
D->valSize : 421
Solving...
Blb : 2 (clique : 35)
currentSize : 35 <-- 0.005244 s
currentSize : 36 <-- 0.005570 s
currentSize : 37 <-- 0.042377 s
currentSize : 38 <-- 0.043901 s
currentSize : 39 <-- 0.214181 s
currentSize : 40 <-- 33.350033 s
currentSize : 41 <-- 119.596741 s

TIMEOUT
maxsize : 41
nodes : 199931692.000000
filtered : 1134325186.000000
time : 1000.000061
