Parameters: GAD=1 vflib=1 dir=0 label=0 vlabel=1 lowerbound=1 fileNameGp=../../cp2016-max-common-connected-subgraph-paper/datasets/graphsdb/mcs50/bvg/b09m/mcs50_b09m_s70.A06 fileNameGt=../../cp2016-max-common-connected-subgraph-paper/datasets/graphsdb/mcs50/bvg/b09m/mcs50_b09m_s70.B06
Reading graphs...
70 :  310
70 :  310
Initializing...
maxdom : 10
D->valSize : 348
Solving...
Blb : 3 (clique : 27)
currentSize : 27 <-- 0.004132 s
currentSize : 29 <-- 0.218829 s
currentSize : 30 <-- 0.826337 s
currentSize : 31 <-- 6.652062 s
currentSize : 32 <-- 11.707519 s
currentSize : 33 <-- 17.017361 s
currentSize : 34 <-- 17.017458 s

maxsize : 34
nodes : 5073110.000000
filtered : 35375141.000000
time : 25.402079
