Parameters: GAD=1 vflib=1 dir=0 label=0 vlabel=1 lowerbound=1 fileNameGp=../../cp2016-max-common-connected-subgraph-paper/datasets/graphsdb/mcs50/bvg/b03/mcs50_b03_s70.A08 fileNameGt=../../cp2016-max-common-connected-subgraph-paper/datasets/graphsdb/mcs50/bvg/b03/mcs50_b03_s70.B08
Reading graphs...
70 :  105
70 :  105
Initializing...
maxdom : 8
D->valSize : 315
Solving...
Blb : 2 (clique : 30)
currentSize : 30 <-- 0.002731 s
currentSize : 31 <-- 0.002956 s
currentSize : 32 <-- 0.003371 s
currentSize : 33 <-- 0.036239 s
currentSize : 34 <-- 1.537290 s
currentSize : 35 <-- 374.373383 s
currentSize : 36 <-- 581.205017 s
currentSize : 37 <-- 581.209717 s
currentSize : 38 <-- 638.908936 s

maxsize : 38
nodes : 159318494.000000
filtered : 1213049840.000000
time : 822.654907
