Parameters: GAD=1 vflib=1 dir=0 label=0 vlabel=1 lowerbound=1 fileNameGp=../../cp2016-max-common-connected-subgraph-paper/datasets/graphsdb/mcs50/rand/r005/mcs50_r005_s70.A02 fileNameGt=../../cp2016-max-common-connected-subgraph-paper/datasets/graphsdb/mcs50/rand/r005/mcs50_r005_s70.B02
Reading graphs...
70 :  235
70 :  233
Initializing...
maxdom : 7
D->valSize : 336
Solving...
Blb : 2 (clique : 24)
currentSize : 24 <-- 0.002919 s
currentSize : 25 <-- 0.003967 s
currentSize : 26 <-- 0.008051 s
currentSize : 27 <-- 0.023857 s
currentSize : 28 <-- 0.024276 s
currentSize : 29 <-- 0.024545 s
currentSize : 30 <-- 0.080211 s
currentSize : 31 <-- 106.279427 s
currentSize : 32 <-- 106.613701 s
currentSize : 33 <-- 106.784058 s
currentSize : 35 <-- 107.412987 s

maxsize : 35
nodes : 26519515.000000
filtered : 270430244.000000
time : 154.809952
