Parameters: GAD=1 vflib=1 dir=0 label=0 vlabel=1 lowerbound=1 fileNameGp=../../cp2016-max-common-connected-subgraph-paper/datasets/graphsdb/mcs50/m3D/m3Dr4/mcs50_m3Dr4_s50.A09 fileNameGt=../../cp2016-max-common-connected-subgraph-paper/datasets/graphsdb/mcs50/m3D/m3Dr4/mcs50_m3Dr4_s50.B09
Reading graphs...
50 :  126
50 :  125
Initializing...
maxdom : 8
D->valSize : 318
Solving...
Blb : 2 (clique : 20)
currentSize : 20 <-- 0.003675 s
currentSize : 21 <-- 0.042483 s
currentSize : 22 <-- 8.266532 s
currentSize : 23 <-- 16.119232 s
currentSize : 24 <-- 27.605692 s
currentSize : 27 <-- 27.605732 s
currentSize : 28 <-- 27.607817 s

maxsize : 28
nodes : 7864942.000000
filtered : 74246505.000000
time : 35.678928
