Parameters: GAD=1 vflib=1 dir=0 label=0 vlabel=1 lowerbound=1 fileNameGp=../../cp2016-max-common-connected-subgraph-paper/datasets/graphsdb/mcs50/bvg/b06m/mcs50_b06m_s70.A07 fileNameGt=../../cp2016-max-common-connected-subgraph-paper/datasets/graphsdb/mcs50/bvg/b06m/mcs50_b06m_s70.B07
Reading graphs...
70 :  209
70 :  209
Initializing...
maxdom : 7
D->valSize : 348
Solving...
Blb : 3 (clique : 24)
currentSize : 24 <-- 0.002913 s
currentSize : 25 <-- 0.255944 s
currentSize : 26 <-- 0.690457 s
currentSize : 27 <-- 0.934986 s
currentSize : 28 <-- 1.758396 s
currentSize : 29 <-- 4.193228 s
currentSize : 30 <-- 6.125462 s
currentSize : 31 <-- 20.168411 s
currentSize : 32 <-- 33.359161 s
currentSize : 33 <-- 33.360107 s
currentSize : 34 <-- 33.495934 s
currentSize : 35 <-- 44.032001 s
currentSize : 36 <-- 44.032425 s

maxsize : 36
nodes : 15972352.000000
filtered : 141188261.000000
time : 85.800484
