Parameters: GAD=1 vflib=1 dir=0 label=0 vlabel=1 lowerbound=1 fileNameGp=../../cp2016-max-common-connected-subgraph-paper/datasets/graphsdb/mcs50/m2D/m2Dr2/mcs50_m2Dr2_s60.A06 fileNameGt=../../cp2016-max-common-connected-subgraph-paper/datasets/graphsdb/mcs50/m2D/m2Dr2/mcs50_m2Dr2_s60.B06
Reading graphs...
60 :  115
60 :  113
Initializing...
maxdom : 9
D->valSize : 248
Solving...
Blb : 5 (clique : 23)
currentSize : 23 <-- 0.001795 s
currentSize : 24 <-- 1.354799 s
currentSize : 25 <-- 1.355039 s
currentSize : 26 <-- 1.398122 s
currentSize : 27 <-- 8.439181 s
currentSize : 28 <-- 25.239796 s
currentSize : 29 <-- 214.787949 s
currentSize : 30 <-- 225.744980 s

maxsize : 30
nodes : 96921938.000000
filtered : 666484450.000000
time : 452.726532
