Parameters: GAD=1 vflib=1 dir=0 label=0 vlabel=1 lowerbound=1 fileNameGp=../../cp2016-max-common-connected-subgraph-paper/datasets/graphsdb/mcs50/bvg/b06/mcs50_b06_s50.A08 fileNameGt=../../cp2016-max-common-connected-subgraph-paper/datasets/graphsdb/mcs50/bvg/b06/mcs50_b06_s50.B08
Reading graphs...
50 :  149
50 :  149
Initializing...
maxdom : 9
D->valSize : 330
Solving...
Blb : 2 (clique : 19)
currentSize : 19 <-- 0.003776 s
currentSize : 20 <-- 0.415261 s
currentSize : 21 <-- 1.689097 s
currentSize : 22 <-- 6.721885 s
currentSize : 23 <-- 6.721958 s
currentSize : 25 <-- 6.769099 s
currentSize : 26 <-- 9.313268 s

maxsize : 26
nodes : 2661072.000000
filtered : 32020079.000000
time : 13.182016
