Parameters: GAD=1 vflib=1 dir=0 label=0 vlabel=1 lowerbound=1 fileNameGp=../../cp2016-max-common-connected-subgraph-paper/datasets/graphsdb/mcs50/m2D/m2Dr6/mcs50_m2Dr6_s70.A09 fileNameGt=../../cp2016-max-common-connected-subgraph-paper/datasets/graphsdb/mcs50/m2D/m2Dr6/mcs50_m2Dr6_s70.B09
Reading graphs...
70 :  163
70 :  161
Initializing...
maxdom : 8
D->valSize : 314
Solving...
Blb : 2 (clique : 26)
currentSize : 26 <-- 0.002797 s
currentSize : 27 <-- 0.006198 s
currentSize : 28 <-- 0.208347 s
currentSize : 29 <-- 0.233279 s
currentSize : 30 <-- 1.114953 s
currentSize : 31 <-- 3.085695 s
currentSize : 32 <-- 3.087401 s
currentSize : 33 <-- 16.341238 s
currentSize : 35 <-- 16.443050 s
currentSize : 36 <-- 50.704971 s
currentSize : 37 <-- 162.561615 s

maxsize : 37
nodes : 66901550.000000
filtered : 429676387.000000
time : 330.144714
