Parameters: GAD=1 vflib=1 dir=0 label=0 vlabel=1 lowerbound=1 fileNameGp=../../cp2016-max-common-connected-subgraph-paper/datasets/graphsdb/mcs50/bvg/b06/mcs50_b06_s60.A05 fileNameGt=../../cp2016-max-common-connected-subgraph-paper/datasets/graphsdb/mcs50/bvg/b06/mcs50_b06_s60.B05
Reading graphs...
60 :  178
60 :  180
Initializing...
maxdom : 5
D->valSize : 226
Solving...
Blb : 2 (clique : 21)
currentSize : 21 <-- 0.001685 s
currentSize : 22 <-- 0.001881 s
currentSize : 23 <-- 0.017971 s
currentSize : 24 <-- 0.316483 s
currentSize : 25 <-- 2.423902 s
currentSize : 26 <-- 2.624404 s
currentSize : 27 <-- 3.011699 s
currentSize : 28 <-- 3.012358 s
currentSize : 29 <-- 4.173088 s
currentSize : 30 <-- 4.307056 s
currentSize : 31 <-- 4.307136 s

maxsize : 31
nodes : 1444014.000000
filtered : 9335090.000000
time : 6.802643
