Parameters: GAD=1 vflib=1 dir=0 label=0 vlabel=1 lowerbound=1 fileNameGp=../../cp2016-max-common-connected-subgraph-paper/datasets/graphsdb/mcs50/bvg/b03m/mcs50_b03m_s100.A02 fileNameGt=../../cp2016-max-common-connected-subgraph-paper/datasets/graphsdb/mcs50/bvg/b03m/mcs50_b03m_s100.B02
Reading graphs...
100 :  149
100 :  149
Initializing...
maxdom : 7
D->valSize : 358
Solving...
Blb : 3 (clique : 44)
currentSize : 44 <-- 0.003921 s
currentSize : 46 <-- 0.023367 s
currentSize : 47 <-- 0.026537 s
currentSize : 48 <-- 50.891384 s
currentSize : 49 <-- 189.794403 s
currentSize : 50 <-- 574.101562 s
currentSize : 51 <-- 605.826599 s

TIMEOUT
maxsize : 51
nodes : 189569253.000000
filtered : 701975936.000000
time : 1000.000122
