Parameters: GAD=1 vflib=1 dir=0 label=0 vlabel=1 lowerbound=1 fileNameGp=../../cp2016-max-common-connected-subgraph-paper/datasets/graphsdb/mcs50/m3D/m3Dr4/mcs50_m3Dr4_s60.A07 fileNameGt=../../cp2016-max-common-connected-subgraph-paper/datasets/graphsdb/mcs50/m3D/m3Dr4/mcs50_m3Dr4_s60.B07
Reading graphs...
60 :  153
60 :  155
Initializing...
maxdom : 7
D->valSize : 257
Solving...
Blb : 2 (clique : 18)
currentSize : 18 <-- 0.002957 s
currentSize : 19 <-- 0.003178 s
currentSize : 20 <-- 0.003569 s
currentSize : 21 <-- 0.006538 s
currentSize : 22 <-- 0.233397 s
currentSize : 23 <-- 11.001815 s
currentSize : 24 <-- 13.860899 s
currentSize : 25 <-- 28.796061 s
currentSize : 26 <-- 35.443657 s
currentSize : 27 <-- 35.443745 s
currentSize : 28 <-- 35.673222 s
currentSize : 29 <-- 75.126541 s

maxsize : 29
nodes : 19618830.000000
filtered : 127803980.000000
time : 90.111931
