Parameters: GAD=1 vflib=1 dir=0 label=0 vlabel=1 lowerbound=1 fileNameGp=../../cp2016-max-common-connected-subgraph-paper/datasets/graphsdb/mcs50/m3D/m3Dr2/mcs50_m3Dr2_s60.A03 fileNameGt=../../cp2016-max-common-connected-subgraph-paper/datasets/graphsdb/mcs50/m3D/m3Dr2/mcs50_m3Dr2_s60.B03
Reading graphs...
60 :  144
60 :  145
Initializing...
maxdom : 6
D->valSize : 237
Solving...
Blb : 2 (clique : 19)
currentSize : 19 <-- 0.001720 s
currentSize : 20 <-- 0.001859 s
currentSize : 21 <-- 0.001939 s
currentSize : 22 <-- 0.004062 s
currentSize : 23 <-- 0.006190 s
currentSize : 24 <-- 0.019251 s
currentSize : 26 <-- 0.019309 s
currentSize : 27 <-- 0.031236 s
currentSize : 28 <-- 0.120533 s
currentSize : 29 <-- 0.584494 s

maxsize : 29
nodes : 2292223.000000
filtered : 11945489.000000
time : 9.950429
