Parameters: GAD=1 vflib=1 dir=0 label=0 vlabel=1 lowerbound=1 fileNameGp=../../cp2016-max-common-connected-subgraph-paper/datasets/graphsdb/mcs50/bvg/b09m/mcs50_b09m_s50.A05 fileNameGt=../../cp2016-max-common-connected-subgraph-paper/datasets/graphsdb/mcs50/bvg/b09m/mcs50_b09m_s50.B05
Reading graphs...
50 :  217
50 :  213
Initializing...
maxdom : 12
D->valSize : 333
Solving...
Blb : 2 (clique : 14)
currentSize : 14 <-- 0.003737 s
currentSize : 15 <-- 0.003969 s
currentSize : 16 <-- 0.007584 s
currentSize : 17 <-- 0.030478 s
currentSize : 18 <-- 0.244098 s
currentSize : 19 <-- 1.105334 s
currentSize : 20 <-- 2.767055 s
currentSize : 21 <-- 4.724575 s
currentSize : 22 <-- 5.724025 s
currentSize : 23 <-- 6.124759 s
currentSize : 25 <-- 6.463901 s

maxsize : 25
nodes : 1429000.000000
filtered : 15636827.000000
time : 6.993213
