Parameters: GAD=1 vflib=1 dir=0 label=0 vlabel=1 lowerbound=1 fileNameGp=../../cp2016-max-common-connected-subgraph-paper/datasets/graphsdb/mcs50/bvg/b09/mcs50_b09_s50.A09 fileNameGt=../../cp2016-max-common-connected-subgraph-paper/datasets/graphsdb/mcs50/bvg/b09/mcs50_b09_s50.B09
Reading graphs...
50 :  221
50 :  220
Initializing...
maxdom : 10
D->valSize : 326
Solving...
Blb : 2 (clique : 13)
currentSize : 13 <-- 0.002297 s
currentSize : 15 <-- 0.002558 s
currentSize : 16 <-- 0.074839 s
currentSize : 17 <-- 0.148655 s
currentSize : 18 <-- 0.695436 s
currentSize : 20 <-- 0.810688 s
currentSize : 21 <-- 0.810761 s
currentSize : 22 <-- 0.810884 s
currentSize : 23 <-- 0.910360 s
currentSize : 24 <-- 1.282695 s
currentSize : 25 <-- 1.282884 s
currentSize : 26 <-- 1.282976 s

maxsize : 26
nodes : 360315.000000
filtered : 3911207.000000
time : 1.725713
