Parameters: GAD=1 vflib=1 dir=0 label=0 vlabel=1 lowerbound=1 fileNameGp=../../cp2016-max-common-connected-subgraph-paper/datasets/graphsdb/mcs50/bvg/b06m/mcs50_b06m_s80.A06 fileNameGt=../../cp2016-max-common-connected-subgraph-paper/datasets/graphsdb/mcs50/bvg/b06m/mcs50_b06m_s80.B06
Reading graphs...
80 :  239
80 :  236
Initializing...
maxdom : 8
D->valSize : 419
Solving...
Blb : 2 (clique : 22)
currentSize : 22 <-- 0.004333 s
currentSize : 23 <-- 0.004560 s
currentSize : 24 <-- 0.004756 s
currentSize : 25 <-- 0.004900 s
currentSize : 27 <-- 0.005352 s
currentSize : 28 <-- 0.009321 s
currentSize : 29 <-- 0.016462 s
currentSize : 30 <-- 0.119576 s
currentSize : 32 <-- 0.864027 s
currentSize : 33 <-- 1.903183 s
currentSize : 34 <-- 1.989423 s
currentSize : 36 <-- 2.011734 s
currentSize : 38 <-- 4.180536 s
currentSize : 41 <-- 8.485178 s
currentSize : 42 <-- 41.293777 s

maxsize : 42
nodes : 89004341.000000
filtered : 759359312.000000
time : 524.495178
