Parameters: GAD=1 vflib=1 dir=0 label=0 vlabel=1 lowerbound=1 fileNameGp=../../cp2016-max-common-connected-subgraph-paper/datasets/graphsdb/mcs50/bvg/b06m/mcs50_b06m_s100.A01 fileNameGt=../../cp2016-max-common-connected-subgraph-paper/datasets/graphsdb/mcs50/bvg/b06m/mcs50_b06m_s100.B01
Reading graphs...
100 :  296
100 :  297
Initializing...
maxdom : 7
D->valSize : 393
Solving...
Blb : 2 (clique : 36)
currentSize : 36 <-- 0.004176 s
currentSize : 37 <-- 0.004540 s
currentSize : 38 <-- 0.004957 s
currentSize : 39 <-- 0.007457 s
currentSize : 40 <-- 0.037847 s
currentSize : 41 <-- 0.040584 s
currentSize : 42 <-- 0.205962 s
currentSize : 43 <-- 0.926724 s
currentSize : 44 <-- 1.387480 s
currentSize : 45 <-- 9.328710 s
currentSize : 46 <-- 12.567948 s
currentSize : 47 <-- 56.724010 s
currentSize : 48 <-- 883.066223 s
currentSize : 49 <-- 922.336304 s

TIMEOUT
maxsize : 49
nodes : 192791266.000000
filtered : 651281227.000000
time : 1000.000122
