Parameters: GAD=1 vflib=1 dir=0 label=0 vlabel=1 lowerbound=1 fileNameGp=../../cp2016-max-common-connected-subgraph-paper/datasets/graphsdb/mcs50/bvg/b06/mcs50_b06_s70.A01 fileNameGt=../../cp2016-max-common-connected-subgraph-paper/datasets/graphsdb/mcs50/bvg/b06/mcs50_b06_s70.B01
Reading graphs...
70 :  208
70 :  208
Initializing...
maxdom : 7
D->valSize : 325
Solving...
Blb : 2 (clique : 23)
currentSize : 23 <-- 0.003833 s
currentSize : 24 <-- 0.004058 s
currentSize : 25 <-- 0.004522 s
currentSize : 26 <-- 0.004642 s
currentSize : 27 <-- 0.004775 s
currentSize : 28 <-- 0.004920 s
currentSize : 29 <-- 0.006527 s
currentSize : 30 <-- 0.011986 s
currentSize : 31 <-- 0.012109 s
currentSize : 34 <-- 0.025287 s
currentSize : 35 <-- 0.027888 s
currentSize : 36 <-- 4.725151 s
currentSize : 37 <-- 4.725519 s

maxsize : 37
nodes : 2097532.000000
filtered : 17233273.000000
time : 11.262512
