Parameters: GAD=1 vflib=1 dir=0 label=0 vlabel=1 lowerbound=1 fileNameGp=../../cp2016-max-common-connected-subgraph-paper/datasets/graphsdb/mcs50/rand/r005/mcs50_r005_s100.A05 fileNameGt=../../cp2016-max-common-connected-subgraph-paper/datasets/graphsdb/mcs50/rand/r005/mcs50_r005_s100.B05
Reading graphs...
100 :  481
100 :  483
Initializing...
maxdom : 8
D->valSize : 357
Solving...
Blb : 5 (clique : 21)
currentSize : 21 <-- 0.003700 s
currentSize : 22 <-- 0.008288 s
currentSize : 23 <-- 0.044718 s
currentSize : 24 <-- 0.567054 s
currentSize : 25 <-- 0.932202 s
currentSize : 26 <-- 1.632118 s
currentSize : 27 <-- 2.181618 s
currentSize : 28 <-- 2.190321 s
currentSize : 29 <-- 2.389703 s
currentSize : 30 <-- 3.056080 s
currentSize : 31 <-- 3.056997 s
currentSize : 32 <-- 4.822678 s
currentSize : 33 <-- 4.826711 s
currentSize : 34 <-- 4.827574 s
currentSize : 36 <-- 5.572669 s
currentSize : 38 <-- 6.417332 s
currentSize : 39 <-- 6.496194 s
currentSize : 40 <-- 14.326259 s
currentSize : 42 <-- 15.085768 s
currentSize : 43 <-- 34.248085 s
currentSize : 46 <-- 34.296505 s
currentSize : 50 <-- 43.880943 s

maxsize : 50
nodes : 8553679.000000
filtered : 69739636.000000
time : 57.542000
