Parameters: GAD=1 vflib=1 dir=0 label=0 vlabel=1 lowerbound=1 fileNameGp=../../cp2016-max-common-connected-subgraph-paper/datasets/graphsdb/mcs50/m2D/m2Dr6/mcs50_m2Dr6_s90.A00 fileNameGt=../../cp2016-max-common-connected-subgraph-paper/datasets/graphsdb/mcs50/m2D/m2Dr6/mcs50_m2Dr6_s90.B00
Reading graphs...
90 :  214
90 :  215
Initializing...
maxdom : 9
D->valSize : 526
Solving...
Blb : 2 (clique : 38)
currentSize : 38 <-- 0.010076 s
currentSize : 39 <-- 0.011349 s
currentSize : 40 <-- 0.011406 s
currentSize : 43 <-- 0.014046 s
currentSize : 45 <-- 0.020318 s
currentSize : 46 <-- 2.505964 s

TIMEOUT
maxsize : 46
nodes : 169530890.000000
filtered : 1089930376.000000
time : 1000.000061
