Parameters: GAD=1 vflib=1 dir=0 label=0 vlabel=1 lowerbound=1 fileNameGp=../../cp2016-max-common-connected-subgraph-paper/datasets/graphsdb/mcs50/m2D/m2D/mcs50_m2D_s100.A07 fileNameGt=../../cp2016-max-common-connected-subgraph-paper/datasets/graphsdb/mcs50/m2D/m2D/mcs50_m2D_s100.B07
Reading graphs...
100 :  180
100 :  180
Initializing...
maxdom : 6
D->valSize : 357
Solving...
Blb : 2 (clique : 38)
currentSize : 38 <-- 0.003890 s
currentSize : 39 <-- 0.004191 s
currentSize : 40 <-- 0.005300 s
currentSize : 41 <-- 0.006541 s
currentSize : 42 <-- 0.010318 s
currentSize : 43 <-- 0.031520 s
currentSize : 44 <-- 0.031949 s
currentSize : 45 <-- 0.033465 s
currentSize : 46 <-- 1.160843 s
currentSize : 47 <-- 5.108735 s
currentSize : 48 <-- 45.235134 s
currentSize : 49 <-- 994.815857 s

TIMEOUT
maxsize : 49
nodes : 179271544.000000
filtered : 817247479.000000
time : 1000.000061
