Parameters: GAD=1 vflib=1 dir=0 label=0 vlabel=1 lowerbound=1 fileNameGp=../../cp2016-max-common-connected-subgraph-paper/datasets/graphsdb/mcs50/m3D/m3Dr4/mcs50_m3Dr4_s50.A03 fileNameGt=../../cp2016-max-common-connected-subgraph-paper/datasets/graphsdb/mcs50/m3D/m3Dr4/mcs50_m3Dr4_s50.B03
Reading graphs...
50 :  126
50 :  124
Initializing...
maxdom : 11
D->valSize : 351
Solving...
Blb : 2 (clique : 16)
currentSize : 16 <-- 0.004166 s
currentSize : 17 <-- 0.004387 s
currentSize : 18 <-- 0.004778 s
currentSize : 19 <-- 0.536077 s
currentSize : 20 <-- 0.560809 s
currentSize : 21 <-- 0.956593 s
currentSize : 22 <-- 12.797321 s
currentSize : 23 <-- 20.647568 s
currentSize : 24 <-- 40.512463 s
currentSize : 25 <-- 40.603374 s
currentSize : 26 <-- 40.605999 s
currentSize : 27 <-- 41.274010 s

maxsize : 27
nodes : 11102831.000000
filtered : 115904778.000000
time : 52.061203
