Parameters: GAD=1 vflib=1 dir=0 label=0 vlabel=1 lowerbound=1 fileNameGp=../../cp2016-max-common-connected-subgraph-paper/datasets/graphsdb/mcs50/bvg/b03m/mcs50_b03m_s100.A04 fileNameGt=../../cp2016-max-common-connected-subgraph-paper/datasets/graphsdb/mcs50/bvg/b03m/mcs50_b03m_s100.B04
Reading graphs...
100 :  149
100 :  150
Initializing...
maxdom : 7
D->valSize : 360
Solving...
Blb : 2 (clique : 42)
currentSize : 42 <-- 0.003839 s
currentSize : 43 <-- 0.004169 s
currentSize : 44 <-- 0.004343 s
currentSize : 45 <-- 0.004725 s
currentSize : 46 <-- 0.006478 s
currentSize : 47 <-- 1.321568 s
currentSize : 48 <-- 12.548342 s
currentSize : 49 <-- 69.088020 s
currentSize : 50 <-- 105.186882 s
currentSize : 51 <-- 227.890564 s
currentSize : 52 <-- 255.180222 s
currentSize : 53 <-- 357.323975 s
currentSize : 54 <-- 363.886780 s

TIMEOUT
maxsize : 54
nodes : 200397128.000000
filtered : 592093261.000000
time : 1000.000061
