Parameters: GAD=1 vflib=1 dir=0 label=0 vlabel=1 lowerbound=1 fileNameGp=../../cp2016-max-common-connected-subgraph-paper/datasets/graphsdb/mcs50/m2D/m2Dr4/mcs50_m2Dr4_s80.A04 fileNameGt=../../cp2016-max-common-connected-subgraph-paper/datasets/graphsdb/mcs50/m2D/m2Dr4/mcs50_m2Dr4_s80.B04
Reading graphs...
80 :  172
80 :  171
Initializing...
maxdom : 10
D->valSize : 404
Solving...
Blb : 2 (clique : 30)
currentSize : 30 <-- 0.003844 s
currentSize : 31 <-- 0.005029 s
currentSize : 32 <-- 6.623360 s
currentSize : 33 <-- 44.564808 s
currentSize : 34 <-- 47.345051 s
currentSize : 35 <-- 90.843971 s

TIMEOUT
maxsize : 35
nodes : 180752586.000000
filtered : 1505457284.000000
time : 1000.000000
