Parameters: GAD=1 vflib=1 dir=0 label=0 vlabel=1 lowerbound=1 fileNameGp=../../cp2016-max-common-connected-subgraph-paper/datasets/graphsdb/mcs50/m2D/m2Dr4/mcs50_m2Dr4_s90.A07 fileNameGt=../../cp2016-max-common-connected-subgraph-paper/datasets/graphsdb/mcs50/m2D/m2Dr4/mcs50_m2Dr4_s90.B07
Reading graphs...
90 :  196
90 :  195
Initializing...
maxdom : 10
D->valSize : 538
Solving...
Blb : 2 (clique : 32)
currentSize : 32 <-- 0.010553 s
currentSize : 35 <-- 0.010952 s
currentSize : 36 <-- 0.011369 s
currentSize : 37 <-- 0.044152 s
currentSize : 38 <-- 0.129368 s
currentSize : 39 <-- 0.129981 s
currentSize : 40 <-- 0.132019 s
currentSize : 41 <-- 120.454544 s
currentSize : 42 <-- 120.741409 s
currentSize : 43 <-- 125.166862 s
currentSize : 44 <-- 260.925262 s

TIMEOUT
maxsize : 44
nodes : 159838916.000000
filtered : 1373997398.000000
time : 1000.000061
