Parameters: GAD=1 vflib=1 dir=0 label=0 vlabel=1 lowerbound=1 fileNameGp=../../cp2016-max-common-connected-subgraph-paper/datasets/graphsdb/mcs50/m3D/m3D/mcs50_m3D_s50.A02 fileNameGt=../../cp2016-max-common-connected-subgraph-paper/datasets/graphsdb/mcs50/m3D/m3D/mcs50_m3D_s50.B02
Reading graphs...
50 :  109
50 :  109
Initializing...
maxdom : 10
D->valSize : 326
Solving...
Blb : 3 (clique : 23)
currentSize : 23 <-- 0.002524 s
currentSize : 24 <-- 3.144619 s
currentSize : 25 <-- 3.183792 s
currentSize : 26 <-- 5.526494 s
currentSize : 27 <-- 6.568994 s
currentSize : 28 <-- 6.569451 s
currentSize : 29 <-- 6.575385 s

maxsize : 29
nodes : 2312349.000000
filtered : 17709091.000000
time : 10.051131
