Parameters: GAD=1 vflib=1 dir=0 label=0 vlabel=1 lowerbound=1 fileNameGp=../../cp2016-max-common-connected-subgraph-paper/datasets/graphsdb/mcs50/rand/r02/mcs50_r02_s60.A01 fileNameGt=../../cp2016-max-common-connected-subgraph-paper/datasets/graphsdb/mcs50/rand/r02/mcs50_r02_s60.B01
Reading graphs...
60 :  639
60 :  631
Initializing...
maxdom : 7
D->valSize : 242
Solving...
Blb : 2 (clique : 8)
currentSize : 8 <-- 0.002573 s
currentSize : 9 <-- 0.002842 s
currentSize : 10 <-- 0.003708 s
currentSize : 11 <-- 0.018475 s
currentSize : 12 <-- 0.032627 s
currentSize : 14 <-- 0.032714 s
currentSize : 15 <-- 0.098149 s
currentSize : 17 <-- 0.100394 s
currentSize : 20 <-- 0.110577 s
currentSize : 23 <-- 0.140805 s
currentSize : 26 <-- 0.142350 s
currentSize : 30 <-- 0.142466 s

maxsize : 30
nodes : 27624.000000
filtered : 232710.000000
time : 0.163900
