Parameters: GAD=1 vflib=1 dir=0 label=0 vlabel=1 lowerbound=1 fileNameGp=../../cp2016-max-common-connected-subgraph-paper/datasets/graphsdb/mcs50/bvg/b09/mcs50_b09_s50.A06 fileNameGt=../../cp2016-max-common-connected-subgraph-paper/datasets/graphsdb/mcs50/bvg/b09/mcs50_b09_s50.B06
Reading graphs...
50 :  221
50 :  220
Initializing...
maxdom : 9
D->valSize : 348
Solving...
Blb : 2 (clique : 16)
currentSize : 16 <-- 0.002498 s
currentSize : 17 <-- 0.056032 s
currentSize : 18 <-- 0.063382 s
currentSize : 19 <-- 0.105993 s
currentSize : 20 <-- 1.114781 s
currentSize : 21 <-- 1.685423 s
currentSize : 22 <-- 2.989821 s
currentSize : 23 <-- 4.093333 s
currentSize : 24 <-- 4.093519 s

maxsize : 24
nodes : 1458169.000000
filtered : 18366054.000000
time : 7.376197
