Parameters: GAD=1 vflib=1 dir=0 label=0 vlabel=1 lowerbound=1 fileNameGp=../../cp2016-max-common-connected-subgraph-paper/datasets/graphsdb/mcs50/bvg/b09/mcs50_b09_s70.A04 fileNameGt=../../cp2016-max-common-connected-subgraph-paper/datasets/graphsdb/mcs50/bvg/b09/mcs50_b09_s70.B04
Reading graphs...
70 :  311
70 :  314
Initializing...
maxdom : 8
D->valSize : 332
Solving...
Blb : 5 (clique : 18)
currentSize : 18 <-- 0.002818 s
currentSize : 19 <-- 0.004219 s
currentSize : 20 <-- 0.025952 s
currentSize : 21 <-- 0.026040 s
currentSize : 22 <-- 0.050443 s
currentSize : 23 <-- 0.065996 s
currentSize : 24 <-- 0.305966 s
currentSize : 25 <-- 0.323987 s
currentSize : 26 <-- 2.627054 s
currentSize : 27 <-- 2.627342 s
currentSize : 28 <-- 2.628393 s
currentSize : 29 <-- 3.690786 s
currentSize : 30 <-- 3.691211 s
currentSize : 31 <-- 3.693176 s
currentSize : 33 <-- 3.693313 s
currentSize : 34 <-- 3.693879 s

maxsize : 34
nodes : 1944045.000000
filtered : 12531890.000000
time : 9.722722
