Parameters: GAD=1 vflib=1 dir=0 label=0 vlabel=1 lowerbound=1 fileNameGp=../../cp2016-max-common-connected-subgraph-paper/datasets/graphsdb/mcs50/rand/r01/mcs50_r01_s60.A03 fileNameGt=../../cp2016-max-common-connected-subgraph-paper/datasets/graphsdb/mcs50/rand/r01/mcs50_r01_s60.B03
Reading graphs...
60 :  342
60 :  333
Initializing...
maxdom : 7
D->valSize : 245
Solving...
Blb : 2 (clique : 13)
currentSize : 13 <-- 0.002627 s
currentSize : 14 <-- 0.002795 s
currentSize : 15 <-- 0.003405 s
currentSize : 16 <-- 0.005045 s
currentSize : 17 <-- 0.011780 s
currentSize : 18 <-- 0.100965 s
currentSize : 19 <-- 0.101052 s
currentSize : 20 <-- 0.101184 s
currentSize : 21 <-- 0.101522 s
currentSize : 22 <-- 0.102229 s
currentSize : 23 <-- 0.102469 s
currentSize : 24 <-- 0.190069 s
currentSize : 25 <-- 0.278142 s
currentSize : 26 <-- 0.297075 s
currentSize : 27 <-- 0.424407 s
currentSize : 30 <-- 0.477382 s

maxsize : 30
nodes : 103888.000000
filtered : 914535.000000
time : 0.543822
