Parameters: GAD=1 vflib=1 dir=0 label=0 vlabel=1 lowerbound=1 fileNameGp=../../cp2016-max-common-connected-subgraph-paper/datasets/graphsdb/mcs50/bvg/b06/mcs50_b06_s70.A03 fileNameGt=../../cp2016-max-common-connected-subgraph-paper/datasets/graphsdb/mcs50/bvg/b06/mcs50_b06_s70.B03
Reading graphs...
70 :  208
70 :  207
Initializing...
maxdom : 9
D->valSize : 350
Solving...
Blb : 2 (clique : 20)
currentSize : 20 <-- 0.002976 s
currentSize : 23 <-- 0.003121 s
currentSize : 24 <-- 0.046135 s
currentSize : 25 <-- 0.231978 s
currentSize : 26 <-- 0.297843 s
currentSize : 27 <-- 0.397634 s
currentSize : 28 <-- 1.106513 s
currentSize : 29 <-- 1.106587 s
currentSize : 30 <-- 3.582477 s
currentSize : 31 <-- 3.582728 s
currentSize : 32 <-- 3.755021 s
currentSize : 33 <-- 15.678479 s
currentSize : 34 <-- 15.759347 s
currentSize : 35 <-- 15.759527 s
currentSize : 36 <-- 169.999939 s

maxsize : 36
nodes : 81676979.000000
filtered : 583385390.000000
time : 413.539825
