Parameters: GAD=1 vflib=1 dir=0 label=0 vlabel=1 lowerbound=1 fileNameGp=../../cp2016-max-common-connected-subgraph-paper/datasets/graphsdb/mcs50/bvg/b03m/mcs50_b03m_s50.A09 fileNameGt=../../cp2016-max-common-connected-subgraph-paper/datasets/graphsdb/mcs50/bvg/b03m/mcs50_b03m_s50.B09
Reading graphs...
50 :  73
50 :  73
Initializing...
maxdom : 11
D->valSize : 355
Solving...
Blb : 2 (clique : 22)
currentSize : 22 <-- 0.002890 s
currentSize : 23 <-- 0.003065 s
currentSize : 24 <-- 0.003285 s
currentSize : 25 <-- 0.006316 s
currentSize : 26 <-- 6.456537 s
currentSize : 27 <-- 281.247528 s
currentSize : 28 <-- 483.709198 s

maxsize : 28
nodes : 103766096.000000
filtered : 1361466967.000000
time : 585.449280
