Parameters: GAD=1 vflib=1 dir=0 label=0 vlabel=1 lowerbound=1 fileNameGp=../../cp2016-max-common-connected-subgraph-paper/datasets/graphsdb/mcs50/m3D/m3Dr6/mcs50_m3Dr6_s60.A02 fileNameGt=../../cp2016-max-common-connected-subgraph-paper/datasets/graphsdb/mcs50/m3D/m3Dr6/mcs50_m3Dr6_s60.B02
Reading graphs...
60 :  170
60 :  168
Initializing...
maxdom : 9
D->valSize : 272
Solving...
Blb : 2 (clique : 19)
currentSize : 19 <-- 0.003151 s
currentSize : 23 <-- 0.003319 s
currentSize : 24 <-- 0.003539 s
currentSize : 25 <-- 0.003673 s
currentSize : 26 <-- 0.004850 s
currentSize : 27 <-- 0.005008 s
currentSize : 28 <-- 0.070781 s
currentSize : 29 <-- 2.724616 s

maxsize : 29
nodes : 1396254.000000
filtered : 10078929.000000
time : 6.523846
