Parameters: GAD=1 vflib=1 dir=0 label=0 vlabel=1 lowerbound=1 fileNameGp=../../cp2016-max-common-connected-subgraph-paper/datasets/graphsdb/mcs50/rand/r01/mcs50_r01_s80.A00 fileNameGt=../../cp2016-max-common-connected-subgraph-paper/datasets/graphsdb/mcs50/rand/r01/mcs50_r01_s80.B00
Reading graphs...
80 :  599
80 :  599
Initializing...
maxdom : 11
D->valSize : 478
Solving...
Blb : 2 (clique : 17)
currentSize : 17 <-- 0.007511 s
currentSize : 18 <-- 0.007922 s
currentSize : 19 <-- 0.008883 s
currentSize : 20 <-- 0.328536 s
currentSize : 21 <-- 0.351619 s
currentSize : 23 <-- 4.617645 s
currentSize : 24 <-- 4.635976 s
currentSize : 27 <-- 4.642233 s
currentSize : 29 <-- 4.646463 s
currentSize : 30 <-- 9.620258 s
currentSize : 31 <-- 11.132472 s
currentSize : 33 <-- 11.132948 s
currentSize : 40 <-- 11.181196 s

maxsize : 40
nodes : 2028906.000000
filtered : 24089111.000000
time : 12.835584
