Parameters: GAD=1 vflib=1 dir=0 label=0 vlabel=1 lowerbound=1 fileNameGp=../../cp2016-max-common-connected-subgraph-paper/datasets/graphsdb/mcs50/bvg/b09/mcs50_b09_s50.A08 fileNameGt=../../cp2016-max-common-connected-subgraph-paper/datasets/graphsdb/mcs50/bvg/b09/mcs50_b09_s50.B08
Reading graphs...
50 :  222
50 :  222
Initializing...
maxdom : 9
D->valSize : 309
Solving...
Blb : 2 (clique : 14)
currentSize : 14 <-- 0.003373 s
currentSize : 15 <-- 0.004312 s
currentSize : 16 <-- 0.035216 s
currentSize : 17 <-- 0.035462 s
currentSize : 18 <-- 0.036240 s
currentSize : 19 <-- 0.274916 s
currentSize : 20 <-- 0.275059 s
currentSize : 21 <-- 0.275114 s
currentSize : 23 <-- 0.275287 s
currentSize : 24 <-- 0.275407 s

maxsize : 24
nodes : 247027.000000
filtered : 2367838.000000
time : 1.179432
