Parameters: GAD=1 vflib=1 dir=0 label=0 vlabel=1 lowerbound=1 fileNameGp=../../cp2016-max-common-connected-subgraph-paper/datasets/graphsdb/mcs50/m3D/m3D/mcs50_m3D_s50.A06 fileNameGt=../../cp2016-max-common-connected-subgraph-paper/datasets/graphsdb/mcs50/m3D/m3D/mcs50_m3D_s50.B06
Reading graphs...
50 :  109
50 :  109
Initializing...
maxdom : 10
D->valSize : 328
Solving...
Blb : 2 (clique : 20)
currentSize : 20 <-- 0.002498 s
currentSize : 21 <-- 0.002671 s
currentSize : 22 <-- 0.003496 s
currentSize : 23 <-- 0.007301 s
currentSize : 24 <-- 2.463037 s
currentSize : 26 <-- 4.679045 s
currentSize : 28 <-- 4.679111 s
currentSize : 29 <-- 4.679171 s

maxsize : 29
nodes : 1804257.000000
filtered : 18346394.000000
time : 8.850346
