Parameters: GAD=1 vflib=1 dir=0 label=0 vlabel=1 lowerbound=1 fileNameGp=../../cp2016-max-common-connected-subgraph-paper/datasets/graphsdb/mcs50/m2D/m2Dr2/mcs50_m2Dr2_s70.A08 fileNameGt=../../cp2016-max-common-connected-subgraph-paper/datasets/graphsdb/mcs50/m2D/m2Dr2/mcs50_m2Dr2_s70.B08
Reading graphs...
70 :  137
70 :  137
Initializing...
maxdom : 6
D->valSize : 318
Solving...
Blb : 3 (clique : 26)
currentSize : 26 <-- 0.002681 s
currentSize : 27 <-- 0.002990 s
currentSize : 28 <-- 0.003205 s
currentSize : 29 <-- 0.020897 s
currentSize : 30 <-- 65.855499 s
currentSize : 31 <-- 134.967041 s
currentSize : 32 <-- 156.958923 s
currentSize : 33 <-- 157.145447 s
currentSize : 34 <-- 157.425583 s
currentSize : 35 <-- 419.850922 s
currentSize : 36 <-- 419.879730 s
currentSize : 37 <-- 420.018951 s
currentSize : 38 <-- 420.040802 s
currentSize : 39 <-- 539.560791 s
currentSize : 40 <-- 539.573181 s

maxsize : 40
nodes : 180723034.000000
filtered : 1240796410.000000
time : 892.281677
