Parameters: GAD=1 vflib=1 dir=0 label=0 vlabel=1 lowerbound=1 fileNameGp=../../cp2016-max-common-connected-subgraph-paper/datasets/graphsdb/mcs50/rand/r005/mcs50_r005_s50.A05 fileNameGt=../../cp2016-max-common-connected-subgraph-paper/datasets/graphsdb/mcs50/rand/r005/mcs50_r005_s50.B05
Reading graphs...
50 :  120
50 :  117
Initializing...
maxdom : 10
D->valSize : 354
Solving...
Blb : 2 (clique : 18)
currentSize : 18 <-- 0.002738 s
currentSize : 19 <-- 0.002871 s
currentSize : 20 <-- 0.002935 s
currentSize : 21 <-- 0.003032 s
currentSize : 22 <-- 0.003246 s
currentSize : 23 <-- 0.003731 s
currentSize : 24 <-- 0.004091 s
currentSize : 25 <-- 0.005247 s
currentSize : 26 <-- 0.387884 s
currentSize : 28 <-- 7.595294 s

maxsize : 28
nodes : 2790584.000000
filtered : 37357797.000000
time : 15.395587
