Parameters: GAD=1 vflib=1 dir=0 label=0 vlabel=1 lowerbound=1 fileNameGp=../../cp2016-max-common-connected-subgraph-paper/datasets/graphsdb/mcs50/bvg/b06m/mcs50_b06m_s100.A08 fileNameGt=../../cp2016-max-common-connected-subgraph-paper/datasets/graphsdb/mcs50/bvg/b06m/mcs50_b06m_s100.B08
Reading graphs...
100 :  297
100 :  296
Initializing...
maxdom : 6
D->valSize : 331
Solving...
Blb : 2 (clique : 35)
currentSize : 35 <-- 0.005577 s
currentSize : 36 <-- 0.010554 s
currentSize : 37 <-- 0.051335 s
currentSize : 38 <-- 0.092303 s
currentSize : 41 <-- 0.093050 s
currentSize : 44 <-- 1.071268 s
currentSize : 45 <-- 4.039803 s
currentSize : 46 <-- 4.041642 s
currentSize : 47 <-- 33.149830 s
currentSize : 48 <-- 33.152321 s
currentSize : 49 <-- 35.082615 s
currentSize : 50 <-- 35.083553 s
currentSize : 51 <-- 35.085705 s
currentSize : 52 <-- 561.561218 s

TIMEOUT
maxsize : 52
nodes : 199077375.000000
filtered : 615309103.000000
time : 1000.000061
