Parameters: GAD=1 vflib=1 dir=0 label=0 vlabel=1 lowerbound=1 fileNameGp=../../cp2016-max-common-connected-subgraph-paper/datasets/graphsdb/mcs50/rand/r005/mcs50_r005_s60.A04 fileNameGt=../../cp2016-max-common-connected-subgraph-paper/datasets/graphsdb/mcs50/rand/r005/mcs50_r005_s60.B04
Reading graphs...
60 :  175
60 :  170
Initializing...
maxdom : 8
D->valSize : 233
Solving...
Blb : 2 (clique : 18)
currentSize : 18 <-- 0.002592 s
currentSize : 19 <-- 0.002957 s
currentSize : 20 <-- 0.086600 s
currentSize : 21 <-- 0.086702 s
currentSize : 22 <-- 0.185232 s
currentSize : 23 <-- 1.622507 s
currentSize : 24 <-- 2.061680 s
currentSize : 25 <-- 2.855212 s
currentSize : 26 <-- 3.649071 s
currentSize : 27 <-- 3.649559 s
currentSize : 28 <-- 3.661147 s
currentSize : 29 <-- 5.248563 s
currentSize : 30 <-- 5.739626 s

maxsize : 30
nodes : 1355876.000000
filtered : 9528284.000000
time : 6.602699
