Parameters: GAD=1 vflib=1 dir=0 label=0 vlabel=1 lowerbound=1 fileNameGp=../../cp2016-max-common-connected-subgraph-paper/datasets/graphsdb/mcs50/bvg/b06m/mcs50_b06m_s90.A01 fileNameGt=../../cp2016-max-common-connected-subgraph-paper/datasets/graphsdb/mcs50/bvg/b06m/mcs50_b06m_s90.B01
Reading graphs...
90 :  266
90 :  268
Initializing...
maxdom : 12
D->valSize : 588
Solving...
Blb : 5 (clique : 28)
currentSize : 28 <-- 0.007258 s
currentSize : 29 <-- 0.007816 s
currentSize : 30 <-- 0.009156 s
currentSize : 31 <-- 0.175095 s
currentSize : 32 <-- 6.974460 s
currentSize : 33 <-- 7.981968 s
currentSize : 34 <-- 54.438320 s
currentSize : 35 <-- 54.438416 s
currentSize : 36 <-- 58.672024 s
currentSize : 37 <-- 105.283775 s
currentSize : 38 <-- 125.094841 s
currentSize : 39 <-- 195.501724 s
currentSize : 40 <-- 371.426147 s
currentSize : 41 <-- 371.677979 s
currentSize : 42 <-- 371.739319 s
currentSize : 43 <-- 371.741364 s

TIMEOUT
maxsize : 43
nodes : 158683559.000000
filtered : 1482713028.000000
time : 1000.000061
