Parameters: GAD=1 vflib=1 dir=0 label=0 vlabel=1 lowerbound=1 fileNameGp=../../cp2016-max-common-connected-subgraph-paper/datasets/graphsdb/mcs50/m3D/m3Dr2/mcs50_m3Dr2_s60.A09 fileNameGt=../../cp2016-max-common-connected-subgraph-paper/datasets/graphsdb/mcs50/m3D/m3Dr2/mcs50_m3Dr2_s60.B09
Reading graphs...
60 :  146
60 :  140
Initializing...
maxdom : 7
D->valSize : 238
Solving...
Blb : 3 (clique : 22)
currentSize : 22 <-- 0.002712 s
currentSize : 23 <-- 0.012305 s
currentSize : 24 <-- 0.060177 s
currentSize : 25 <-- 0.365986 s
currentSize : 26 <-- 0.409839 s
currentSize : 27 <-- 2.385448 s
currentSize : 28 <-- 2.994171 s
currentSize : 29 <-- 4.135811 s

maxsize : 29
nodes : 7591402.000000
filtered : 51155550.000000
time : 35.207943
