Parameters: GAD=1 vflib=1 dir=0 label=0 vlabel=1 lowerbound=1 fileNameGp=../../cp2016-max-common-connected-subgraph-paper/datasets/graphsdb/mcs50/bvg/b09/mcs50_b09_s70.A06 fileNameGt=../../cp2016-max-common-connected-subgraph-paper/datasets/graphsdb/mcs50/bvg/b09/mcs50_b09_s70.B06
Reading graphs...
70 :  313
70 :  312
Initializing...
maxdom : 8
D->valSize : 348
Solving...
Blb : 2 (clique : 19)
currentSize : 19 <-- 0.004688 s
currentSize : 20 <-- 0.007724 s
currentSize : 21 <-- 0.061730 s
currentSize : 22 <-- 0.075298 s
currentSize : 23 <-- 1.520877 s
currentSize : 24 <-- 1.543589 s
currentSize : 25 <-- 1.543686 s
currentSize : 27 <-- 39.838280 s
currentSize : 28 <-- 39.838352 s
currentSize : 29 <-- 39.838440 s
currentSize : 30 <-- 39.842937 s
currentSize : 31 <-- 39.842999 s
currentSize : 32 <-- 39.975834 s
currentSize : 33 <-- 39.980423 s
currentSize : 34 <-- 39.980537 s

maxsize : 34
nodes : 12373976.000000
filtered : 99216861.000000
time : 65.060463
