Parameters: GAD=1 vflib=1 dir=0 label=0 vlabel=1 lowerbound=1 fileNameGp=../../cp2016-max-common-connected-subgraph-paper/datasets/graphsdb/mcs50/m2D/m2Dr4/mcs50_m2Dr4_s50.A07 fileNameGt=../../cp2016-max-common-connected-subgraph-paper/datasets/graphsdb/mcs50/m2D/m2Dr4/mcs50_m2Dr4_s50.B07
Reading graphs...
50 :  101
50 :  102
Initializing...
maxdom : 11
D->valSize : 342
Solving...
Blb : 2 (clique : 21)
currentSize : 21 <-- 0.004232 s
currentSize : 22 <-- 0.013376 s
currentSize : 23 <-- 0.117664 s
currentSize : 24 <-- 26.443022 s
currentSize : 25 <-- 34.909081 s
currentSize : 26 <-- 93.427818 s
currentSize : 27 <-- 118.796417 s
currentSize : 28 <-- 118.812721 s

maxsize : 28
nodes : 25505431.000000
filtered : 298549019.000000
time : 129.440613
