Parameters: GAD=1 vflib=1 dir=0 label=0 vlabel=1 lowerbound=1 fileNameGp=../../cp2016-max-common-connected-subgraph-paper/datasets/graphsdb/mcs50/rand/r02/mcs50_r02_s90.A04 fileNameGt=../../cp2016-max-common-connected-subgraph-paper/datasets/graphsdb/mcs50/rand/r02/mcs50_r02_s90.B04
Reading graphs...
90 :  1428
90 :  1436
Initializing...
maxdom : 11
D->valSize : 570
Solving...
Blb : 2 (clique : 12)
currentSize : 12 <-- 0.006480 s
currentSize : 13 <-- 0.006662 s
currentSize : 16 <-- 0.007015 s
currentSize : 19 <-- 0.013810 s
currentSize : 20 <-- 0.016466 s
currentSize : 27 <-- 0.016592 s
currentSize : 32 <-- 0.964962 s
currentSize : 33 <-- 2.359681 s
currentSize : 45 <-- 2.363548 s

maxsize : 45
nodes : 351172.000000
filtered : 6736028.000000
time : 2.817506
