Parameters: GAD=1 vflib=1 dir=0 label=0 vlabel=1 lowerbound=1 fileNameGp=../../cp2016-max-common-connected-subgraph-paper/datasets/graphsdb/mcs50/m2D/m2D/mcs50_m2D_s90.A05 fileNameGt=../../cp2016-max-common-connected-subgraph-paper/datasets/graphsdb/mcs50/m2D/m2D/mcs50_m2D_s90.B05
Reading graphs...
90 :  160
90 :  160
Initializing...
maxdom : 13
D->valSize : 612
Solving...
Blb : 2 (clique : 39)
currentSize : 39 <-- 0.012983 s
currentSize : 41 <-- 0.013466 s
currentSize : 42 <-- 0.013548 s
currentSize : 43 <-- 0.013825 s
currentSize : 44 <-- 0.014105 s
currentSize : 45 <-- 82.998177 s
currentSize : 46 <-- 338.388885 s
currentSize : 47 <-- 447.564606 s

TIMEOUT
maxsize : 47
nodes : 180586588.000000
filtered : 1084269922.000000
time : 1000.000122
