Parameters: GAD=1 vflib=1 dir=0 label=0 vlabel=1 lowerbound=1 fileNameGp=../../cp2016-max-common-connected-subgraph-paper/datasets/graphsdb/mcs50/bvg/b03m/mcs50_b03m_s80.A04 fileNameGt=../../cp2016-max-common-connected-subgraph-paper/datasets/graphsdb/mcs50/bvg/b03m/mcs50_b03m_s80.B04
Reading graphs...
80 :  120
80 :  120
Initializing...
maxdom : 9
D->valSize : 464
Solving...
Blb : 2 (clique : 40)
currentSize : 40 <-- 0.008153 s
currentSize : 41 <-- 0.008833 s
currentSize : 42 <-- 0.009488 s
currentSize : 43 <-- 10.931227 s
currentSize : 44 <-- 11.678632 s
currentSize : 45 <-- 19.945633 s
currentSize : 46 <-- 19.947931 s
currentSize : 47 <-- 468.827179 s

TIMEOUT
maxsize : 47
nodes : 203246960.000000
filtered : 933735220.000000
time : 1000.000061
