Parameters: GAD=1 vflib=1 dir=0 label=0 vlabel=1 lowerbound=1 fileNameGp=../../cp2016-max-common-connected-subgraph-paper/datasets/graphsdb/mcs50/m2D/m2D/mcs50_m2D_s50.A07 fileNameGt=../../cp2016-max-common-connected-subgraph-paper/datasets/graphsdb/mcs50/m2D/m2D/mcs50_m2D_s50.B07
Reading graphs...
50 :  85
50 :  84
Initializing...
maxdom : 10
D->valSize : 310
Solving...
Blb : 3 (clique : 21)
currentSize : 21 <-- 0.003667 s
currentSize : 22 <-- 0.004131 s
currentSize : 23 <-- 0.013477 s
currentSize : 24 <-- 0.046385 s
currentSize : 25 <-- 1.186499 s
currentSize : 26 <-- 4.001751 s
currentSize : 27 <-- 5.510169 s
currentSize : 28 <-- 5.647766 s
currentSize : 29 <-- 6.119338 s
currentSize : 30 <-- 6.292158 s
currentSize : 31 <-- 6.562348 s

maxsize : 31
nodes : 1550248.000000
filtered : 13997202.000000
time : 7.625691
