Parameters: GAD=1 vflib=1 dir=0 label=0 vlabel=1 lowerbound=1 fileNameGp=../../cp2016-max-common-connected-subgraph-paper/datasets/graphsdb/mcs50/m4D/m4Dr6/mcs50_m4Dr6_s40.A07 fileNameGt=../../cp2016-max-common-connected-subgraph-paper/datasets/graphsdb/mcs50/m4D/m4Dr6/mcs50_m4Dr6_s40.B07
Reading graphs...
40 :  93
40 :  92
Initializing...
maxdom : 8
D->valSize : 226
Solving...
Blb : 2 (clique : 14)
currentSize : 14 <-- 0.001622 s
currentSize : 15 <-- 0.001705 s
currentSize : 16 <-- 0.001759 s
currentSize : 17 <-- 0.001980 s
currentSize : 18 <-- 0.190091 s
currentSize : 19 <-- 0.857087 s
currentSize : 20 <-- 0.858040 s
currentSize : 21 <-- 2.270354 s

maxsize : 21
nodes : 645003.000000
filtered : 5017335.000000
time : 2.522977
