Parameters: GAD=1 vflib=1 dir=0 label=0 vlabel=1 lowerbound=1 fileNameGp=../../cp2016-max-common-connected-subgraph-paper/datasets/graphsdb/mcs50/bvg/b09/mcs50_b09_s80.A07 fileNameGt=../../cp2016-max-common-connected-subgraph-paper/datasets/graphsdb/mcs50/bvg/b09/mcs50_b09_s80.B07
Reading graphs...
80 :  357
80 :  356
Initializing...
maxdom : 9
D->valSize : 409
Solving...
Blb : 2 (clique : 24)
currentSize : 24 <-- 0.003957 s
currentSize : 26 <-- 1.724302 s
currentSize : 27 <-- 7.554117 s
currentSize : 28 <-- 17.066832 s
currentSize : 34 <-- 23.681908 s
currentSize : 36 <-- 23.682100 s
currentSize : 38 <-- 36.538338 s
currentSize : 39 <-- 58.963543 s
currentSize : 40 <-- 114.012756 s

maxsize : 40
nodes : 27297632.000000
filtered : 203421934.000000
time : 152.767670
