Parameters: GAD=1 vflib=1 dir=0 label=0 vlabel=1 lowerbound=1 fileNameGp=../../cp2016-max-common-connected-subgraph-paper/datasets/graphsdb/mcs50/m3D/m3Dr6/mcs50_m3Dr6_s60.A04 fileNameGt=../../cp2016-max-common-connected-subgraph-paper/datasets/graphsdb/mcs50/m3D/m3Dr6/mcs50_m3Dr6_s60.B04
Reading graphs...
60 :  170
60 :  170
Initializing...
maxdom : 9
D->valSize : 236
Solving...
Blb : 2 (clique : 18)
currentSize : 18 <-- 0.001742 s
currentSize : 19 <-- 0.006219 s
currentSize : 20 <-- 0.009980 s
currentSize : 21 <-- 0.020337 s
currentSize : 22 <-- 0.401628 s
currentSize : 23 <-- 2.587980 s
currentSize : 24 <-- 3.315551 s
currentSize : 25 <-- 5.650982 s
currentSize : 26 <-- 7.166496 s
currentSize : 27 <-- 7.264537 s
currentSize : 28 <-- 7.264657 s
currentSize : 29 <-- 7.269428 s

maxsize : 29
nodes : 1829109.000000
filtered : 10724284.000000
time : 8.244991
