Parameters: GAD=1 vflib=1 dir=0 label=0 vlabel=1 lowerbound=1 fileNameGp=../../cp2016-max-common-connected-subgraph-paper/datasets/graphsdb/mcs50/m2D/m2D/mcs50_m2D_s100.A09 fileNameGt=../../cp2016-max-common-connected-subgraph-paper/datasets/graphsdb/mcs50/m2D/m2D/mcs50_m2D_s100.B09
Reading graphs...
100 :  180
100 :  180
Initializing...
maxdom : 9
D->valSize : 336
Solving...
Blb : 2 (clique : 35)
currentSize : 35 <-- 0.005592 s
currentSize : 36 <-- 0.006299 s
currentSize : 37 <-- 0.006444 s
currentSize : 38 <-- 0.007869 s
currentSize : 39 <-- 0.073733 s
currentSize : 40 <-- 0.672419 s
currentSize : 41 <-- 0.763677 s
currentSize : 42 <-- 0.826667 s
currentSize : 43 <-- 1.542324 s
currentSize : 44 <-- 2.150210 s
currentSize : 45 <-- 8.252167 s
currentSize : 46 <-- 8.724202 s

TIMEOUT
maxsize : 46
nodes : 196549725.000000
filtered : 641411163.000000
time : 1000.000061
