Parameters: GAD=1 vflib=1 dir=0 label=0 vlabel=1 lowerbound=1 fileNameGp=../../cp2016-max-common-connected-subgraph-paper/datasets/graphsdb/mcs50/rand/r005/mcs50_r005_s60.A09 fileNameGt=../../cp2016-max-common-connected-subgraph-paper/datasets/graphsdb/mcs50/rand/r005/mcs50_r005_s60.B09
Reading graphs...
60 :  173
60 :  165
Initializing...
maxdom : 10
D->valSize : 253
Solving...
Blb : 2 (clique : 19)
currentSize : 19 <-- 0.002994 s
currentSize : 20 <-- 0.003222 s
currentSize : 21 <-- 0.078797 s
currentSize : 22 <-- 0.564067 s
currentSize : 23 <-- 1.319125 s
currentSize : 24 <-- 3.926392 s
currentSize : 25 <-- 11.159941 s
currentSize : 26 <-- 11.290744 s
currentSize : 27 <-- 11.363259 s
currentSize : 28 <-- 14.538474 s
currentSize : 29 <-- 14.957481 s
currentSize : 30 <-- 14.961860 s

maxsize : 30
nodes : 3387496.000000
filtered : 26937051.000000
time : 16.700903
