Parameters: GAD=1 vflib=1 dir=0 label=0 vlabel=1 lowerbound=1 fileNameGp=../../cp2016-max-common-connected-subgraph-paper/datasets/graphsdb/mcs50/bvg/b03m/mcs50_b03m_s90.A04 fileNameGt=../../cp2016-max-common-connected-subgraph-paper/datasets/graphsdb/mcs50/bvg/b03m/mcs50_b03m_s90.B04
Reading graphs...
90 :  135
90 :  135
Initializing...
maxdom : 10
D->valSize : 572
Solving...
Blb : 2 (clique : 36)
currentSize : 36 <-- 0.011903 s
currentSize : 41 <-- 0.012406 s
currentSize : 42 <-- 0.012829 s
currentSize : 43 <-- 0.014855 s
currentSize : 44 <-- 0.026683 s
currentSize : 45 <-- 0.030185 s
currentSize : 46 <-- 0.062155 s
currentSize : 47 <-- 0.108672 s
currentSize : 48 <-- 74.283562 s
currentSize : 49 <-- 219.549118 s
currentSize : 50 <-- 219.551422 s
currentSize : 51 <-- 219.637436 s
currentSize : 52 <-- 219.637711 s

TIMEOUT
maxsize : 52
nodes : 164693732.000000
filtered : 1391999440.000000
time : 1000.000061
