Parameters: GAD=1 vflib=1 dir=0 label=0 vlabel=1 lowerbound=1 fileNameGp=../../cp2016-max-common-connected-subgraph-paper/datasets/graphsdb/mcs50/bvg/b03m/mcs50_b03m_s60.A01 fileNameGt=../../cp2016-max-common-connected-subgraph-paper/datasets/graphsdb/mcs50/bvg/b03m/mcs50_b03m_s60.B01
Reading graphs...
60 :  90
60 :  90
Initializing...
maxdom : 5
D->valSize : 235
Solving...
Blb : 3 (clique : 26)
currentSize : 26 <-- 0.002342 s
currentSize : 27 <-- 0.004100 s
currentSize : 28 <-- 0.008996 s
currentSize : 29 <-- 0.020034 s
currentSize : 30 <-- 0.041612 s
currentSize : 31 <-- 10.683958 s
currentSize : 32 <-- 47.626492 s
currentSize : 33 <-- 180.684631 s
currentSize : 34 <-- 180.781799 s
currentSize : 35 <-- 222.204498 s

maxsize : 35
nodes : 60090603.000000
filtered : 314319409.000000
time : 259.648407
