Parameters: GAD=1 vflib=1 dir=0 label=0 vlabel=1 lowerbound=1 fileNameGp=../../cp2016-max-common-connected-subgraph-paper/datasets/graphsdb/mcs50/m3D/m3Dr2/mcs50_m3Dr2_s50.A02 fileNameGt=../../cp2016-max-common-connected-subgraph-paper/datasets/graphsdb/mcs50/m3D/m3Dr2/mcs50_m3Dr2_s50.B02
Reading graphs...
50 :  116
50 :  116
Initializing...
maxdom : 11
D->valSize : 372
Solving...
Blb : 2 (clique : 17)
currentSize : 17 <-- 0.004729 s
currentSize : 18 <-- 0.016285 s
currentSize : 19 <-- 0.074536 s
currentSize : 20 <-- 0.112088 s
currentSize : 21 <-- 0.163340 s
currentSize : 22 <-- 0.490823 s
currentSize : 23 <-- 1.027687 s
currentSize : 24 <-- 2.608953 s
currentSize : 25 <-- 4.203038 s
currentSize : 26 <-- 5.881593 s
currentSize : 27 <-- 5.881958 s
currentSize : 28 <-- 5.959922 s
currentSize : 29 <-- 5.962104 s

maxsize : 29
nodes : 1676411.000000
filtered : 23727876.000000
time : 9.169070
