Parameters: GAD=1 vflib=1 dir=0 label=0 vlabel=1 lowerbound=1 fileNameGp=../../cp2016-max-common-connected-subgraph-paper/datasets/graphsdb/mcs50/rand/r01/mcs50_r01_s100.A02 fileNameGt=../../cp2016-max-common-connected-subgraph-paper/datasets/graphsdb/mcs50/rand/r01/mcs50_r01_s100.B02
Reading graphs...
100 :  934
100 :  934
Initializing...
maxdom : 5
D->valSize : 334
Solving...
Blb : 5 (clique : 16)
currentSize : 16 <-- 0.005127 s
currentSize : 20 <-- 0.007864 s
currentSize : 21 <-- 0.010678 s
currentSize : 22 <-- 0.015366 s
currentSize : 25 <-- 0.018418 s
currentSize : 26 <-- 0.032335 s
currentSize : 27 <-- 0.051866 s
currentSize : 32 <-- 0.053438 s
currentSize : 35 <-- 0.053619 s
currentSize : 39 <-- 0.670611 s
currentSize : 40 <-- 0.900520 s
currentSize : 50 <-- 1.269262 s

maxsize : 50
nodes : 276169.000000
filtered : 2540582.000000
time : 1.959896
