Parameters: GAD=1 vflib=1 dir=0 label=0 vlabel=1 lowerbound=1 fileNameGp=../../cp2016-max-common-connected-subgraph-paper/datasets/graphsdb/mcs50/bvg/b06m/mcs50_b06m_s70.A02 fileNameGt=../../cp2016-max-common-connected-subgraph-paper/datasets/graphsdb/mcs50/bvg/b06m/mcs50_b06m_s70.B02
Reading graphs...
70 :  206
70 :  204
Initializing...
maxdom : 7
D->valSize : 322
Solving...
Blb : 5 (clique : 23)
currentSize : 23 <-- 0.004214 s
currentSize : 24 <-- 0.005393 s
currentSize : 25 <-- 0.005591 s
currentSize : 27 <-- 9.185965 s
currentSize : 28 <-- 18.734444 s
currentSize : 29 <-- 25.347900 s
currentSize : 30 <-- 38.868713 s
currentSize : 31 <-- 38.870888 s
currentSize : 32 <-- 38.938404 s
currentSize : 33 <-- 68.411896 s
currentSize : 35 <-- 68.411980 s
currentSize : 36 <-- 68.431519 s
currentSize : 37 <-- 68.871727 s

maxsize : 37
nodes : 16691185.000000
filtered : 125829881.000000
time : 85.392799
