Parameters: GAD=1 vflib=1 dir=0 label=0 vlabel=1 lowerbound=1 fileNameGp=../../cp2016-max-common-connected-subgraph-paper/datasets/graphsdb/mcs50/m2D/m2Dr2/mcs50_m2Dr2_s70.A04 fileNameGt=../../cp2016-max-common-connected-subgraph-paper/datasets/graphsdb/mcs50/m2D/m2Dr2/mcs50_m2Dr2_s70.B04
Reading graphs...
70 :  137
70 :  137
Initializing...
maxdom : 7
D->valSize : 324
Solving...
Blb : 2 (clique : 31)
currentSize : 31 <-- 0.004548 s
currentSize : 32 <-- 0.004954 s
currentSize : 33 <-- 0.005401 s
currentSize : 34 <-- 0.005616 s
currentSize : 35 <-- 0.017329 s
currentSize : 36 <-- 0.030483 s
currentSize : 37 <-- 0.052918 s
currentSize : 38 <-- 0.149553 s
currentSize : 39 <-- 0.455227 s

maxsize : 39
nodes : 98319101.000000
filtered : 512073361.000000
time : 454.874359
