Parameters: GAD=1 vflib=1 dir=0 label=0 vlabel=1 lowerbound=1 fileNameGp=../../cp2016-max-common-connected-subgraph-paper/datasets/graphsdb/mcs50/rand/r01/mcs50_r01_s50.A04 fileNameGt=../../cp2016-max-common-connected-subgraph-paper/datasets/graphsdb/mcs50/rand/r01/mcs50_r01_s50.B04
Reading graphs...
50 :  234
50 :  234
Initializing...
maxdom : 10
D->valSize : 324
Solving...
Blb : 2 (clique : 14)
currentSize : 14 <-- 0.002229 s
currentSize : 15 <-- 0.022970 s
currentSize : 16 <-- 0.090845 s
currentSize : 17 <-- 0.158684 s
currentSize : 18 <-- 1.822146 s
currentSize : 19 <-- 2.586934 s
currentSize : 20 <-- 3.179904 s
currentSize : 21 <-- 3.180244 s
currentSize : 23 <-- 3.185375 s
currentSize : 25 <-- 3.185505 s

maxsize : 25
nodes : 766937.000000
filtered : 7422600.000000
time : 3.574809
