Parameters: GAD=1 vflib=1 dir=0 label=0 vlabel=1 lowerbound=1 fileNameGp=../../cp2016-max-common-connected-subgraph-paper/datasets/graphsdb/mcs50/rand/r01/mcs50_r01_s70.A05 fileNameGt=../../cp2016-max-common-connected-subgraph-paper/datasets/graphsdb/mcs50/rand/r01/mcs50_r01_s70.B05
Reading graphs...
70 :  462
70 :  462
Initializing...
maxdom : 9
D->valSize : 345
Solving...
Blb : 2 (clique : 13)
currentSize : 13 <-- 0.002926 s
currentSize : 14 <-- 0.003316 s
currentSize : 15 <-- 0.004128 s
currentSize : 16 <-- 0.021290 s
currentSize : 17 <-- 0.021331 s
currentSize : 18 <-- 0.036646 s
currentSize : 19 <-- 0.091082 s
currentSize : 20 <-- 0.091405 s
currentSize : 21 <-- 0.178552 s
currentSize : 23 <-- 0.196716 s
currentSize : 24 <-- 0.255648 s
currentSize : 25 <-- 0.273594 s
currentSize : 28 <-- 0.274464 s
currentSize : 29 <-- 0.357050 s
currentSize : 30 <-- 0.391908 s
currentSize : 31 <-- 0.392287 s
currentSize : 32 <-- 0.392806 s
currentSize : 35 <-- 0.392953 s

maxsize : 35
nodes : 171140.000000
filtered : 2017032.000000
time : 1.004485
