Parameters: GAD=1 vflib=1 dir=0 label=0 vlabel=1 lowerbound=1 fileNameGp=../../cp2016-max-common-connected-subgraph-paper/datasets/graphsdb/mcs50/bvg/b03/mcs50_b03_s40.A06 fileNameGt=../../cp2016-max-common-connected-subgraph-paper/datasets/graphsdb/mcs50/bvg/b03/mcs50_b03_s40.B06
Reading graphs...
40 :  59
40 :  60
Initializing...
maxdom : 8
D->valSize : 243
Solving...
Blb : 2 (clique : 18)
currentSize : 18 <-- 0.001523 s
currentSize : 19 <-- 0.001628 s
currentSize : 20 <-- 0.001944 s
currentSize : 21 <-- 0.002811 s
currentSize : 22 <-- 0.051889 s
currentSize : 23 <-- 0.096368 s
currentSize : 24 <-- 0.110623 s
currentSize : 25 <-- 0.294307 s
currentSize : 26 <-- 0.314988 s

maxsize : 26
nodes : 115106.000000
filtered : 1072031.000000
time : 0.566131
