Parameters: GAD=1 vflib=1 dir=0 label=0 vlabel=1 lowerbound=1 fileNameGp=../../cp2016-max-common-connected-subgraph-paper/datasets/graphsdb/mcs50/rand/r005/mcs50_r005_s50.A02 fileNameGt=../../cp2016-max-common-connected-subgraph-paper/datasets/graphsdb/mcs50/rand/r005/mcs50_r005_s50.B02
Reading graphs...
50 :  117
50 :  118
Initializing...
maxdom : 11
D->valSize : 347
Solving...
Blb : 2 (clique : 17)
currentSize : 17 <-- 0.002693 s
currentSize : 18 <-- 0.002828 s
currentSize : 19 <-- 0.002963 s
currentSize : 20 <-- 0.003370 s
currentSize : 21 <-- 0.004601 s
currentSize : 22 <-- 0.114448 s
currentSize : 23 <-- 0.304324 s
currentSize : 24 <-- 0.380293 s
currentSize : 25 <-- 0.424601 s
currentSize : 26 <-- 39.092216 s

maxsize : 26
nodes : 11049278.000000
filtered : 145768989.000000
time : 59.123306
