Parameters: GAD=1 vflib=1 dir=0 label=0 vlabel=1 lowerbound=1 fileNameGp=../../cp2016-max-common-connected-subgraph-paper/datasets/graphsdb/mcs50/rand/r01/mcs50_r01_s90.A05 fileNameGt=../../cp2016-max-common-connected-subgraph-paper/datasets/graphsdb/mcs50/rand/r01/mcs50_r01_s90.B05
Reading graphs...
90 :  761
90 :  754
Initializing...
maxdom : 9
D->valSize : 538
Solving...
Blb : 2 (clique : 15)
currentSize : 15 <-- 0.009412 s
currentSize : 16 <-- 0.009870 s
currentSize : 17 <-- 0.013973 s
currentSize : 18 <-- 0.033310 s
currentSize : 19 <-- 0.376997 s
currentSize : 20 <-- 2.548913 s
currentSize : 21 <-- 4.060810 s
currentSize : 22 <-- 4.060959 s
currentSize : 23 <-- 15.351104 s
currentSize : 24 <-- 18.350468 s
currentSize : 25 <-- 23.897524 s
currentSize : 26 <-- 24.950459 s
currentSize : 27 <-- 27.573608 s
currentSize : 30 <-- 30.095930 s
currentSize : 32 <-- 30.097521 s
currentSize : 35 <-- 30.661779 s
currentSize : 37 <-- 37.055794 s
currentSize : 45 <-- 38.984005 s

maxsize : 45
nodes : 6306359.000000
filtered : 64378392.000000
time : 41.445515
