Parameters: GAD=1 vflib=1 dir=0 label=0 vlabel=1 lowerbound=1 fileNameGp=../../cp2016-max-common-connected-subgraph-paper/datasets/graphsdb/mcs50/bvg/b09m/mcs50_b09m_s70.A09 fileNameGt=../../cp2016-max-common-connected-subgraph-paper/datasets/graphsdb/mcs50/bvg/b09m/mcs50_b09m_s70.B09
Reading graphs...
70 :  307
70 :  305
Initializing...
maxdom : 8
D->valSize : 342
Solving...
Blb : 2 (clique : 18)
currentSize : 18 <-- 0.003567 s
currentSize : 20 <-- 0.003799 s
currentSize : 21 <-- 0.027458 s
currentSize : 22 <-- 0.371870 s
currentSize : 23 <-- 2.219025 s
currentSize : 24 <-- 2.219502 s
currentSize : 25 <-- 2.291273 s
currentSize : 26 <-- 2.303355 s
currentSize : 27 <-- 2.307278 s
currentSize : 28 <-- 9.963800 s
currentSize : 29 <-- 9.968332 s
currentSize : 30 <-- 9.969389 s
currentSize : 31 <-- 10.004230 s
currentSize : 32 <-- 10.008744 s
currentSize : 33 <-- 24.288832 s
currentSize : 34 <-- 24.288857 s

maxsize : 34
nodes : 7287930.000000
filtered : 55299107.000000
time : 37.398651
