Parameters: GAD=1 vflib=1 dir=0 label=0 vlabel=1 lowerbound=1 fileNameGp=../../cp2016-max-common-connected-subgraph-paper/datasets/graphsdb/mcs50/bvg/b09/mcs50_b09_s100.A07 fileNameGt=../../cp2016-max-common-connected-subgraph-paper/datasets/graphsdb/mcs50/bvg/b09/mcs50_b09_s100.B07
Reading graphs...
100 :  447
100 :  448
Initializing...
maxdom : 7
D->valSize : 343
Solving...
Blb : 3 (clique : 37)
currentSize : 37 <-- 0.005744 s
currentSize : 38 <-- 2.010865 s
currentSize : 39 <-- 2.012136 s
currentSize : 40 <-- 2.015127 s
currentSize : 41 <-- 57.913658 s
currentSize : 42 <-- 74.545685 s
currentSize : 43 <-- 74.545891 s
currentSize : 44 <-- 74.547371 s
currentSize : 45 <-- 74.547523 s
currentSize : 47 <-- 96.851814 s
currentSize : 48 <-- 96.852272 s
currentSize : 49 <-- 97.037971 s
currentSize : 50 <-- 220.437378 s

maxsize : 50
nodes : 153205230.000000
filtered : 608048656.000000
time : 842.232727
