Parameters: GAD=1 vflib=1 dir=0 label=0 vlabel=1 lowerbound=1 fileNameGp=../../cp2016-max-common-connected-subgraph-paper/datasets/graphsdb/mcs50/rand/r02/mcs50_r02_s100.A08 fileNameGt=../../cp2016-max-common-connected-subgraph-paper/datasets/graphsdb/mcs50/rand/r02/mcs50_r02_s100.B08
Reading graphs...
100 :  1780
100 :  1773
Initializing...
maxdom : 7
D->valSize : 371
Solving...
Blb : 3 (clique : 11)
currentSize : 11 <-- 0.005869 s
currentSize : 12 <-- 0.007022 s
currentSize : 13 <-- 0.009385 s
currentSize : 15 <-- 0.009476 s
currentSize : 16 <-- 0.013436 s
currentSize : 19 <-- 0.014244 s
currentSize : 21 <-- 0.083439 s
currentSize : 29 <-- 0.085259 s
currentSize : 30 <-- 0.237766 s
currentSize : 36 <-- 0.270919 s
currentSize : 50 <-- 0.285747 s

maxsize : 50
nodes : 38140.000000
filtered : 505326.000000
time : 0.369091
