Parameters: GAD=1 vflib=1 dir=0 label=0 vlabel=1 lowerbound=1 fileNameGp=../../cp2016-max-common-connected-subgraph-paper/datasets/graphsdb/mcs50/bvg/b09/mcs50_b09_s80.A02 fileNameGt=../../cp2016-max-common-connected-subgraph-paper/datasets/graphsdb/mcs50/bvg/b09/mcs50_b09_s80.B02
Reading graphs...
80 :  359
80 :  354
Initializing...
maxdom : 8
D->valSize : 407
Solving...
Blb : 2 (clique : 19)
currentSize : 19 <-- 0.003779 s
currentSize : 21 <-- 0.003963 s
currentSize : 22 <-- 0.006311 s
currentSize : 23 <-- 0.029453 s
currentSize : 24 <-- 0.066340 s
currentSize : 25 <-- 2.971633 s
currentSize : 26 <-- 3.078932 s
currentSize : 27 <-- 3.258780 s
currentSize : 28 <-- 3.273569 s
currentSize : 29 <-- 65.066437 s
currentSize : 30 <-- 65.176262 s
currentSize : 31 <-- 69.439415 s
currentSize : 32 <-- 437.039368 s
currentSize : 33 <-- 444.918854 s
currentSize : 34 <-- 444.918915 s
currentSize : 36 <-- 456.697906 s
currentSize : 38 <-- 456.701660 s
currentSize : 39 <-- 456.701874 s
currentSize : 40 <-- 456.704620 s
currentSize : 41 <-- 456.704681 s

maxsize : 41
nodes : 93672905.000000
filtered : 828246055.000000
time : 541.423157
