Parameters: GAD=1 vflib=1 dir=0 label=0 vlabel=1 lowerbound=1 fileNameGp=../../cp2016-max-common-connected-subgraph-paper/datasets/graphsdb/mcs50/rand/r01/mcs50_r01_s90.A02 fileNameGt=../../cp2016-max-common-connected-subgraph-paper/datasets/graphsdb/mcs50/rand/r01/mcs50_r01_s90.B02
Reading graphs...
90 :  759
90 :  750
Initializing...
maxdom : 9
D->valSize : 552
Solving...
Blb : 2 (clique : 14)
currentSize : 14 <-- 0.006913 s
currentSize : 16 <-- 0.007191 s
currentSize : 17 <-- 0.052450 s
currentSize : 18 <-- 0.124584 s
currentSize : 19 <-- 0.128730 s
currentSize : 22 <-- 1.116796 s
currentSize : 23 <-- 1.464010 s
currentSize : 24 <-- 2.025786 s
currentSize : 26 <-- 2.025982 s
currentSize : 31 <-- 3.293044 s
currentSize : 33 <-- 3.293209 s
currentSize : 34 <-- 5.866387 s
currentSize : 38 <-- 5.890727 s
currentSize : 45 <-- 5.903331 s

maxsize : 45
nodes : 1524145.000000
filtered : 18976792.000000
time : 10.737209
