Parameters: GAD=1 vflib=1 dir=0 label=0 vlabel=1 lowerbound=1 fileNameGp=../../cp2016-max-common-connected-subgraph-paper/datasets/graphsdb/mcs50/m2D/m2Dr2/mcs50_m2Dr2_s100.A07 fileNameGt=../../cp2016-max-common-connected-subgraph-paper/datasets/graphsdb/mcs50/m2D/m2Dr2/mcs50_m2Dr2_s100.B07
Reading graphs...
100 :  198
100 :  197
Initializing...
maxdom : 7
D->valSize : 363
Solving...
Blb : 2 (clique : 37)
currentSize : 37 <-- 0.004095 s
currentSize : 38 <-- 0.004577 s
currentSize : 39 <-- 0.004903 s
currentSize : 40 <-- 0.007970 s
currentSize : 41 <-- 0.008347 s
currentSize : 42 <-- 0.009492 s
currentSize : 43 <-- 0.374736 s
currentSize : 44 <-- 0.817595 s
currentSize : 45 <-- 1.437611 s
currentSize : 46 <-- 24.296680 s

TIMEOUT
maxsize : 46
nodes : 193628151.000000
filtered : 556928757.000000
time : 1000.000122
