Parameters: GAD=1 vflib=1 dir=0 label=0 vlabel=1 lowerbound=1 fileNameGp=../../cp2016-max-common-connected-subgraph-paper/datasets/graphsdb/mcs50/m3D/m3Dr4/mcs50_m3Dr4_s50.A01 fileNameGt=../../cp2016-max-common-connected-subgraph-paper/datasets/graphsdb/mcs50/m3D/m3Dr4/mcs50_m3Dr4_s50.B01
Reading graphs...
50 :  126
50 :  126
Initializing...
maxdom : 13
D->valSize : 361
Solving...
Blb : 5 (clique : 17)
currentSize : 17 <-- 0.002736 s
currentSize : 18 <-- 0.003630 s
currentSize : 19 <-- 0.015965 s
currentSize : 20 <-- 0.025431 s
currentSize : 21 <-- 0.129444 s
currentSize : 22 <-- 5.792301 s
currentSize : 23 <-- 6.810696 s
currentSize : 24 <-- 41.363480 s
currentSize : 25 <-- 41.380615 s
currentSize : 26 <-- 41.396538 s
currentSize : 27 <-- 55.987190 s

maxsize : 27
nodes : 12670364.000000
filtered : 153994931.000000
time : 63.778168
