Parameters: GAD=1 vflib=1 dir=0 label=0 vlabel=1 lowerbound=1 fileNameGp=../../cp2016-max-common-connected-subgraph-paper/datasets/graphsdb/mcs50/m3D/m3Dr2/mcs50_m3Dr2_s50.A00 fileNameGt=../../cp2016-max-common-connected-subgraph-paper/datasets/graphsdb/mcs50/m3D/m3Dr2/mcs50_m3Dr2_s50.B00
Reading graphs...
50 :  118
50 :  117
Initializing...
maxdom : 13
D->valSize : 367
Solving...
Blb : 3 (clique : 20)
currentSize : 20 <-- 0.004596 s
currentSize : 21 <-- 0.022916 s
currentSize : 22 <-- 0.920347 s
currentSize : 23 <-- 1.868610 s
currentSize : 24 <-- 2.119157 s
currentSize : 25 <-- 2.126437 s
currentSize : 26 <-- 3.838362 s
currentSize : 27 <-- 5.007759 s
currentSize : 28 <-- 7.387532 s
currentSize : 29 <-- 8.972035 s

maxsize : 29
nodes : 1863874.000000
filtered : 25287102.000000
time : 10.140538
