Parameters: GAD=1 vflib=1 dir=0 label=0 vlabel=1 lowerbound=1 fileNameGp=../../cp2016-max-common-connected-subgraph-paper/datasets/graphsdb/mcs50/m2D/m2Dr4/mcs50_m2Dr4_s90.A01 fileNameGt=../../cp2016-max-common-connected-subgraph-paper/datasets/graphsdb/mcs50/m2D/m2Dr4/mcs50_m2Dr4_s90.B01
Reading graphs...
90 :  196
90 :  194
Initializing...
maxdom : 8
D->valSize : 535
Solving...
Blb : 2 (clique : 36)
currentSize : 36 <-- 0.010353 s
currentSize : 38 <-- 0.028723 s
currentSize : 39 <-- 0.028983 s
currentSize : 40 <-- 0.036970 s
currentSize : 41 <-- 0.130725 s
currentSize : 42 <-- 0.289159 s
currentSize : 43 <-- 0.290406 s
currentSize : 44 <-- 0.291323 s
currentSize : 45 <-- 0.510737 s
currentSize : 47 <-- 0.512472 s
currentSize : 48 <-- 298.225067 s

TIMEOUT
maxsize : 48
nodes : 204229442.000000
filtered : 842203244.000000
time : 1000.000061
