Parameters: GAD=1 vflib=1 dir=0 label=0 vlabel=1 lowerbound=1 fileNameGp=../../cp2016-max-common-connected-subgraph-paper/datasets/graphsdb/mcs50/m2D/m2Dr2/mcs50_m2Dr2_s50.A01 fileNameGt=../../cp2016-max-common-connected-subgraph-paper/datasets/graphsdb/mcs50/m2D/m2Dr2/mcs50_m2Dr2_s50.B01
Reading graphs...
50 :  95
50 :  95
Initializing...
maxdom : 10
D->valSize : 355
Solving...
Blb : 2 (clique : 19)
currentSize : 19 <-- 0.003693 s
currentSize : 20 <-- 0.003844 s
currentSize : 21 <-- 0.004006 s
currentSize : 22 <-- 0.004923 s
currentSize : 23 <-- 0.024026 s
currentSize : 24 <-- 0.105086 s
currentSize : 25 <-- 0.533904 s
currentSize : 26 <-- 1.179679 s
currentSize : 27 <-- 148.189423 s

maxsize : 27
nodes : 53325756.000000
filtered : 701010866.000000
time : 274.763977
