Parameters: GAD=1 vflib=1 dir=0 label=0 vlabel=1 lowerbound=1 fileNameGp=../../cp2016-max-common-connected-subgraph-paper/datasets/graphsdb/mcs50/m2D/m2D/mcs50_m2D_s60.A00 fileNameGt=../../cp2016-max-common-connected-subgraph-paper/datasets/graphsdb/mcs50/m2D/m2D/mcs50_m2D_s60.B00
Reading graphs...
60 :  104
60 :  103
Initializing...
maxdom : 8
D->valSize : 238
Solving...
Blb : 2 (clique : 23)
currentSize : 23 <-- 0.002803 s
currentSize : 24 <-- 0.003051 s
currentSize : 25 <-- 0.027970 s
currentSize : 26 <-- 0.056345 s
currentSize : 27 <-- 1.050626 s
currentSize : 28 <-- 1.139154 s
currentSize : 29 <-- 1.226628 s
currentSize : 30 <-- 4.889111 s
currentSize : 31 <-- 7.651354 s

maxsize : 31
nodes : 2004148.000000
filtered : 12677570.000000
time : 9.195920
