Parameters: GAD=1 vflib=1 dir=0 label=0 vlabel=1 lowerbound=1 fileNameGp=../../cp2016-max-common-connected-subgraph-paper/datasets/graphsdb/mcs50/bvg/b06m/mcs50_b06m_s60.A06 fileNameGt=../../cp2016-max-common-connected-subgraph-paper/datasets/graphsdb/mcs50/bvg/b06m/mcs50_b06m_s60.B06
Reading graphs...
60 :  177
60 :  177
Initializing...
maxdom : 9
D->valSize : 262
Solving...
Blb : 2 (clique : 19)
currentSize : 19 <-- 0.001994 s
currentSize : 20 <-- 0.002181 s
currentSize : 21 <-- 0.002934 s
currentSize : 22 <-- 0.053051 s
currentSize : 23 <-- 0.497498 s
currentSize : 24 <-- 1.241982 s
currentSize : 26 <-- 2.031741 s
currentSize : 28 <-- 3.802338 s
currentSize : 29 <-- 10.601607 s
currentSize : 30 <-- 10.602230 s
currentSize : 31 <-- 10.966290 s

maxsize : 31
nodes : 2868130.000000
filtered : 20088383.000000
time : 13.166103
