Parameters: GAD=1 vflib=1 dir=0 label=0 vlabel=1 lowerbound=1 fileNameGp=../../cp2016-max-common-connected-subgraph-paper/datasets/graphsdb/mcs50/rand/r005/mcs50_r005_s80.A00 fileNameGt=../../cp2016-max-common-connected-subgraph-paper/datasets/graphsdb/mcs50/rand/r005/mcs50_r005_s80.B00
Reading graphs...
80 :  305
80 :  305
Initializing...
maxdom : 9
D->valSize : 435
Solving...
Blb : 2 (clique : 22)
currentSize : 22 <-- 0.004454 s
currentSize : 23 <-- 0.070461 s
currentSize : 24 <-- 0.145865 s
currentSize : 25 <-- 0.278011 s
currentSize : 26 <-- 0.461787 s
currentSize : 27 <-- 2.134906 s
currentSize : 28 <-- 3.412138 s
currentSize : 29 <-- 3.418382 s
currentSize : 30 <-- 9.768072 s
currentSize : 31 <-- 24.914225 s
currentSize : 32 <-- 40.820343 s
currentSize : 33 <-- 55.157009 s
currentSize : 34 <-- 107.458344 s
currentSize : 35 <-- 107.458588 s
currentSize : 36 <-- 162.366333 s
currentSize : 37 <-- 249.036972 s
currentSize : 38 <-- 249.037338 s
currentSize : 40 <-- 312.974792 s

maxsize : 40
nodes : 50771910.000000
filtered : 526883648.000000
time : 319.822479
