Parameters: GAD=1 vflib=1 dir=0 label=0 vlabel=1 lowerbound=1 fileNameGp=../../cp2016-max-common-connected-subgraph-paper/datasets/graphsdb/mcs50/bvg/b06/mcs50_b06_s100.A06 fileNameGt=../../cp2016-max-common-connected-subgraph-paper/datasets/graphsdb/mcs50/bvg/b06/mcs50_b06_s100.B06
Reading graphs...
100 :  299
100 :  300
Initializing...
maxdom : 8
D->valSize : 367
Solving...
Blb : 2 (clique : 32)
currentSize : 32 <-- 0.004833 s
currentSize : 33 <-- 17.845907 s
currentSize : 34 <-- 36.285183 s
currentSize : 35 <-- 194.179916 s
currentSize : 36 <-- 334.280243 s
currentSize : 37 <-- 346.738678 s
currentSize : 38 <-- 405.125183 s
currentSize : 39 <-- 695.614685 s
currentSize : 40 <-- 695.636047 s
currentSize : 41 <-- 983.544006 s

TIMEOUT
maxsize : 41
nodes : 180671776.000000
filtered : 961664755.000000
time : 1000.000122
