Parameters: GAD=1 vflib=1 dir=0 label=0 vlabel=1 lowerbound=1 fileNameGp=../../cp2016-max-common-connected-subgraph-paper/datasets/graphsdb/mcs50/rand/r01/mcs50_r01_s50.A08 fileNameGt=../../cp2016-max-common-connected-subgraph-paper/datasets/graphsdb/mcs50/rand/r01/mcs50_r01_s50.B08
Reading graphs...
50 :  229
50 :  227
Initializing...
maxdom : 10
D->valSize : 369
Solving...
Blb : 2 (clique : 15)
currentSize : 15 <-- 0.002622 s
currentSize : 16 <-- 0.002842 s
currentSize : 17 <-- 0.075031 s
currentSize : 18 <-- 0.081414 s
currentSize : 19 <-- 0.094963 s
currentSize : 21 <-- 0.095798 s
currentSize : 22 <-- 0.104114 s
currentSize : 23 <-- 1.436347 s
currentSize : 25 <-- 1.436401 s

maxsize : 25
nodes : 318865.000000
filtered : 4755396.000000
time : 1.714052
