Parameters: GAD=1 vflib=1 dir=0 label=0 vlabel=1 lowerbound=1 fileNameGp=../../cp2016-max-common-connected-subgraph-paper/datasets/graphsdb/mcs50/rand/r01/mcs50_r01_s70.A01 fileNameGt=../../cp2016-max-common-connected-subgraph-paper/datasets/graphsdb/mcs50/rand/r01/mcs50_r01_s70.B01
Reading graphs...
70 :  444
70 :  451
Initializing...
maxdom : 7
D->valSize : 329
Solving...
Blb : 5 (clique : 15)
currentSize : 15 <-- 0.002683 s
currentSize : 16 <-- 0.003078 s
currentSize : 17 <-- 0.011478 s
currentSize : 18 <-- 0.028309 s
currentSize : 20 <-- 0.034237 s
currentSize : 21 <-- 0.035324 s
currentSize : 22 <-- 0.066049 s
currentSize : 24 <-- 0.066646 s
currentSize : 26 <-- 0.173018 s
currentSize : 27 <-- 0.557677 s
currentSize : 29 <-- 0.918805 s
currentSize : 35 <-- 1.154937 s

maxsize : 35
nodes : 276259.000000
filtered : 3020753.000000
time : 1.609143
