Parameters: GAD=1 vflib=1 dir=0 label=0 vlabel=1 lowerbound=1 fileNameGp=../../cp2016-max-common-connected-subgraph-paper/datasets/graphsdb/mcs50/bvg/b03/mcs50_b03_s50.A08 fileNameGt=../../cp2016-max-common-connected-subgraph-paper/datasets/graphsdb/mcs50/bvg/b03/mcs50_b03_s50.B08
Reading graphs...
50 :  74
50 :  75
Initializing...
maxdom : 11
D->valSize : 322
Solving...
Blb : 2 (clique : 23)
currentSize : 23 <-- 0.004028 s
currentSize : 24 <-- 0.170504 s
currentSize : 25 <-- 2.886821 s
currentSize : 26 <-- 19.852560 s
currentSize : 27 <-- 60.202488 s
currentSize : 28 <-- 65.899490 s
currentSize : 29 <-- 187.911041 s

maxsize : 29
nodes : 61663262.000000
filtered : 662589723.000000
time : 298.816010
