Parameters: GAD=1 vflib=1 dir=0 label=0 vlabel=1 lowerbound=1 fileNameGp=../../cp2016-max-common-connected-subgraph-paper/datasets/graphsdb/mcs50/rand/r02/mcs50_r02_s50.A01 fileNameGt=../../cp2016-max-common-connected-subgraph-paper/datasets/graphsdb/mcs50/rand/r02/mcs50_r02_s50.B01
Reading graphs...
50 :  442
50 :  440
Initializing...
maxdom : 13
D->valSize : 336
Solving...
Blb : 2 (clique : 9)
currentSize : 9 <-- 0.003611 s
currentSize : 11 <-- 0.003941 s
currentSize : 12 <-- 0.004077 s
currentSize : 13 <-- 0.800566 s
currentSize : 14 <-- 0.800616 s
currentSize : 17 <-- 1.009306 s
currentSize : 18 <-- 1.222908 s
currentSize : 19 <-- 1.419440 s
currentSize : 25 <-- 1.454729 s

maxsize : 25
nodes : 321353.000000
filtered : 2520406.000000
time : 1.483446
