Parameters: GAD=1 vflib=1 dir=0 label=0 vlabel=1 lowerbound=1 fileNameGp=../../cp2016-max-common-connected-subgraph-paper/datasets/graphsdb/mcs50/m3D/m3D/mcs50_m3D_s60.A01 fileNameGt=../../cp2016-max-common-connected-subgraph-paper/datasets/graphsdb/mcs50/m3D/m3D/mcs50_m3D_s60.B01
Reading graphs...
60 :  134
60 :  133
Initializing...
maxdom : 7
D->valSize : 250
Solving...
Blb : 2 (clique : 20)
currentSize : 20 <-- 0.002865 s
currentSize : 21 <-- 0.004717 s
currentSize : 22 <-- 0.038199 s
currentSize : 23 <-- 1.356793 s
currentSize : 24 <-- 2.804092 s
currentSize : 25 <-- 3.511746 s
currentSize : 26 <-- 6.161004 s
currentSize : 27 <-- 10.173123 s
currentSize : 28 <-- 23.129856 s
currentSize : 29 <-- 23.131794 s

maxsize : 29
nodes : 11784116.000000
filtered : 85616649.000000
time : 56.062248
