Parameters: GAD=1 vflib=1 dir=0 label=0 vlabel=1 lowerbound=1 fileNameGp=../../cp2016-max-common-connected-subgraph-paper/datasets/graphsdb/mcs50/bvg/b03/mcs50_b03_s70.A01 fileNameGt=../../cp2016-max-common-connected-subgraph-paper/datasets/graphsdb/mcs50/bvg/b03/mcs50_b03_s70.B01
Reading graphs...
70 :  105
70 :  105
Initializing...
maxdom : 9
D->valSize : 305
Solving...
Blb : 2 (clique : 28)
currentSize : 28 <-- 0.004261 s
currentSize : 30 <-- 0.066975 s
currentSize : 31 <-- 0.305931 s
currentSize : 32 <-- 1.922197 s
currentSize : 33 <-- 2.550239 s
currentSize : 34 <-- 8.597369 s
currentSize : 35 <-- 13.083446 s
currentSize : 36 <-- 25.767162 s
currentSize : 37 <-- 30.579948 s
currentSize : 38 <-- 91.087540 s

maxsize : 38
nodes : 37610873.000000
filtered : 231217133.000000
time : 191.137009
