Parameters: GAD=1 vflib=1 dir=0 label=0 vlabel=1 lowerbound=1 fileNameGp=../../cp2016-max-common-connected-subgraph-paper/datasets/graphsdb/mcs50/m2D/m2Dr6/mcs50_m2Dr6_s60.A07 fileNameGt=../../cp2016-max-common-connected-subgraph-paper/datasets/graphsdb/mcs50/m2D/m2Dr6/mcs50_m2Dr6_s60.B07
Reading graphs...
60 :  136
60 :  134
Initializing...
maxdom : 9
D->valSize : 230
Solving...
Blb : 5 (clique : 23)
currentSize : 23 <-- 0.002665 s
currentSize : 24 <-- 0.003124 s
currentSize : 25 <-- 0.017266 s
currentSize : 26 <-- 1.378244 s
currentSize : 27 <-- 2.053278 s
currentSize : 28 <-- 15.657019 s
currentSize : 29 <-- 19.434587 s
currentSize : 30 <-- 48.254673 s

maxsize : 30
nodes : 13693157.000000
filtered : 87614877.000000
time : 62.843292
