Parameters: GAD=1 vflib=1 dir=0 label=0 vlabel=1 lowerbound=1 fileNameGp=../../cp2016-max-common-connected-subgraph-paper/datasets/graphsdb/mcs50/bvg/b09/mcs50_b09_s70.A08 fileNameGt=../../cp2016-max-common-connected-subgraph-paper/datasets/graphsdb/mcs50/bvg/b09/mcs50_b09_s70.B08
Reading graphs...
70 :  314
70 :  313
Initializing...
maxdom : 10
D->valSize : 370
Solving...
Blb : 2 (clique : 20)
currentSize : 20 <-- 0.003148 s
currentSize : 21 <-- 0.003451 s
currentSize : 22 <-- 0.003542 s
currentSize : 23 <-- 0.145211 s
currentSize : 24 <-- 0.507460 s
currentSize : 25 <-- 0.507578 s
currentSize : 26 <-- 0.509147 s
currentSize : 29 <-- 0.604318 s
currentSize : 30 <-- 0.604732 s
currentSize : 31 <-- 3.468144 s
currentSize : 32 <-- 7.508861 s
currentSize : 33 <-- 10.348006 s
currentSize : 34 <-- 10.348267 s
currentSize : 35 <-- 10.351031 s

maxsize : 35
nodes : 3048629.000000
filtered : 26073837.000000
time : 16.524471
