Parameters: GAD=1 vflib=1 dir=0 label=0 vlabel=1 lowerbound=1 fileNameGp=../../cp2016-max-common-connected-subgraph-paper/datasets/graphsdb/mcs50/bvg/b06m/mcs50_b06m_s90.A05 fileNameGt=../../cp2016-max-common-connected-subgraph-paper/datasets/graphsdb/mcs50/bvg/b06m/mcs50_b06m_s90.B05
Reading graphs...
90 :  266
90 :  267
Initializing...
maxdom : 14
D->valSize : 591
Solving...
Blb : 2 (clique : 38)
currentSize : 38 <-- 0.007155 s
currentSize : 39 <-- 0.007543 s
currentSize : 40 <-- 0.008697 s
currentSize : 41 <-- 0.008925 s
currentSize : 42 <-- 29.908356 s
currentSize : 43 <-- 501.188171 s
currentSize : 44 <-- 501.213623 s
currentSize : 45 <-- 501.260834 s
currentSize : 46 <-- 502.605042 s

TIMEOUT
maxsize : 46
nodes : 179008573.000000
filtered : 1034743079.000000
time : 1000.000061
