Parameters: GAD=1 vflib=1 dir=0 label=0 vlabel=1 lowerbound=1 fileNameGp=../../cp2016-max-common-connected-subgraph-paper/datasets/graphsdb/mcs50/bvg/b06/mcs50_b06_s70.A08 fileNameGt=../../cp2016-max-common-connected-subgraph-paper/datasets/graphsdb/mcs50/bvg/b06/mcs50_b06_s70.B08
Reading graphs...
70 :  209
70 :  210
Initializing...
maxdom : 8
D->valSize : 340
Solving...
Blb : 2 (clique : 23)
currentSize : 23 <-- 0.002764 s
currentSize : 24 <-- 0.003166 s
currentSize : 25 <-- 0.085425 s
currentSize : 26 <-- 0.676578 s
currentSize : 27 <-- 0.678445 s
currentSize : 28 <-- 0.737075 s
currentSize : 29 <-- 0.747212 s
currentSize : 32 <-- 1.098486 s
currentSize : 33 <-- 1.563135 s
currentSize : 35 <-- 3.225173 s
currentSize : 36 <-- 4.503115 s

maxsize : 36
nodes : 3364135.000000
filtered : 24664384.000000
time : 16.915533
