Parameters: GAD=1 vflib=1 dir=0 label=0 vlabel=1 lowerbound=1 fileNameGp=../../cp2016-max-common-connected-subgraph-paper/datasets/graphsdb/mcs50/m2D/m2Dr4/mcs50_m2Dr4_s70.A08 fileNameGt=../../cp2016-max-common-connected-subgraph-paper/datasets/graphsdb/mcs50/m2D/m2Dr4/mcs50_m2Dr4_s70.B08
Reading graphs...
70 :  150
70 :  149
Initializing...
maxdom : 8
D->valSize : 345
Solving...
Blb : 2 (clique : 28)
currentSize : 28 <-- 0.004967 s
currentSize : 29 <-- 0.005258 s
currentSize : 30 <-- 0.005359 s
currentSize : 31 <-- 0.123922 s
currentSize : 32 <-- 0.266478 s
currentSize : 33 <-- 0.568931 s
currentSize : 34 <-- 7.698214 s
currentSize : 35 <-- 26.918341 s
currentSize : 36 <-- 359.978516 s
currentSize : 37 <-- 430.851044 s
currentSize : 38 <-- 689.890686 s

maxsize : 38
nodes : 162077616.000000
filtered : 1204092540.000000
time : 840.317627
