Parameters: GAD=1 vflib=1 dir=0 label=0 vlabel=1 lowerbound=1 fileNameGp=../../cp2016-max-common-connected-subgraph-paper/datasets/graphsdb/mcs50/m2D/m2Dr6/mcs50_m2Dr6_s70.A02 fileNameGt=../../cp2016-max-common-connected-subgraph-paper/datasets/graphsdb/mcs50/m2D/m2Dr6/mcs50_m2Dr6_s70.B02
Reading graphs...
70 :  165
70 :  158
Initializing...
maxdom : 9
D->valSize : 363
Solving...
Blb : 2 (clique : 25)
currentSize : 25 <-- 0.005082 s
currentSize : 28 <-- 0.005339 s
currentSize : 29 <-- 0.005743 s
currentSize : 30 <-- 0.260051 s
currentSize : 31 <-- 0.268871 s
currentSize : 32 <-- 18.796480 s
currentSize : 33 <-- 18.822454 s
currentSize : 34 <-- 270.242645 s
currentSize : 35 <-- 651.312073 s
currentSize : 36 <-- 651.316528 s
currentSize : 37 <-- 656.405029 s
currentSize : 38 <-- 658.371033 s

maxsize : 38
nodes : 136587050.000000
filtered : 1055414668.000000
time : 709.238525
