Parameters: GAD=1 vflib=1 dir=0 label=0 vlabel=1 lowerbound=1 fileNameGp=../../cp2016-max-common-connected-subgraph-paper/datasets/graphsdb/mcs50/m2D/m2D/mcs50_m2D_s100.A08 fileNameGt=../../cp2016-max-common-connected-subgraph-paper/datasets/graphsdb/mcs50/m2D/m2D/mcs50_m2D_s100.B08
Reading graphs...
100 :  179
100 :  179
Initializing...
maxdom : 9
D->valSize : 368
Solving...
Blb : 2 (clique : 37)
currentSize : 37 <-- 0.004088 s
currentSize : 38 <-- 0.004429 s
currentSize : 39 <-- 0.054581 s
currentSize : 40 <-- 3.602430 s
currentSize : 41 <-- 15.753331 s
currentSize : 42 <-- 24.619843 s
currentSize : 43 <-- 93.771309 s
currentSize : 44 <-- 93.772003 s
currentSize : 45 <-- 350.807220 s
currentSize : 46 <-- 475.313629 s
currentSize : 47 <-- 565.282776 s
currentSize : 48 <-- 599.416870 s

TIMEOUT
maxsize : 48
nodes : 199555438.000000
filtered : 703316750.000000
time : 1000.000061
