Parameters: GAD=1 vflib=1 dir=0 label=0 vlabel=1 lowerbound=1 fileNameGp=../../cp2016-max-common-connected-subgraph-paper/datasets/graphsdb/mcs50/m3D/m3Dr6/mcs50_m3Dr6_s50.A07 fileNameGt=../../cp2016-max-common-connected-subgraph-paper/datasets/graphsdb/mcs50/m3D/m3Dr6/mcs50_m3Dr6_s50.B07
Reading graphs...
50 :  135
50 :  133
Initializing...
maxdom : 10
D->valSize : 334
Solving...
Blb : 2 (clique : 17)
currentSize : 17 <-- 0.003946 s
currentSize : 18 <-- 0.004105 s
currentSize : 19 <-- 0.009112 s
currentSize : 20 <-- 0.361470 s
currentSize : 21 <-- 0.745639 s
currentSize : 22 <-- 1.454139 s
currentSize : 23 <-- 2.671825 s
currentSize : 24 <-- 7.584420 s
currentSize : 25 <-- 7.596365 s
currentSize : 27 <-- 7.602218 s

maxsize : 27
nodes : 2500945.000000
filtered : 30267337.000000
time : 12.560979
