Parameters: GAD=1 vflib=1 dir=0 label=0 vlabel=1 lowerbound=1 fileNameGp=../../cp2016-max-common-connected-subgraph-paper/datasets/graphsdb/mcs50/bvg/b03/mcs50_b03_s100.A06 fileNameGt=../../cp2016-max-common-connected-subgraph-paper/datasets/graphsdb/mcs50/bvg/b03/mcs50_b03_s100.B06
Reading graphs...
100 :  150
100 :  150
Initializing...
maxdom : 7
D->valSize : 380
Solving...
Blb : 2 (clique : 42)
currentSize : 42 <-- 0.006796 s
currentSize : 43 <-- 0.007453 s
currentSize : 44 <-- 0.574436 s
currentSize : 45 <-- 0.574605 s
currentSize : 46 <-- 7.292669 s
currentSize : 47 <-- 10.354514 s
currentSize : 48 <-- 60.197659 s
currentSize : 49 <-- 61.642303 s
currentSize : 50 <-- 237.941727 s
currentSize : 51 <-- 237.941879 s

TIMEOUT
maxsize : 51
nodes : 213484413.000000
filtered : 546520070.000000
time : 1000.000061
