Parameters: GAD=1 vflib=1 dir=0 label=0 vlabel=1 lowerbound=1 fileNameGp=../../cp2016-max-common-connected-subgraph-paper/datasets/graphsdb/mcs50/m3D/m3Dr6/mcs50_m3Dr6_s60.A01 fileNameGt=../../cp2016-max-common-connected-subgraph-paper/datasets/graphsdb/mcs50/m3D/m3Dr6/mcs50_m3Dr6_s60.B01
Reading graphs...
60 :  163
60 :  164
Initializing...
maxdom : 7
D->valSize : 255
Solving...
Blb : 2 (clique : 18)
currentSize : 18 <-- 0.002909 s
currentSize : 19 <-- 0.004808 s
currentSize : 20 <-- 0.015396 s
currentSize : 21 <-- 0.023315 s
currentSize : 22 <-- 0.091817 s
currentSize : 23 <-- 0.540727 s
currentSize : 24 <-- 8.823553 s
currentSize : 25 <-- 31.988792 s
currentSize : 26 <-- 46.505592 s
currentSize : 27 <-- 78.698242 s

maxsize : 27
nodes : 25864819.000000
filtered : 177199440.000000
time : 120.164917
