Parameters: GAD=1 vflib=1 dir=0 label=0 vlabel=1 lowerbound=1 fileNameGp=../../cp2016-max-common-connected-subgraph-paper/datasets/graphsdb/mcs50/bvg/b09/mcs50_b09_s60.A06 fileNameGt=../../cp2016-max-common-connected-subgraph-paper/datasets/graphsdb/mcs50/bvg/b09/mcs50_b09_s60.B06
Reading graphs...
60 :  268
60 :  267
Initializing...
maxdom : 8
D->valSize : 260
Solving...
Blb : 2 (clique : 15)
currentSize : 15 <-- 0.001878 s
currentSize : 16 <-- 0.004370 s
currentSize : 17 <-- 0.027522 s
currentSize : 18 <-- 0.037151 s
currentSize : 19 <-- 0.246991 s
currentSize : 25 <-- 1.274691 s
currentSize : 26 <-- 1.274786 s
currentSize : 27 <-- 1.275019 s
currentSize : 29 <-- 1.275202 s
currentSize : 30 <-- 1.275246 s

maxsize : 30
nodes : 423643.000000
filtered : 2601050.000000
time : 1.877756
