Parameters: GAD=1 vflib=1 dir=0 label=0 vlabel=1 lowerbound=1 fileNameGp=../../cp2016-max-common-connected-subgraph-paper/datasets/graphsdb/mcs50/m2D/m2Dr6/mcs50_m2Dr6_s100.A09 fileNameGt=../../cp2016-max-common-connected-subgraph-paper/datasets/graphsdb/mcs50/m2D/m2Dr6/mcs50_m2Dr6_s100.B09
Reading graphs...
100 :  238
100 :  236
Initializing...
maxdom : 8
D->valSize : 352
Solving...
Blb : 2 (clique : 39)
currentSize : 39 <-- 0.003688 s
currentSize : 40 <-- 3.775635 s
currentSize : 41 <-- 21.311468 s
currentSize : 42 <-- 112.717857 s
currentSize : 43 <-- 112.872536 s
currentSize : 44 <-- 627.505371 s

TIMEOUT
maxsize : 44
nodes : 195312894.000000
filtered : 673767119.000000
time : 1000.000061
