Parameters: GAD=1 vflib=1 dir=0 label=0 vlabel=1 lowerbound=1 fileNameGp=../../cp2016-max-common-connected-subgraph-paper/datasets/graphsdb/mcs50/m2D/m2D/mcs50_m2D_s90.A01 fileNameGt=../../cp2016-max-common-connected-subgraph-paper/datasets/graphsdb/mcs50/m2D/m2D/mcs50_m2D_s90.B01
Reading graphs...
90 :  160
90 :  160
Initializing...
maxdom : 10
D->valSize : 542
Solving...
Blb : 2 (clique : 40)
currentSize : 40 <-- 0.010798 s
currentSize : 41 <-- 0.013191 s
currentSize : 42 <-- 0.017710 s
currentSize : 43 <-- 0.030923 s
currentSize : 44 <-- 0.040617 s
currentSize : 45 <-- 0.113849 s
currentSize : 46 <-- 5.152244 s
currentSize : 47 <-- 5.152722 s
currentSize : 48 <-- 5.758236 s
currentSize : 49 <-- 200.911148 s
currentSize : 50 <-- 728.818481 s

TIMEOUT
maxsize : 50
nodes : 193222873.000000
filtered : 964975535.000000
time : 1000.000061
