Parameters: GAD=1 vflib=1 dir=0 label=0 vlabel=1 lowerbound=1 fileNameGp=../../cp2016-max-common-connected-subgraph-paper/datasets/graphsdb/mcs50/rand/r005/mcs50_r005_s50.A04 fileNameGt=../../cp2016-max-common-connected-subgraph-paper/datasets/graphsdb/mcs50/rand/r005/mcs50_r005_s50.B04
Reading graphs...
50 :  120
50 :  120
Initializing...
maxdom : 10
D->valSize : 349
Solving...
Blb : 2 (clique : 20)
currentSize : 20 <-- 0.004260 s
currentSize : 21 <-- 0.004473 s
currentSize : 22 <-- 0.070757 s
currentSize : 23 <-- 0.072619 s
currentSize : 24 <-- 0.089009 s
currentSize : 25 <-- 0.310186 s
currentSize : 26 <-- 16.109863 s
currentSize : 27 <-- 22.979208 s

maxsize : 27
nodes : 5413322.000000
filtered : 73218213.000000
time : 29.605143
