Parameters: GAD=1 vflib=1 dir=0 label=0 vlabel=1 lowerbound=1 fileNameGp=../../cp2016-max-common-connected-subgraph-paper/datasets/graphsdb/mcs50/bvg/b06/mcs50_b06_s50.A09 fileNameGt=../../cp2016-max-common-connected-subgraph-paper/datasets/graphsdb/mcs50/bvg/b06/mcs50_b06_s50.B09
Reading graphs...
50 :  147
50 :  148
Initializing...
maxdom : 11
D->valSize : 356
Solving...
Blb : 2 (clique : 16)
currentSize : 16 <-- 0.002906 s
currentSize : 17 <-- 0.007999 s
currentSize : 18 <-- 0.037369 s
currentSize : 20 <-- 0.039193 s
currentSize : 21 <-- 0.066813 s
currentSize : 22 <-- 0.090099 s
currentSize : 23 <-- 0.883673 s
currentSize : 24 <-- 4.817639 s
currentSize : 25 <-- 4.818195 s

maxsize : 25
nodes : 3630828.000000
filtered : 49465279.000000
time : 18.864584
