Parameters: GAD=1 vflib=1 dir=0 label=0 vlabel=1 lowerbound=1 fileNameGp=../../cp2016-max-common-connected-subgraph-paper/datasets/graphsdb/mcs50/rand/r01/mcs50_r01_s80.A05 fileNameGt=../../cp2016-max-common-connected-subgraph-paper/datasets/graphsdb/mcs50/rand/r01/mcs50_r01_s80.B05
Reading graphs...
80 :  595
80 :  593
Initializing...
maxdom : 9
D->valSize : 442
Solving...
Blb : 2 (clique : 14)
currentSize : 14 <-- 0.004224 s
currentSize : 15 <-- 0.005185 s
currentSize : 16 <-- 0.029504 s
currentSize : 17 <-- 0.089227 s
currentSize : 19 <-- 0.205859 s
currentSize : 20 <-- 1.403577 s
currentSize : 21 <-- 2.452647 s
currentSize : 22 <-- 2.827850 s
currentSize : 24 <-- 3.858906 s
currentSize : 25 <-- 4.996287 s
currentSize : 27 <-- 5.025732 s
currentSize : 28 <-- 5.663102 s
currentSize : 30 <-- 5.663210 s
currentSize : 31 <-- 5.674216 s
currentSize : 32 <-- 6.581507 s
currentSize : 33 <-- 6.581683 s
currentSize : 40 <-- 7.083534 s

maxsize : 40
nodes : 1415197.000000
filtered : 12926064.000000
time : 8.428918
