Parameters: GAD=1 vflib=1 dir=0 label=0 vlabel=1 lowerbound=1 fileNameGp=../../cp2016-max-common-connected-subgraph-paper/datasets/graphsdb/mcs50/bvg/b06/mcs50_b06_s80.A06 fileNameGt=../../cp2016-max-common-connected-subgraph-paper/datasets/graphsdb/mcs50/bvg/b06/mcs50_b06_s80.B06
Reading graphs...
80 :  237
80 :  238
Initializing...
maxdom : 8
D->valSize : 434
Solving...
Blb : 2 (clique : 31)
currentSize : 31 <-- 0.004436 s
currentSize : 32 <-- 0.004836 s
currentSize : 33 <-- 0.004860 s
currentSize : 34 <-- 0.019562 s
currentSize : 35 <-- 23.342794 s
currentSize : 36 <-- 45.811447 s
currentSize : 37 <-- 45.811569 s

TIMEOUT
maxsize : 37
nodes : 166124270.000000
filtered : 1696205259.000000
time : 1000.000061
