Parameters: GAD=1 vflib=1 dir=0 label=0 vlabel=1 lowerbound=1 fileNameGp=../../cp2016-max-common-connected-subgraph-paper/datasets/graphsdb/mcs50/m3D/m3Dr6/mcs50_m3Dr6_s50.A03 fileNameGt=../../cp2016-max-common-connected-subgraph-paper/datasets/graphsdb/mcs50/m3D/m3Dr6/mcs50_m3Dr6_s50.B03
Reading graphs...
50 :  135
50 :  136
Initializing...
maxdom : 9
D->valSize : 341
Solving...
Blb : 2 (clique : 17)
currentSize : 17 <-- 0.002584 s
currentSize : 18 <-- 0.002721 s
currentSize : 19 <-- 0.006508 s
currentSize : 20 <-- 0.012096 s
currentSize : 21 <-- 1.074785 s
currentSize : 22 <-- 3.172325 s
currentSize : 23 <-- 8.787958 s
currentSize : 24 <-- 8.800364 s
currentSize : 25 <-- 8.805583 s
currentSize : 26 <-- 8.805722 s
currentSize : 27 <-- 14.096121 s

maxsize : 27
nodes : 3307882.000000
filtered : 45948912.000000
time : 16.872795
