Parameters: GAD=1 vflib=1 dir=0 label=0 vlabel=1 lowerbound=1 fileNameGp=../../cp2016-max-common-connected-subgraph-paper/datasets/graphsdb/mcs50/rand/r005/mcs50_r005_s50.A09 fileNameGt=../../cp2016-max-common-connected-subgraph-paper/datasets/graphsdb/mcs50/rand/r005/mcs50_r005_s50.B09
Reading graphs...
50 :  121
50 :  119
Initializing...
maxdom : 9
D->valSize : 312
Solving...
Blb : 2 (clique : 19)
currentSize : 19 <-- 0.002266 s
currentSize : 20 <-- 0.003780 s
currentSize : 21 <-- 0.005931 s
currentSize : 22 <-- 0.006686 s
currentSize : 23 <-- 0.011518 s
currentSize : 24 <-- 0.011748 s
currentSize : 25 <-- 0.013407 s

maxsize : 25
nodes : 3098353.000000
filtered : 37907148.000000
time : 16.803337
