Parameters: GAD=1 vflib=1 dir=0 label=0 vlabel=1 lowerbound=1 fileNameGp=../../cp2016-max-common-connected-subgraph-paper/datasets/graphsdb/mcs50/m2D/m2Dr2/mcs50_m2Dr2_s90.A07 fileNameGt=../../cp2016-max-common-connected-subgraph-paper/datasets/graphsdb/mcs50/m2D/m2Dr2/mcs50_m2Dr2_s90.B07
Reading graphs...
90 :  178
90 :  177
Initializing...
maxdom : 9
D->valSize : 568
Solving...
Blb : 2 (clique : 40)
currentSize : 40 <-- 0.011470 s
currentSize : 41 <-- 0.012003 s
currentSize : 42 <-- 0.013263 s
currentSize : 43 <-- 0.016604 s
currentSize : 44 <-- 0.103504 s
currentSize : 45 <-- 0.106610 s
currentSize : 46 <-- 1.057050 s

TIMEOUT
maxsize : 46
nodes : 173624009.000000
filtered : 1236338818.000000
time : 1000.000061
