Parameters: GAD=1 vflib=1 dir=0 label=0 vlabel=1 lowerbound=1 fileNameGp=../../cp2016-max-common-connected-subgraph-paper/datasets/graphsdb/mcs50/bvg/b03/mcs50_b03_s60.A02 fileNameGt=../../cp2016-max-common-connected-subgraph-paper/datasets/graphsdb/mcs50/bvg/b03/mcs50_b03_s60.B02
Reading graphs...
60 :  90
60 :  88
Initializing...
maxdom : 9
D->valSize : 287
Solving...
Blb : 2 (clique : 25)
currentSize : 25 <-- 0.002125 s
currentSize : 26 <-- 0.002277 s
currentSize : 27 <-- 0.002420 s
currentSize : 28 <-- 0.002771 s
currentSize : 29 <-- 0.010352 s
currentSize : 30 <-- 0.489396 s
currentSize : 31 <-- 0.895288 s
currentSize : 32 <-- 3.006169 s
currentSize : 33 <-- 3.393631 s
currentSize : 34 <-- 6.542586 s

maxsize : 34
nodes : 6690733.000000
filtered : 41711831.000000
time : 31.364857
