Parameters: GAD=1 vflib=1 dir=0 label=0 vlabel=1 lowerbound=1 fileNameGp=../../cp2016-max-common-connected-subgraph-paper/datasets/graphsdb/mcs50/m2D/m2Dr2/mcs50_m2Dr2_s50.A09 fileNameGt=../../cp2016-max-common-connected-subgraph-paper/datasets/graphsdb/mcs50/m2D/m2Dr2/mcs50_m2Dr2_s50.B09
Reading graphs...
50 :  95
50 :  95
Initializing...
maxdom : 9
D->valSize : 352
Solving...
Blb : 2 (clique : 21)
currentSize : 21 <-- 0.004374 s
currentSize : 22 <-- 0.004574 s
currentSize : 23 <-- 0.006085 s
currentSize : 24 <-- 0.011041 s
currentSize : 25 <-- 0.018855 s
currentSize : 26 <-- 0.063910 s
currentSize : 27 <-- 0.065729 s

maxsize : 27
nodes : 41067061.000000
filtered : 555346634.000000
time : 225.131546
