Parameters: GAD=1 vflib=1 dir=0 label=0 vlabel=1 lowerbound=1 fileNameGp=../../cp2016-max-common-connected-subgraph-paper/datasets/graphsdb/mcs50/m2D/m2Dr6/mcs50_m2Dr6_s80.A09 fileNameGt=../../cp2016-max-common-connected-subgraph-paper/datasets/graphsdb/mcs50/m2D/m2Dr6/mcs50_m2Dr6_s80.B09
Reading graphs...
80 :  189
80 :  186
Initializing...
maxdom : 7
D->valSize : 406
Solving...
Blb : 3 (clique : 29)
currentSize : 29 <-- 0.003928 s
currentSize : 30 <-- 128.959518 s
currentSize : 31 <-- 128.975388 s
currentSize : 32 <-- 312.859070 s
currentSize : 33 <-- 561.407532 s
currentSize : 34 <-- 816.336121 s
currentSize : 35 <-- 816.336426 s

TIMEOUT
maxsize : 35
nodes : 183925630.000000
filtered : 1413465202.000000
time : 1000.000061
