Parameters: GAD=1 vflib=1 dir=0 label=0 vlabel=1 lowerbound=1 fileNameGp=../../cp2016-max-common-connected-subgraph-paper/datasets/graphsdb/mcs50/m3D/m3D/mcs50_m3D_s50.A01 fileNameGt=../../cp2016-max-common-connected-subgraph-paper/datasets/graphsdb/mcs50/m3D/m3D/mcs50_m3D_s50.B01
Reading graphs...
50 :  109
50 :  108
Initializing...
maxdom : 9
D->valSize : 326
Solving...
Blb : 3 (clique : 19)
currentSize : 19 <-- 0.003970 s
currentSize : 20 <-- 0.006259 s
currentSize : 21 <-- 0.009260 s
currentSize : 22 <-- 0.009598 s
currentSize : 23 <-- 0.026730 s
currentSize : 24 <-- 6.734707 s
currentSize : 25 <-- 19.673744 s
currentSize : 26 <-- 30.189180 s
currentSize : 27 <-- 31.259712 s
currentSize : 28 <-- 31.263384 s
currentSize : 29 <-- 31.263502 s
currentSize : 31 <-- 34.151890 s

maxsize : 31
nodes : 7292342.000000
filtered : 83254593.000000
time : 36.414417
