Parameters: GAD=1 vflib=1 dir=0 label=0 vlabel=1 lowerbound=1 fileNameGp=../../cp2016-max-common-connected-subgraph-paper/datasets/graphsdb/mcs50/m2D/m2D/mcs50_m2D_s80.A09 fileNameGt=../../cp2016-max-common-connected-subgraph-paper/datasets/graphsdb/mcs50/m2D/m2D/mcs50_m2D_s80.B09
Reading graphs...
80 :  142
80 :  142
Initializing...
maxdom : 9
D->valSize : 444
Solving...
Blb : 2 (clique : 34)
currentSize : 34 <-- 0.007693 s
currentSize : 35 <-- 0.008129 s
currentSize : 36 <-- 0.008255 s
currentSize : 37 <-- 1.896827 s
currentSize : 38 <-- 2.158051 s
currentSize : 39 <-- 3.499396 s
currentSize : 40 <-- 4.593455 s
currentSize : 41 <-- 10.231252 s
currentSize : 42 <-- 21.506166 s
currentSize : 43 <-- 588.140137 s

TIMEOUT
maxsize : 43
nodes : 194772800.000000
filtered : 1137119047.000000
time : 1000.000061
