Parameters: GAD=1 vflib=1 dir=0 label=0 vlabel=1 lowerbound=1 fileNameGp=../../cp2016-max-common-connected-subgraph-paper/datasets/graphsdb/mcs50/bvg/b03/mcs50_b03_s70.A02 fileNameGt=../../cp2016-max-common-connected-subgraph-paper/datasets/graphsdb/mcs50/bvg/b03/mcs50_b03_s70.B02
Reading graphs...
70 :  105
70 :  105
Initializing...
maxdom : 11
D->valSize : 376
Solving...
Blb : 2 (clique : 30)
currentSize : 30 <-- 0.003391 s
currentSize : 31 <-- 0.005936 s
currentSize : 32 <-- 0.022339 s
currentSize : 33 <-- 3.652308 s
currentSize : 34 <-- 35.300098 s
currentSize : 35 <-- 75.707359 s
currentSize : 36 <-- 175.246887 s
currentSize : 37 <-- 374.427612 s

TIMEOUT
maxsize : 37
nodes : 177285493.000000
filtered : 1804489594.000000
time : 1000.000061
