Parameters: GAD=1 vflib=1 dir=0 label=0 vlabel=1 lowerbound=1 fileNameGp=../../cp2016-max-common-connected-subgraph-paper/datasets/graphsdb/mcs50/bvg/b03m/mcs50_b03m_s80.A01 fileNameGt=../../cp2016-max-common-connected-subgraph-paper/datasets/graphsdb/mcs50/bvg/b03m/mcs50_b03m_s80.B01
Reading graphs...
80 :  120
80 :  120
Initializing...
maxdom : 7
D->valSize : 420
Solving...
Blb : 2 (clique : 32)
currentSize : 32 <-- 0.004379 s
currentSize : 37 <-- 0.004612 s
currentSize : 38 <-- 0.004642 s
currentSize : 39 <-- 0.010058 s
currentSize : 40 <-- 0.018253 s
currentSize : 41 <-- 0.080619 s
currentSize : 43 <-- 0.093206 s
currentSize : 44 <-- 0.252439 s
currentSize : 45 <-- 2.520210 s
currentSize : 46 <-- 785.595398 s
currentSize : 47 <-- 785.595581 s

TIMEOUT
maxsize : 47
nodes : 169990231.000000
filtered : 1123529760.000000
time : 1000.000061
