Parameters: GAD=1 vflib=1 dir=0 label=0 vlabel=1 lowerbound=1 fileNameGp=../../cp2016-max-common-connected-subgraph-paper/datasets/graphsdb/mcs50/rand/r005/mcs50_r005_s90.A06 fileNameGt=../../cp2016-max-common-connected-subgraph-paper/datasets/graphsdb/mcs50/rand/r005/mcs50_r005_s90.B06
Reading graphs...
90 :  388
90 :  381
Initializing...
maxdom : 10
D->valSize : 564
Solving...
Blb : 2 (clique : 26)
currentSize : 26 <-- 0.010694 s
currentSize : 27 <-- 0.205392 s
currentSize : 28 <-- 0.412619 s
currentSize : 29 <-- 0.415631 s
currentSize : 30 <-- 29.372704 s
currentSize : 31 <-- 75.331680 s
currentSize : 32 <-- 81.614723 s
currentSize : 37 <-- 91.240601 s
currentSize : 38 <-- 107.568657 s
currentSize : 39 <-- 107.584724 s
currentSize : 41 <-- 107.653526 s
currentSize : 45 <-- 107.653664 s

maxsize : 45
nodes : 54528225.000000
filtered : 731250937.000000
time : 400.759369
