Parameters: GAD=1 vflib=1 dir=0 label=0 vlabel=1 lowerbound=1 fileNameGp=../../cp2016-max-common-connected-subgraph-paper/datasets/graphsdb/mcs50/m3D/m3Dr6/mcs50_m3Dr6_s50.A02 fileNameGt=../../cp2016-max-common-connected-subgraph-paper/datasets/graphsdb/mcs50/m3D/m3Dr6/mcs50_m3Dr6_s50.B02
Reading graphs...
50 :  135
50 :  135
Initializing...
maxdom : 8
D->valSize : 324
Solving...
Blb : 3 (clique : 20)
currentSize : 20 <-- 0.002444 s
currentSize : 21 <-- 2.605146 s
currentSize : 22 <-- 2.609456 s
currentSize : 23 <-- 9.314091 s
currentSize : 24 <-- 9.314273 s
currentSize : 25 <-- 13.728167 s
currentSize : 26 <-- 14.748100 s
currentSize : 27 <-- 27.218527 s
currentSize : 28 <-- 27.275557 s

maxsize : 28
nodes : 5951761.000000
filtered : 62110239.000000
time : 28.444775
