Parameters: GAD=1 vflib=1 dir=0 label=0 vlabel=1 lowerbound=1 fileNameGp=../../cp2016-max-common-connected-subgraph-paper/datasets/graphsdb/mcs50/m2D/m2Dr4/mcs50_m2Dr4_s50.A02 fileNameGt=../../cp2016-max-common-connected-subgraph-paper/datasets/graphsdb/mcs50/m2D/m2Dr4/mcs50_m2Dr4_s50.B02
Reading graphs...
50 :  103
50 :  103
Initializing...
maxdom : 10
D->valSize : 324
Solving...
Blb : 2 (clique : 17)
currentSize : 17 <-- 0.002406 s
currentSize : 18 <-- 0.002536 s
currentSize : 19 <-- 0.002595 s
currentSize : 22 <-- 0.003730 s
currentSize : 23 <-- 0.064771 s
currentSize : 24 <-- 25.487518 s
currentSize : 25 <-- 25.487745 s
currentSize : 26 <-- 32.457039 s
currentSize : 28 <-- 35.096020 s

maxsize : 28
nodes : 11073099.000000
filtered : 124017725.000000
time : 54.766121
