Parameters: GAD=1 vflib=1 dir=0 label=0 vlabel=1 lowerbound=1 fileNameGp=../../cp2016-max-common-connected-subgraph-paper/datasets/graphsdb/mcs50/rand/r005/mcs50_r005_s90.A03 fileNameGt=../../cp2016-max-common-connected-subgraph-paper/datasets/graphsdb/mcs50/rand/r005/mcs50_r005_s90.B03
Reading graphs...
90 :  393
90 :  389
Initializing...
maxdom : 10
D->valSize : 532
Solving...
Blb : 2 (clique : 21)
currentSize : 21 <-- 0.006058 s
currentSize : 22 <-- 0.006284 s
currentSize : 23 <-- 0.006520 s
currentSize : 24 <-- 0.007571 s
currentSize : 25 <-- 0.013133 s
currentSize : 26 <-- 0.036728 s
currentSize : 27 <-- 0.057044 s
currentSize : 28 <-- 0.130078 s
currentSize : 29 <-- 0.255748 s
currentSize : 30 <-- 0.876985 s
currentSize : 31 <-- 626.148071 s
currentSize : 32 <-- 938.224731 s

TIMEOUT
maxsize : 32
nodes : 159154036.000000
filtered : 1544493379.000000
time : 1000.000061
