Parameters: GAD=1 vflib=1 dir=0 label=0 vlabel=1 lowerbound=1 fileNameGp=../../cp2016-max-common-connected-subgraph-paper/datasets/graphsdb/mcs50/bvg/b03/mcs50_b03_s60.A00 fileNameGt=../../cp2016-max-common-connected-subgraph-paper/datasets/graphsdb/mcs50/bvg/b03/mcs50_b03_s60.B00
Reading graphs...
60 :  90
60 :  89
Initializing...
maxdom : 8
D->valSize : 245
Solving...
Blb : 2 (clique : 24)
currentSize : 24 <-- 0.002841 s
currentSize : 25 <-- 0.003008 s
currentSize : 26 <-- 0.003206 s
currentSize : 27 <-- 0.007034 s
currentSize : 28 <-- 0.031000 s
currentSize : 31 <-- 0.110203 s
currentSize : 32 <-- 0.116366 s
currentSize : 33 <-- 0.254081 s
currentSize : 34 <-- 1.206712 s
currentSize : 35 <-- 13.211259 s

maxsize : 35
nodes : 4026713.000000
filtered : 25547086.000000
time : 18.067524
