Parameters: GAD=1 vflib=1 dir=0 label=0 vlabel=1 lowerbound=1 fileNameGp=../../cp2016-max-common-connected-subgraph-paper/datasets/graphsdb/mcs50/rand/r02/mcs50_r02_s70.A04 fileNameGt=../../cp2016-max-common-connected-subgraph-paper/datasets/graphsdb/mcs50/rand/r02/mcs50_r02_s70.B04
Reading graphs...
70 :  865
70 :  850
Initializing...
maxdom : 9
D->valSize : 318
Solving...
Blb : 5 (clique : 9)
currentSize : 9 <-- 0.002553 s
currentSize : 10 <-- 0.003436 s
currentSize : 11 <-- 0.004422 s
currentSize : 12 <-- 0.005482 s
currentSize : 13 <-- 0.007486 s
currentSize : 15 <-- 0.007545 s
currentSize : 16 <-- 0.007768 s
currentSize : 20 <-- 0.010743 s
currentSize : 23 <-- 0.019033 s
currentSize : 26 <-- 0.019115 s
currentSize : 29 <-- 0.044577 s
currentSize : 35 <-- 0.075814 s

maxsize : 35
nodes : 18002.000000
filtered : 283515.000000
time : 0.117127
