Parameters: GAD=1 vflib=1 dir=0 label=0 vlabel=1 lowerbound=1 fileNameGp=../../cp2016-max-common-connected-subgraph-paper/datasets/graphsdb/mcs50/bvg/b03m/mcs50_b03m_s80.A05 fileNameGt=../../cp2016-max-common-connected-subgraph-paper/datasets/graphsdb/mcs50/bvg/b03m/mcs50_b03m_s80.B05
Reading graphs...
80 :  118
80 :  118
Initializing...
maxdom : 9
D->valSize : 428
Solving...
Blb : 2 (clique : 31)
currentSize : 31 <-- 0.004321 s
currentSize : 32 <-- 0.006384 s
currentSize : 33 <-- 0.032767 s
currentSize : 34 <-- 0.436487 s
currentSize : 35 <-- 1.069370 s
currentSize : 36 <-- 76.378685 s
currentSize : 37 <-- 92.409225 s
currentSize : 38 <-- 698.939697 s
currentSize : 39 <-- 704.396423 s

TIMEOUT
maxsize : 39
nodes : 195743034.000000
filtered : 1267036703.000000
time : 1000.000061
