Parameters: GAD=1 vflib=1 dir=0 label=0 vlabel=1 lowerbound=1 fileNameGp=../../cp2016-max-common-connected-subgraph-paper/datasets/graphsdb/mcs50/rand/r02/mcs50_r02_s90.A07 fileNameGt=../../cp2016-max-common-connected-subgraph-paper/datasets/graphsdb/mcs50/rand/r02/mcs50_r02_s90.B07
Reading graphs...
90 :  1433
90 :  1424
Initializing...
maxdom : 10
D->valSize : 533
Solving...
Blb : 2 (clique : 10)
currentSize : 10 <-- 0.005862 s
currentSize : 11 <-- 0.005992 s
currentSize : 12 <-- 0.006111 s
currentSize : 13 <-- 0.007001 s
currentSize : 14 <-- 0.007754 s
currentSize : 15 <-- 0.008099 s
currentSize : 18 <-- 0.009461 s
currentSize : 21 <-- 0.010161 s
currentSize : 30 <-- 0.010264 s
currentSize : 45 <-- 0.020050 s

maxsize : 45
nodes : 45486.000000
filtered : 1527312.000000
time : 0.437769
