Parameters: GAD=1 vflib=1 dir=0 label=0 vlabel=1 lowerbound=1 fileNameGp=../../cp2016-max-common-connected-subgraph-paper/datasets/graphsdb/mcs50/rand/r02/mcs50_r02_s80.A09 fileNameGt=../../cp2016-max-common-connected-subgraph-paper/datasets/graphsdb/mcs50/rand/r02/mcs50_r02_s80.B09
Reading graphs...
80 :  1116
80 :  1138
Initializing...
maxdom : 8
D->valSize : 445
Solving...
Blb : 5 (clique : 10)
currentSize : 10 <-- 0.004578 s
currentSize : 11 <-- 0.004698 s
currentSize : 12 <-- 0.009208 s
currentSize : 13 <-- 0.013924 s
currentSize : 14 <-- 0.048713 s
currentSize : 16 <-- 0.094672 s
currentSize : 17 <-- 0.171138 s
currentSize : 19 <-- 0.172043 s
currentSize : 23 <-- 0.506485 s
currentSize : 24 <-- 0.940722 s
currentSize : 28 <-- 1.013280 s
currentSize : 40 <-- 1.014520 s

maxsize : 40
nodes : 190153.000000
filtered : 2293485.000000
time : 1.211330
