Parameters: GAD=1 vflib=1 dir=0 label=0 vlabel=1 lowerbound=1 fileNameGp=../../cp2016-max-common-connected-subgraph-paper/datasets/graphsdb/mcs50/m2D/m2Dr4/mcs50_m2Dr4_s70.A01 fileNameGt=../../cp2016-max-common-connected-subgraph-paper/datasets/graphsdb/mcs50/m2D/m2Dr4/mcs50_m2Dr4_s70.B01
Reading graphs...
70 :  146
70 :  146
Initializing...
maxdom : 7
D->valSize : 350
Solving...
Blb : 3 (clique : 28)
currentSize : 28 <-- 0.003054 s
currentSize : 29 <-- 0.012779 s
currentSize : 30 <-- 0.201871 s
currentSize : 31 <-- 13.905180 s
currentSize : 32 <-- 63.214684 s
currentSize : 33 <-- 86.070999 s
currentSize : 34 <-- 200.195053 s
currentSize : 35 <-- 239.265625 s
currentSize : 36 <-- 263.951904 s
currentSize : 37 <-- 264.329224 s
currentSize : 38 <-- 454.068237 s
currentSize : 39 <-- 455.278595 s

maxsize : 39
nodes : 135340289.000000
filtered : 953396457.000000
time : 702.900818
