Parameters: GAD=1 vflib=1 dir=0 label=0 vlabel=1 lowerbound=1 fileNameGp=../../cp2016-max-common-connected-subgraph-paper/datasets/graphsdb/mcs50/rand/r01/mcs50_r01_s40.A05 fileNameGt=../../cp2016-max-common-connected-subgraph-paper/datasets/graphsdb/mcs50/rand/r01/mcs50_r01_s40.B05
Reading graphs...
40 :  148
40 :  148
Initializing...
maxdom : 9
D->valSize : 230
Solving...
Blb : 2 (clique : 11)
currentSize : 11 <-- 0.002079 s
currentSize : 12 <-- 0.002196 s
currentSize : 13 <-- 0.002306 s
currentSize : 14 <-- 0.009301 s
currentSize : 15 <-- 0.063323 s
currentSize : 16 <-- 0.125963 s
currentSize : 18 <-- 0.302132 s
currentSize : 19 <-- 0.302416 s
currentSize : 20 <-- 0.303294 s

maxsize : 20
nodes : 100927.000000
filtered : 907986.000000
time : 0.457492
