Parameters: GAD=1 vflib=1 dir=0 label=0 vlabel=1 lowerbound=1 fileNameGp=../../cp2016-max-common-connected-subgraph-paper/datasets/graphsdb/mcs50/m2D/m2Dr6/mcs50_m2Dr6_s60.A06 fileNameGt=../../cp2016-max-common-connected-subgraph-paper/datasets/graphsdb/mcs50/m2D/m2Dr6/mcs50_m2Dr6_s60.B06
Reading graphs...
60 :  139
60 :  137
Initializing...
maxdom : 8
D->valSize : 260
Solving...
Blb : 3 (clique : 18)
currentSize : 18 <-- 0.001846 s
currentSize : 19 <-- 0.001987 s
currentSize : 20 <-- 0.003386 s
currentSize : 21 <-- 0.004258 s
currentSize : 22 <-- 0.010417 s
currentSize : 23 <-- 0.034912 s
currentSize : 24 <-- 1.976302 s
currentSize : 25 <-- 2.888676 s
currentSize : 27 <-- 2.889017 s
currentSize : 28 <-- 8.439504 s

maxsize : 28
nodes : 3125342.000000
filtered : 24494495.000000
time : 14.677134
