Parameters: GAD=1 vflib=1 dir=0 label=0 vlabel=1 lowerbound=1 fileNameGp=../../cp2016-max-common-connected-subgraph-paper/datasets/graphsdb/mcs50/m2D/m2Dr6/mcs50_m2Dr6_s50.A07 fileNameGt=../../cp2016-max-common-connected-subgraph-paper/datasets/graphsdb/mcs50/m2D/m2Dr6/mcs50_m2Dr6_s50.B07
Reading graphs...
50 :  114
50 :  110
Initializing...
maxdom : 9
D->valSize : 344
Solving...
Blb : 2 (clique : 22)
currentSize : 22 <-- 0.004206 s
currentSize : 23 <-- 0.006715 s
currentSize : 24 <-- 0.011922 s
currentSize : 25 <-- 0.012143 s
currentSize : 26 <-- 0.112083 s
currentSize : 27 <-- 0.113586 s
currentSize : 28 <-- 0.511059 s

maxsize : 28
nodes : 1646665.000000
filtered : 26658869.000000
time : 9.601471
