Parameters: GAD=1 vflib=1 dir=0 label=0 vlabel=1 lowerbound=1 fileNameGp=../../cp2016-max-common-connected-subgraph-paper/datasets/graphsdb/mcs50/bvg/b06/mcs50_b06_s40.A00 fileNameGt=../../cp2016-max-common-connected-subgraph-paper/datasets/graphsdb/mcs50/bvg/b06/mcs50_b06_s40.B00
Reading graphs...
40 :  120
40 :  115
Initializing...
maxdom : 7
D->valSize : 213
Solving...
Blb : 2 (clique : 13)
currentSize : 13 <-- 0.001943 s
currentSize : 14 <-- 0.003829 s
currentSize : 15 <-- 0.006896 s
currentSize : 16 <-- 0.360391 s
currentSize : 17 <-- 0.542291 s
currentSize : 18 <-- 0.542352 s
currentSize : 19 <-- 0.542798 s
currentSize : 20 <-- 0.542908 s

maxsize : 20
nodes : 247019.000000
filtered : 1967609.000000
time : 1.018844
