Parameters: GAD=1 vflib=1 dir=0 label=0 vlabel=1 lowerbound=1 fileNameGp=../../cp2016-max-common-connected-subgraph-paper/datasets/graphsdb/mcs50/bvg/b03m/mcs50_b03m_s90.A03 fileNameGt=../../cp2016-max-common-connected-subgraph-paper/datasets/graphsdb/mcs50/bvg/b03m/mcs50_b03m_s90.B03
Reading graphs...
90 :  135
90 :  135
Initializing...
maxdom : 13
D->valSize : 561
Solving...
Blb : 2 (clique : 40)
currentSize : 40 <-- 0.006959 s
currentSize : 42 <-- 0.007275 s
currentSize : 43 <-- 0.007403 s
currentSize : 44 <-- 0.008954 s
currentSize : 45 <-- 0.018983 s
currentSize : 46 <-- 3.873881 s
currentSize : 47 <-- 878.115601 s

TIMEOUT
maxsize : 47
nodes : 173519006.000000
filtered : 1337572947.000000
time : 1000.000061
