Parameters: GAD=1 vflib=1 dir=0 label=0 vlabel=1 lowerbound=1 fileNameGp=../../cp2016-max-common-connected-subgraph-paper/datasets/graphsdb/mcs50/m2D/m2Dr2/mcs50_m2Dr2_s60.A09 fileNameGt=../../cp2016-max-common-connected-subgraph-paper/datasets/graphsdb/mcs50/m2D/m2Dr2/mcs50_m2Dr2_s60.B09
Reading graphs...
60 :  115
60 :  114
Initializing...
maxdom : 6
D->valSize : 222
Solving...
Blb : 2 (clique : 23)
currentSize : 23 <-- 0.002556 s
currentSize : 24 <-- 0.003052 s
currentSize : 25 <-- 0.005234 s
currentSize : 26 <-- 0.011669 s
currentSize : 27 <-- 0.011887 s
currentSize : 28 <-- 0.016559 s
currentSize : 29 <-- 0.037493 s
currentSize : 30 <-- 2.290423 s

maxsize : 30
nodes : 13092838.000000
filtered : 84216786.000000
time : 60.109970
