Parameters: GAD=1 vflib=1 dir=0 label=0 vlabel=1 lowerbound=1 fileNameGp=../../cp2016-max-common-connected-subgraph-paper/datasets/graphsdb/mcs50/bvg/b09/mcs50_b09_s60.A09 fileNameGt=../../cp2016-max-common-connected-subgraph-paper/datasets/graphsdb/mcs50/bvg/b09/mcs50_b09_s60.B09
Reading graphs...
60 :  268
60 :  264
Initializing...
maxdom : 8
D->valSize : 246
Solving...
Blb : 2 (clique : 13)
currentSize : 13 <-- 0.001795 s
currentSize : 14 <-- 0.001905 s
currentSize : 15 <-- 0.002510 s
currentSize : 16 <-- 0.002650 s
currentSize : 17 <-- 0.008127 s
currentSize : 18 <-- 0.040640 s
currentSize : 19 <-- 0.226994 s
currentSize : 20 <-- 0.270867 s
currentSize : 21 <-- 0.986005 s
currentSize : 22 <-- 1.533983 s
currentSize : 23 <-- 2.286994 s
currentSize : 26 <-- 2.287072 s
currentSize : 28 <-- 2.302841 s
currentSize : 31 <-- 2.304703 s

maxsize : 31
nodes : 639353.000000
filtered : 4087227.000000
time : 2.933557
