Parameters: GAD=1 vflib=1 dir=0 label=0 vlabel=1 lowerbound=1 fileNameGp=../../cp2016-max-common-connected-subgraph-paper/datasets/graphsdb/mcs50/m3D/m3Dr6/mcs50_m3Dr6_s60.A09 fileNameGt=../../cp2016-max-common-connected-subgraph-paper/datasets/graphsdb/mcs50/m3D/m3Dr6/mcs50_m3Dr6_s60.B09
Reading graphs...
60 :  167
60 :  162
Initializing...
maxdom : 7
D->valSize : 259
Solving...
Blb : 3 (clique : 20)
currentSize : 20 <-- 0.003054 s
currentSize : 21 <-- 0.023690 s
currentSize : 22 <-- 0.095446 s
currentSize : 23 <-- 0.448919 s
currentSize : 24 <-- 1.464236 s
currentSize : 25 <-- 20.010565 s
currentSize : 26 <-- 31.735023 s
currentSize : 27 <-- 51.987900 s
currentSize : 28 <-- 67.737350 s

maxsize : 28
nodes : 15241130.000000
filtered : 115068917.000000
time : 74.484467
