Parameters: GAD=1 vflib=1 dir=0 label=0 vlabel=1 lowerbound=1 fileNameGp=../../cp2016-max-common-connected-subgraph-paper/datasets/graphsdb/mcs50/bvg/b06/mcs50_b06_s50.A03 fileNameGt=../../cp2016-max-common-connected-subgraph-paper/datasets/graphsdb/mcs50/bvg/b06/mcs50_b06_s50.B03
Reading graphs...
50 :  148
50 :  150
Initializing...
maxdom : 9
D->valSize : 332
Solving...
Blb : 2 (clique : 15)
currentSize : 15 <-- 0.003806 s
currentSize : 16 <-- 0.003976 s
currentSize : 17 <-- 0.004292 s
currentSize : 18 <-- 0.005264 s
currentSize : 19 <-- 0.008364 s
currentSize : 20 <-- 0.032373 s
currentSize : 21 <-- 1.104738 s
currentSize : 22 <-- 10.310374 s
currentSize : 24 <-- 11.748561 s
currentSize : 25 <-- 11.748724 s
currentSize : 26 <-- 11.754577 s

maxsize : 26
nodes : 3816260.000000
filtered : 42312376.000000
time : 18.191467
