Parameters: GAD=1 vflib=1 dir=0 label=0 vlabel=1 lowerbound=1 fileNameGp=../../cp2016-max-common-connected-subgraph-paper/datasets/graphsdb/mcs50/bvg/b06m/mcs50_b06m_s40.A00 fileNameGt=../../cp2016-max-common-connected-subgraph-paper/datasets/graphsdb/mcs50/bvg/b06m/mcs50_b06m_s40.B00
Reading graphs...
40 :  116
40 :  116
Initializing...
maxdom : 8
D->valSize : 211
Solving...
Blb : 2 (clique : 13)
currentSize : 13 <-- 0.001232 s
currentSize : 14 <-- 0.001703 s
currentSize : 15 <-- 0.008977 s
currentSize : 17 <-- 0.312548 s
currentSize : 18 <-- 0.312651 s
currentSize : 19 <-- 0.312894 s
currentSize : 20 <-- 0.312954 s
currentSize : 21 <-- 0.313144 s

maxsize : 21
nodes : 115246.000000
filtered : 722252.000000
time : 0.434007
