Parameters: GAD=1 vflib=1 dir=0 label=0 vlabel=1 lowerbound=1 fileNameGp=../../cp2016-max-common-connected-subgraph-paper/datasets/graphsdb/mcs50/rand/r02/mcs50_r02_s100.A09 fileNameGt=../../cp2016-max-common-connected-subgraph-paper/datasets/graphsdb/mcs50/rand/r02/mcs50_r02_s100.B09
Reading graphs...
100 :  1768
100 :  1758
Initializing...
maxdom : 6
D->valSize : 350
Solving...
Blb : 2 (clique : 10)
currentSize : 10 <-- 0.003510 s
currentSize : 11 <-- 0.003784 s
currentSize : 12 <-- 0.014646 s
currentSize : 14 <-- 0.046566 s
currentSize : 15 <-- 0.046680 s
currentSize : 17 <-- 0.056422 s
currentSize : 18 <-- 0.089167 s
currentSize : 19 <-- 0.154937 s
currentSize : 21 <-- 0.188383 s
currentSize : 23 <-- 0.244884 s
currentSize : 26 <-- 0.245566 s
currentSize : 32 <-- 0.392139 s
currentSize : 34 <-- 0.459144 s
currentSize : 50 <-- 0.460130 s

maxsize : 50
nodes : 74530.000000
filtered : 729126.000000
time : 0.524631
