Parameters: GAD=1 vflib=1 dir=0 label=0 vlabel=1 lowerbound=1 fileNameGp=../../cp2016-max-common-connected-subgraph-paper/datasets/graphsdb/mcs50/m2D/m2Dr4/mcs50_m2Dr4_s90.A00 fileNameGt=../../cp2016-max-common-connected-subgraph-paper/datasets/graphsdb/mcs50/m2D/m2Dr4/mcs50_m2Dr4_s90.B00
Reading graphs...
90 :  197
90 :  196
Initializing...
maxdom : 11
D->valSize : 573
Solving...
Blb : 2 (clique : 33)
currentSize : 33 <-- 0.006953 s
currentSize : 34 <-- 0.008008 s
currentSize : 35 <-- 0.008884 s
currentSize : 36 <-- 0.012614 s
currentSize : 37 <-- 0.012787 s
currentSize : 38 <-- 70.247131 s

TIMEOUT
maxsize : 38
nodes : 170787806.000000
filtered : 1251299629.000000
time : 1000.000061
