Parameters: GAD=1 vflib=1 dir=0 label=0 vlabel=1 lowerbound=1 fileNameGp=../../cp2016-max-common-connected-subgraph-paper/datasets/graphsdb/mcs50/m2D/m2Dr6/mcs50_m2Dr6_s60.A08 fileNameGt=../../cp2016-max-common-connected-subgraph-paper/datasets/graphsdb/mcs50/m2D/m2Dr6/mcs50_m2Dr6_s60.B08
Reading graphs...
60 :  140
60 :  137
Initializing...
maxdom : 6
D->valSize : 238
Solving...
Blb : 2 (clique : 18)
currentSize : 18 <-- 0.002749 s
currentSize : 19 <-- 0.003064 s
currentSize : 20 <-- 0.003402 s
currentSize : 21 <-- 0.004495 s
currentSize : 22 <-- 0.041767 s
currentSize : 23 <-- 0.065746 s
currentSize : 24 <-- 0.065913 s
currentSize : 25 <-- 0.117595 s
currentSize : 27 <-- 0.124017 s
currentSize : 28 <-- 1.031063 s
currentSize : 29 <-- 1.206135 s
currentSize : 30 <-- 5.622536 s

maxsize : 30
nodes : 4682936.000000
filtered : 36249442.000000
time : 21.953804
