Parameters: GAD=1 vflib=1 dir=0 label=0 vlabel=1 lowerbound=1 fileNameGp=../../cp2016-max-common-connected-subgraph-paper/datasets/graphsdb/mcs50/bvg/b03m/mcs50_b03m_s60.A02 fileNameGt=../../cp2016-max-common-connected-subgraph-paper/datasets/graphsdb/mcs50/bvg/b03m/mcs50_b03m_s60.B02
Reading graphs...
60 :  90
60 :  90
Initializing...
maxdom : 9
D->valSize : 240
Solving...
Blb : 3 (clique : 26)
currentSize : 26 <-- 0.001992 s
currentSize : 27 <-- 0.194564 s
currentSize : 28 <-- 0.230275 s
currentSize : 29 <-- 2.858292 s
currentSize : 30 <-- 12.329857 s
currentSize : 31 <-- 19.677963 s
currentSize : 32 <-- 63.731300 s
currentSize : 33 <-- 69.721901 s
currentSize : 34 <-- 69.736137 s
currentSize : 35 <-- 70.187881 s

maxsize : 35
nodes : 19623725.000000
filtered : 90950502.000000
time : 83.587929
