Parameters: GAD=1 vflib=1 dir=0 label=0 vlabel=1 lowerbound=1 fileNameGp=../../cp2016-max-common-connected-subgraph-paper/datasets/graphsdb/mcs50/bvg/b09m/mcs50_b09m_s60.A03 fileNameGt=../../cp2016-max-common-connected-subgraph-paper/datasets/graphsdb/mcs50/bvg/b09m/mcs50_b09m_s60.B03
Reading graphs...
60 :  262
60 :  261
Initializing...
maxdom : 6
D->valSize : 252
Solving...
Blb : 2 (clique : 16)
currentSize : 16 <-- 0.002792 s
currentSize : 17 <-- 0.003279 s
currentSize : 18 <-- 0.026334 s
currentSize : 19 <-- 0.027382 s
currentSize : 22 <-- 0.131063 s
currentSize : 23 <-- 0.131174 s
currentSize : 24 <-- 0.131323 s
currentSize : 26 <-- 0.132031 s
currentSize : 27 <-- 0.132218 s
currentSize : 28 <-- 1.397865 s
currentSize : 30 <-- 1.708244 s
currentSize : 31 <-- 1.708447 s

maxsize : 31
nodes : 429732.000000
filtered : 3911802.000000
time : 2.164248
