Parameters: GAD=1 vflib=1 dir=0 label=0 vlabel=1 lowerbound=1 fileNameGp=../../cp2016-max-common-connected-subgraph-paper/datasets/graphsdb/mcs50/bvg/b09m/mcs50_b09m_s60.A07 fileNameGt=../../cp2016-max-common-connected-subgraph-paper/datasets/graphsdb/mcs50/bvg/b09m/mcs50_b09m_s60.B07
Reading graphs...
60 :  264
60 :  265
Initializing...
maxdom : 9
D->valSize : 249
Solving...
Blb : 2 (clique : 21)
currentSize : 21 <-- 0.001863 s
currentSize : 22 <-- 0.002027 s
currentSize : 23 <-- 0.002552 s
currentSize : 24 <-- 0.002643 s
currentSize : 26 <-- 0.003617 s
currentSize : 27 <-- 0.003736 s
currentSize : 29 <-- 0.004493 s
currentSize : 30 <-- 0.004628 s

maxsize : 30
nodes : 250403.000000
filtered : 1429852.000000
time : 1.158224
