Parameters: GAD=1 vflib=1 dir=0 label=0 vlabel=1 lowerbound=1 fileNameGp=../../cp2016-max-common-connected-subgraph-paper/datasets/graphsdb/mcs50/bvg/b06m/mcs50_b06m_s80.A05 fileNameGt=../../cp2016-max-common-connected-subgraph-paper/datasets/graphsdb/mcs50/bvg/b06m/mcs50_b06m_s80.B05
Reading graphs...
80 :  236
80 :  237
Initializing...
maxdom : 9
D->valSize : 428
Solving...
Blb : 2 (clique : 28)
currentSize : 28 <-- 0.004160 s
currentSize : 29 <-- 0.005563 s
currentSize : 30 <-- 0.213878 s
currentSize : 31 <-- 0.484351 s
currentSize : 32 <-- 0.484552 s
currentSize : 34 <-- 5.086365 s
currentSize : 35 <-- 8.495042 s
currentSize : 36 <-- 8.496032 s
currentSize : 38 <-- 10.220416 s
currentSize : 39 <-- 10.221043 s
currentSize : 40 <-- 15.859301 s
currentSize : 41 <-- 28.546072 s
currentSize : 42 <-- 28.551672 s

maxsize : 42
nodes : 158506996.000000
filtered : 1318730272.000000
time : 930.826965
