Parameters: GAD=1 vflib=1 dir=0 label=0 vlabel=1 lowerbound=1 fileNameGp=../../cp2016-max-common-connected-subgraph-paper/datasets/graphsdb/mcs50/rand/r01/mcs50_r01_s100.A08 fileNameGt=../../cp2016-max-common-connected-subgraph-paper/datasets/graphsdb/mcs50/rand/r01/mcs50_r01_s100.B08
Reading graphs...
100 :  935
100 :  934
Initializing...
maxdom : 6
D->valSize : 360
Solving...
Blb : 2 (clique : 15)
currentSize : 15 <-- 0.005632 s
currentSize : 17 <-- 0.007410 s
currentSize : 18 <-- 0.299929 s
currentSize : 20 <-- 0.403218 s
currentSize : 21 <-- 0.404958 s
currentSize : 23 <-- 0.443886 s
currentSize : 25 <-- 0.617799 s
currentSize : 29 <-- 0.717383 s
currentSize : 31 <-- 1.092818 s
currentSize : 32 <-- 1.093193 s
currentSize : 40 <-- 1.197532 s
currentSize : 41 <-- 1.200078 s
currentSize : 47 <-- 2.145635 s
currentSize : 50 <-- 2.145924 s

maxsize : 50
nodes : 393295.000000
filtered : 3706992.000000
time : 2.843240
