Parameters: GAD=1 vflib=1 dir=0 label=0 vlabel=1 lowerbound=1 fileNameGp=../../cp2016-max-common-connected-subgraph-paper/datasets/graphsdb/mcs50/m2D/m2Dr2/mcs50_m2Dr2_s70.A09 fileNameGt=../../cp2016-max-common-connected-subgraph-paper/datasets/graphsdb/mcs50/m2D/m2Dr2/mcs50_m2Dr2_s70.B09
Reading graphs...
70 :  135
70 :  134
Initializing...
maxdom : 8
D->valSize : 321
Solving...
Blb : 2 (clique : 28)
currentSize : 28 <-- 0.004291 s
currentSize : 29 <-- 0.004617 s
currentSize : 30 <-- 0.005046 s
currentSize : 31 <-- 0.008183 s
currentSize : 32 <-- 0.014033 s
currentSize : 33 <-- 0.026568 s
currentSize : 34 <-- 0.341799 s
currentSize : 35 <-- 0.377243 s
currentSize : 36 <-- 0.460158 s
currentSize : 37 <-- 0.880718 s
currentSize : 38 <-- 0.992988 s

maxsize : 38
nodes : 53467429.000000
filtered : 424395814.000000
time : 285.721558
