Parameters: GAD=1 vflib=1 dir=0 label=0 vlabel=1 lowerbound=1 fileNameGp=../../cp2016-max-common-connected-subgraph-paper/datasets/graphsdb/mcs50/m3D/m3Dr4/mcs50_m3Dr4_s50.A04 fileNameGt=../../cp2016-max-common-connected-subgraph-paper/datasets/graphsdb/mcs50/m3D/m3Dr4/mcs50_m3Dr4_s50.B04
Reading graphs...
50 :  127
50 :  128
Initializing...
maxdom : 8
D->valSize : 321
Solving...
Blb : 2 (clique : 19)
currentSize : 19 <-- 0.003822 s
currentSize : 20 <-- 0.022330 s
currentSize : 21 <-- 0.058169 s
currentSize : 22 <-- 0.183634 s
currentSize : 23 <-- 0.344311 s
currentSize : 24 <-- 2.368741 s
currentSize : 25 <-- 10.784671 s
currentSize : 26 <-- 38.406895 s
currentSize : 27 <-- 39.116127 s

maxsize : 27
nodes : 12031487.000000
filtered : 131935625.000000
time : 57.144562
