Parameters: GAD=1 vflib=1 dir=0 label=0 vlabel=1 lowerbound=1 fileNameGp=../../cp2016-max-common-connected-subgraph-paper/datasets/graphsdb/mcs50/bvg/b09m/mcs50_b09m_s100.A06 fileNameGt=../../cp2016-max-common-connected-subgraph-paper/datasets/graphsdb/mcs50/bvg/b09m/mcs50_b09m_s100.B06
Reading graphs...
100 :  442
100 :  439
Initializing...
maxdom : 7
D->valSize : 392
Solving...
Blb : 3 (clique : 30)
currentSize : 30 <-- 0.004097 s
currentSize : 31 <-- 16.086227 s
currentSize : 32 <-- 16.126535 s
currentSize : 33 <-- 16.132248 s
currentSize : 34 <-- 66.492783 s
currentSize : 35 <-- 142.172836 s
currentSize : 36 <-- 142.190613 s
currentSize : 37 <-- 142.221893 s
currentSize : 38 <-- 142.223999 s
currentSize : 40 <-- 142.233871 s
currentSize : 41 <-- 222.980026 s
currentSize : 42 <-- 520.973511 s
currentSize : 45 <-- 520.996582 s
currentSize : 47 <-- 521.002625 s
currentSize : 48 <-- 521.459290 s
currentSize : 49 <-- 713.246521 s
currentSize : 51 <-- 714.345093 s

TIMEOUT
maxsize : 51
nodes : 182289803.000000
filtered : 800051341.000000
time : 1000.000061
