Parameters: GAD=1 vflib=1 dir=0 label=0 vlabel=1 lowerbound=1 fileNameGp=../../cp2016-max-common-connected-subgraph-paper/datasets/graphsdb/mcs50/m2D/m2Dr4/mcs50_m2Dr4_s50.A09 fileNameGt=../../cp2016-max-common-connected-subgraph-paper/datasets/graphsdb/mcs50/m2D/m2Dr4/mcs50_m2Dr4_s50.B09
Reading graphs...
50 :  104
50 :  102
Initializing...
maxdom : 9
D->valSize : 346
Solving...
Blb : 2 (clique : 22)
currentSize : 22 <-- 0.002721 s
currentSize : 23 <-- 0.043778 s
currentSize : 24 <-- 0.177639 s
currentSize : 25 <-- 68.730125 s
currentSize : 26 <-- 81.588989 s
currentSize : 27 <-- 81.589088 s

maxsize : 27
nodes : 25896428.000000
filtered : 289027562.000000
time : 133.513062
