Parameters: GAD=1 vflib=1 dir=0 label=0 vlabel=1 lowerbound=1 fileNameGp=../../cp2016-max-common-connected-subgraph-paper/datasets/graphsdb/mcs50/bvg/b09m/mcs50_b09m_s80.A06 fileNameGt=../../cp2016-max-common-connected-subgraph-paper/datasets/graphsdb/mcs50/bvg/b09m/mcs50_b09m_s80.B06
Reading graphs...
80 :  351
80 :  354
Initializing...
maxdom : 8
D->valSize : 434
Solving...
Blb : 2 (clique : 22)
currentSize : 22 <-- 0.006768 s
currentSize : 24 <-- 0.008277 s
currentSize : 25 <-- 0.009139 s
currentSize : 26 <-- 0.611271 s
currentSize : 27 <-- 0.661320 s
currentSize : 28 <-- 4.579753 s
currentSize : 29 <-- 4.579880 s
currentSize : 30 <-- 4.579995 s
currentSize : 31 <-- 4.580315 s
currentSize : 32 <-- 4.582493 s
currentSize : 33 <-- 4.583868 s
currentSize : 34 <-- 4.584120 s
currentSize : 35 <-- 4.588617 s
currentSize : 36 <-- 4.592676 s
currentSize : 37 <-- 4.593354 s
currentSize : 38 <-- 4.593723 s
currentSize : 39 <-- 4.593927 s
currentSize : 40 <-- 11.842084 s
currentSize : 41 <-- 11.842348 s
currentSize : 42 <-- 11.844271 s

maxsize : 42
nodes : 18286149.000000
filtered : 117178077.000000
time : 98.274300
