Parameters: GAD=1 vflib=1 dir=0 label=0 vlabel=1 lowerbound=1 fileNameGp=../../cp2016-max-common-connected-subgraph-paper/datasets/graphsdb/mcs50/rand/r005/mcs50_r005_s40.A06 fileNameGt=../../cp2016-max-common-connected-subgraph-paper/datasets/graphsdb/mcs50/rand/r005/mcs50_r005_s40.B06
Reading graphs...
40 :  76
40 :  77
Initializing...
maxdom : 8
D->valSize : 209
Solving...
Blb : 2 (clique : 15)
currentSize : 15 <-- 0.001263 s
currentSize : 16 <-- 0.001369 s
currentSize : 17 <-- 0.001448 s
currentSize : 18 <-- 0.002151 s
currentSize : 19 <-- 0.007027 s
currentSize : 20 <-- 0.013588 s
currentSize : 21 <-- 0.040557 s

maxsize : 21
nodes : 139715.000000
filtered : 1389927.000000
time : 0.591294
