Parameters: GAD=1 vflib=1 dir=0 label=0 vlabel=1 lowerbound=1 fileNameGp=../../cp2016-max-common-connected-subgraph-paper/datasets/graphsdb/mcs50/rand/r01/mcs50_r01_s70.A06 fileNameGt=../../cp2016-max-common-connected-subgraph-paper/datasets/graphsdb/mcs50/rand/r01/mcs50_r01_s70.B06
Reading graphs...
70 :  460
70 :  448
Initializing...
maxdom : 7
D->valSize : 336
Solving...
Blb : 2 (clique : 14)
currentSize : 14 <-- 0.003801 s
currentSize : 15 <-- 0.003943 s
currentSize : 16 <-- 0.007778 s
currentSize : 17 <-- 0.024140 s
currentSize : 18 <-- 0.225496 s
currentSize : 19 <-- 0.330971 s
currentSize : 20 <-- 0.460702 s
currentSize : 21 <-- 0.460863 s
currentSize : 24 <-- 0.562721 s
currentSize : 26 <-- 0.760910 s
currentSize : 28 <-- 0.874284 s
currentSize : 29 <-- 0.874983 s
currentSize : 32 <-- 0.875083 s
currentSize : 35 <-- 1.017399 s

maxsize : 35
nodes : 291426.000000
filtered : 2684141.000000
time : 1.678852
