Parameters: GAD=1 vflib=1 dir=0 label=0 vlabel=1 lowerbound=1 fileNameGp=../../cp2016-max-common-connected-subgraph-paper/datasets/graphsdb/mcs50/bvg/b09m/mcs50_b09m_s80.A02 fileNameGt=../../cp2016-max-common-connected-subgraph-paper/datasets/graphsdb/mcs50/bvg/b09m/mcs50_b09m_s80.B02
Reading graphs...
80 :  353
80 :  353
Initializing...
maxdom : 8
D->valSize : 451
Solving...
Blb : 2 (clique : 31)
currentSize : 31 <-- 0.004527 s
currentSize : 32 <-- 3.619463 s
currentSize : 33 <-- 3.641754 s
currentSize : 34 <-- 14.972044 s
currentSize : 35 <-- 14.983046 s
currentSize : 37 <-- 14.999912 s
currentSize : 38 <-- 37.514137 s
currentSize : 39 <-- 37.515816 s
currentSize : 40 <-- 37.658287 s

maxsize : 40
nodes : 59292630.000000
filtered : 380490956.000000
time : 313.602356
