Parameters: GAD=1 vflib=1 dir=0 label=0 vlabel=1 lowerbound=1 fileNameGp=../../cp2016-max-common-connected-subgraph-paper/datasets/graphsdb/mcs50/m4D/m4Dr6/mcs50_m4Dr6_s40.A02 fileNameGt=../../cp2016-max-common-connected-subgraph-paper/datasets/graphsdb/mcs50/m4D/m4Dr6/mcs50_m4Dr6_s40.B02
Reading graphs...
40 :  95
40 :  92
Initializing...
maxdom : 10
D->valSize : 241
Solving...
Blb : 2 (clique : 14)
currentSize : 14 <-- 0.002228 s
currentSize : 15 <-- 0.002397 s
currentSize : 16 <-- 0.002649 s
currentSize : 17 <-- 0.167925 s
currentSize : 18 <-- 0.218580 s
currentSize : 19 <-- 0.219044 s
currentSize : 20 <-- 0.419615 s
currentSize : 21 <-- 0.644168 s

maxsize : 21
nodes : 164943.000000
filtered : 1590974.000000
time : 0.716395
