Parameters: GAD=1 vflib=1 dir=0 label=0 vlabel=1 lowerbound=1 fileNameGp=../../cp2016-max-common-connected-subgraph-paper/datasets/graphsdb/mcs50/rand/r005/mcs50_r005_s90.A05 fileNameGt=../../cp2016-max-common-connected-subgraph-paper/datasets/graphsdb/mcs50/rand/r005/mcs50_r005_s90.B05
Reading graphs...
90 :  386
90 :  389
Initializing...
maxdom : 8
D->valSize : 522
Solving...
Blb : 2 (clique : 23)
currentSize : 23 <-- 0.005935 s
currentSize : 24 <-- 0.006175 s
currentSize : 25 <-- 0.006443 s
currentSize : 26 <-- 0.006533 s
currentSize : 27 <-- 0.197529 s
currentSize : 28 <-- 5.623515 s
currentSize : 29 <-- 413.272980 s
currentSize : 30 <-- 432.863190 s
currentSize : 31 <-- 432.870056 s
currentSize : 32 <-- 998.599182 s

TIMEOUT
maxsize : 32
nodes : 163384931.000000
filtered : 1353655288.000000
time : 1000.000000
