Parameters: GAD=1 vflib=1 dir=0 label=0 vlabel=1 lowerbound=1 fileNameGp=../../cp2016-max-common-connected-subgraph-paper/datasets/graphsdb/mcs50/rand/r02/mcs50_r02_s80.A05 fileNameGt=../../cp2016-max-common-connected-subgraph-paper/datasets/graphsdb/mcs50/rand/r02/mcs50_r02_s80.B05
Reading graphs...
80 :  1139
80 :  1133
Initializing...
maxdom : 10
D->valSize : 438
Solving...
Blb : 2 (clique : 9)
currentSize : 9 <-- 0.004221 s
currentSize : 10 <-- 0.004352 s
currentSize : 11 <-- 0.004593 s
currentSize : 12 <-- 0.008297 s
currentSize : 13 <-- 0.019838 s
currentSize : 14 <-- 0.095552 s
currentSize : 15 <-- 0.095855 s
currentSize : 18 <-- 0.123639 s
currentSize : 19 <-- 0.123838 s
currentSize : 23 <-- 0.206221 s
currentSize : 26 <-- 1.207094 s
currentSize : 27 <-- 1.226535 s
currentSize : 28 <-- 1.230056 s
currentSize : 40 <-- 1.230289 s

maxsize : 40
nodes : 213632.000000
filtered : 2701058.000000
time : 1.397757
