Parameters: GAD=1 vflib=1 dir=0 label=0 vlabel=1 lowerbound=1 fileNameGp=../../cp2016-max-common-connected-subgraph-paper/datasets/graphsdb/mcs50/m3D/m3Dr2/mcs50_m3Dr2_s60.A07 fileNameGt=../../cp2016-max-common-connected-subgraph-paper/datasets/graphsdb/mcs50/m3D/m3Dr2/mcs50_m3Dr2_s60.B07
Reading graphs...
60 :  143
60 :  143
Initializing...
maxdom : 7
D->valSize : 234
Solving...
Blb : 2 (clique : 21)
currentSize : 21 <-- 0.001881 s
currentSize : 22 <-- 0.010524 s
currentSize : 23 <-- 0.024144 s
currentSize : 25 <-- 0.199970 s
currentSize : 26 <-- 0.201362 s
currentSize : 27 <-- 0.223475 s
currentSize : 29 <-- 12.686785 s
currentSize : 30 <-- 12.803743 s

maxsize : 30
nodes : 4210105.000000
filtered : 28594483.000000
time : 19.443975
