Parameters: GAD=1 vflib=1 dir=0 label=0 vlabel=1 lowerbound=1 fileNameGp=../../cp2016-max-common-connected-subgraph-paper/datasets/graphsdb/mcs50/m2D/m2Dr4/mcs50_m2Dr4_s70.A07 fileNameGt=../../cp2016-max-common-connected-subgraph-paper/datasets/graphsdb/mcs50/m2D/m2Dr4/mcs50_m2Dr4_s70.B07
Reading graphs...
70 :  150
70 :  148
Initializing...
maxdom : 7
D->valSize : 317
Solving...
Blb : 3 (clique : 25)
currentSize : 25 <-- 0.002743 s
currentSize : 26 <-- 0.006979 s
currentSize : 27 <-- 2.400289 s
currentSize : 28 <-- 6.512049 s
currentSize : 29 <-- 7.672788 s
currentSize : 30 <-- 44.210819 s
currentSize : 31 <-- 44.637936 s
currentSize : 32 <-- 97.795143 s
currentSize : 33 <-- 97.809738 s
currentSize : 34 <-- 163.428268 s
currentSize : 35 <-- 199.932709 s
currentSize : 37 <-- 411.522675 s

maxsize : 37
nodes : 197014177.000000
filtered : 1188671177.000000
time : 926.814209
