Parameters: GAD=1 vflib=1 dir=0 label=0 vlabel=1 lowerbound=1 fileNameGp=../../cp2016-max-common-connected-subgraph-paper/datasets/graphsdb/mcs50/m3D/m3Dr4/mcs50_m3Dr4_s60.A05 fileNameGt=../../cp2016-max-common-connected-subgraph-paper/datasets/graphsdb/mcs50/m3D/m3Dr4/mcs50_m3Dr4_s60.B05
Reading graphs...
60 :  154
60 :  153
Initializing...
maxdom : 9
D->valSize : 253
Solving...
Blb : 2 (clique : 20)
currentSize : 20 <-- 0.002993 s
currentSize : 21 <-- 0.017232 s
currentSize : 22 <-- 0.057327 s
currentSize : 23 <-- 0.130017 s
currentSize : 24 <-- 0.411998 s
currentSize : 25 <-- 13.465763 s
currentSize : 28 <-- 13.466081 s
currentSize : 30 <-- 13.561196 s

maxsize : 30
nodes : 4387295.000000
filtered : 27863711.000000
time : 19.936855
