Parameters: GAD=1 vflib=1 dir=0 label=0 vlabel=1 lowerbound=1 fileNameGp=../../cp2016-max-common-connected-subgraph-paper/datasets/graphsdb/mcs50/bvg/b06/mcs50_b06_s80.A00 fileNameGt=../../cp2016-max-common-connected-subgraph-paper/datasets/graphsdb/mcs50/bvg/b06/mcs50_b06_s80.B00
Reading graphs...
80 :  237
80 :  239
Initializing...
maxdom : 8
D->valSize : 392
Solving...
Blb : 2 (clique : 29)
currentSize : 29 <-- 0.006049 s
currentSize : 30 <-- 0.006549 s
currentSize : 31 <-- 0.006731 s
currentSize : 33 <-- 0.006982 s
currentSize : 34 <-- 0.007475 s
currentSize : 35 <-- 0.285484 s
currentSize : 36 <-- 22.141800 s
currentSize : 37 <-- 22.221184 s
currentSize : 38 <-- 104.684387 s
currentSize : 39 <-- 136.377991 s
currentSize : 40 <-- 136.418381 s
currentSize : 41 <-- 380.601440 s

maxsize : 41
nodes : 89312047.000000
filtered : 785558903.000000
time : 529.860962
