Parameters: GAD=1 vflib=1 dir=0 label=0 vlabel=1 lowerbound=1 fileNameGp=../../cp2016-max-common-connected-subgraph-paper/datasets/graphsdb/mcs50/bvg/b09m/mcs50_b09m_s80.A08 fileNameGt=../../cp2016-max-common-connected-subgraph-paper/datasets/graphsdb/mcs50/bvg/b09m/mcs50_b09m_s80.B08
Reading graphs...
80 :  351
80 :  351
Initializing...
maxdom : 10
D->valSize : 445
Solving...
Blb : 3 (clique : 24)
currentSize : 24 <-- 0.004499 s
currentSize : 25 <-- 0.045439 s
currentSize : 26 <-- 0.643886 s
currentSize : 27 <-- 1.069568 s
currentSize : 28 <-- 1.070021 s
currentSize : 29 <-- 1.252513 s
currentSize : 30 <-- 1.254524 s
currentSize : 31 <-- 1.254593 s
currentSize : 32 <-- 16.415911 s
currentSize : 35 <-- 27.379124 s
currentSize : 37 <-- 27.385435 s
currentSize : 38 <-- 27.385653 s
currentSize : 39 <-- 27.471376 s
currentSize : 40 <-- 27.498922 s
currentSize : 41 <-- 27.499084 s

maxsize : 41
nodes : 35275688.000000
filtered : 177497740.000000
time : 175.826187
