Parameters: GAD=1 vflib=1 dir=0 label=0 vlabel=1 lowerbound=1 fileNameGp=../../cp2016-max-common-connected-subgraph-paper/datasets/graphsdb/mcs50/m2D/m2Dr2/mcs50_m2Dr2_s90.A09 fileNameGt=../../cp2016-max-common-connected-subgraph-paper/datasets/graphsdb/mcs50/m2D/m2Dr2/mcs50_m2Dr2_s90.B09
Reading graphs...
90 :  177
90 :  177
Initializing...
maxdom : 11
D->valSize : 549
Solving...
Blb : 2 (clique : 43)
currentSize : 43 <-- 0.006682 s
currentSize : 44 <-- 0.007688 s
currentSize : 45 <-- 0.036685 s
currentSize : 46 <-- 0.052352 s
currentSize : 47 <-- 16.520000 s
currentSize : 48 <-- 16.531784 s
currentSize : 49 <-- 25.545675 s
currentSize : 50 <-- 54.180496 s
currentSize : 51 <-- 54.800179 s
currentSize : 52 <-- 164.677155 s

TIMEOUT
maxsize : 52
nodes : 185843637.000000
filtered : 1062865273.000000
time : 1000.000061
