Parameters: GAD=1 vflib=1 dir=0 label=0 vlabel=1 lowerbound=1 fileNameGp=../../cp2016-max-common-connected-subgraph-paper/datasets/graphsdb/mcs50/rand/r005/mcs50_r005_s70.A03 fileNameGt=../../cp2016-max-common-connected-subgraph-paper/datasets/graphsdb/mcs50/rand/r005/mcs50_r005_s70.B03
Reading graphs...
70 :  233
70 :  230
Initializing...
maxdom : 6
D->valSize : 314
Solving...
Blb : 2 (clique : 22)
currentSize : 22 <-- 0.004080 s
currentSize : 23 <-- 0.008392 s
currentSize : 24 <-- 0.048380 s
currentSize : 25 <-- 0.057823 s
currentSize : 26 <-- 11.771726 s
currentSize : 27 <-- 37.766357 s
currentSize : 28 <-- 75.984818 s
currentSize : 29 <-- 75.986130 s
currentSize : 30 <-- 76.333679 s
currentSize : 31 <-- 76.670570 s
currentSize : 32 <-- 101.805649 s
currentSize : 33 <-- 101.806313 s
currentSize : 34 <-- 101.807121 s
currentSize : 35 <-- 102.312141 s
currentSize : 36 <-- 102.385147 s

maxsize : 36
nodes : 24110783.000000
filtered : 178110897.000000
time : 123.467880
