Parameters: GAD=1 vflib=1 dir=0 label=0 vlabel=1 lowerbound=1 fileNameGp=../../cp2016-max-common-connected-subgraph-paper/datasets/graphsdb/mcs50/bvg/b06/mcs50_b06_s50.A06 fileNameGt=../../cp2016-max-common-connected-subgraph-paper/datasets/graphsdb/mcs50/bvg/b06/mcs50_b06_s50.B06
Reading graphs...
50 :  148
50 :  149
Initializing...
maxdom : 12
D->valSize : 347
Solving...
Blb : 2 (clique : 16)
currentSize : 16 <-- 0.004168 s
currentSize : 17 <-- 0.004347 s
currentSize : 18 <-- 0.013883 s
currentSize : 19 <-- 0.051881 s
currentSize : 20 <-- 0.207538 s
currentSize : 21 <-- 0.207957 s
currentSize : 22 <-- 2.683881 s
currentSize : 23 <-- 3.760394 s
currentSize : 24 <-- 10.900099 s
currentSize : 25 <-- 18.604111 s
currentSize : 26 <-- 18.604668 s

maxsize : 26
nodes : 4347128.000000
filtered : 52923375.000000
time : 21.601856
