Parameters: GAD=1 vflib=1 dir=0 label=0 vlabel=1 lowerbound=1 fileNameGp=../../cp2016-max-common-connected-subgraph-paper/datasets/graphsdb/mcs50/bvg/b09/mcs50_b09_s80.A03 fileNameGt=../../cp2016-max-common-connected-subgraph-paper/datasets/graphsdb/mcs50/bvg/b09/mcs50_b09_s80.B03
Reading graphs...
80 :  355
80 :  353
Initializing...
maxdom : 9
D->valSize : 433
Solving...
Blb : 3 (clique : 21)
currentSize : 21 <-- 0.004523 s
currentSize : 22 <-- 0.018804 s
currentSize : 23 <-- 0.186310 s
currentSize : 24 <-- 0.186979 s
currentSize : 25 <-- 0.543552 s
currentSize : 26 <-- 0.545533 s
currentSize : 29 <-- 1.330247 s
currentSize : 30 <-- 1.331445 s
currentSize : 31 <-- 1.341341 s
currentSize : 32 <-- 3.646851 s
currentSize : 33 <-- 3.657257 s
currentSize : 34 <-- 10.155745 s
currentSize : 36 <-- 12.421545 s
currentSize : 37 <-- 12.421652 s
currentSize : 38 <-- 12.425672 s
currentSize : 39 <-- 12.644860 s
currentSize : 40 <-- 12.644966 s
currentSize : 41 <-- 12.650409 s

maxsize : 41
nodes : 19791859.000000
filtered : 120650197.000000
time : 105.303230
