Parameters: GAD=1 vflib=1 dir=0 label=0 vlabel=1 lowerbound=1 fileNameGp=../../cp2016-max-common-connected-subgraph-paper/datasets/graphsdb/mcs50/rand/r01/mcs50_r01_s80.A08 fileNameGt=../../cp2016-max-common-connected-subgraph-paper/datasets/graphsdb/mcs50/rand/r01/mcs50_r01_s80.B08
Reading graphs...
80 :  597
80 :  594
Initializing...
maxdom : 9
D->valSize : 446
Solving...
Blb : 2 (clique : 16)
currentSize : 16 <-- 0.004286 s
currentSize : 17 <-- 0.004485 s
currentSize : 18 <-- 0.007922 s
currentSize : 19 <-- 0.012133 s
currentSize : 20 <-- 0.133254 s
currentSize : 22 <-- 0.696671 s
currentSize : 23 <-- 0.702136 s
currentSize : 24 <-- 0.703440 s
currentSize : 25 <-- 1.827374 s
currentSize : 27 <-- 5.211573 s
currentSize : 28 <-- 5.226278 s
currentSize : 33 <-- 5.233043 s
currentSize : 37 <-- 11.956523 s
currentSize : 40 <-- 11.960104 s

maxsize : 40
nodes : 2189117.000000
filtered : 25459202.000000
time : 13.991438
