Parameters: GAD=1 vflib=1 dir=0 label=0 vlabel=1 lowerbound=1 fileNameGp=../../cp2016-max-common-connected-subgraph-paper/datasets/graphsdb/mcs50/bvg/b09m/mcs50_b09m_s80.A05 fileNameGt=../../cp2016-max-common-connected-subgraph-paper/datasets/graphsdb/mcs50/bvg/b09m/mcs50_b09m_s80.B05
Reading graphs...
80 :  354
80 :  355
Initializing...
maxdom : 10
D->valSize : 438
Solving...
Blb : 2 (clique : 35)
currentSize : 35 <-- 0.004255 s
currentSize : 36 <-- 0.004491 s
currentSize : 37 <-- 0.004554 s
currentSize : 38 <-- 0.004832 s
currentSize : 39 <-- 0.004965 s
currentSize : 40 <-- 0.028144 s

maxsize : 40
nodes : 40236507.000000
filtered : 181270780.000000
time : 193.810913
