Parameters: GAD=1 vflib=1 dir=0 label=0 vlabel=1 lowerbound=1 fileNameGp=../../cp2016-max-common-connected-subgraph-paper/datasets/graphsdb/mcs50/rand/r005/mcs50_r005_s70.A08 fileNameGt=../../cp2016-max-common-connected-subgraph-paper/datasets/graphsdb/mcs50/rand/r005/mcs50_r005_s70.B08
Reading graphs...
70 :  238
70 :  238
Initializing...
maxdom : 8
D->valSize : 337
Solving...
Blb : 2 (clique : 20)
currentSize : 20 <-- 0.002993 s
currentSize : 21 <-- 0.003538 s
currentSize : 22 <-- 0.008140 s
currentSize : 23 <-- 0.040623 s
currentSize : 24 <-- 0.297188 s
currentSize : 25 <-- 1.889715 s
currentSize : 26 <-- 2.317331 s
currentSize : 27 <-- 14.435507 s
currentSize : 28 <-- 14.435548 s
currentSize : 29 <-- 14.881723 s
currentSize : 30 <-- 33.234386 s
currentSize : 31 <-- 33.251442 s
currentSize : 32 <-- 182.415222 s
currentSize : 34 <-- 182.439621 s
currentSize : 35 <-- 186.646103 s

maxsize : 35
nodes : 40364746.000000
filtered : 376186031.000000
time : 227.952820
