Parameters: GAD=1 vflib=1 dir=0 label=0 vlabel=1 lowerbound=1 fileNameGp=../../cp2016-max-common-connected-subgraph-paper/datasets/graphsdb/mcs50/m2D/m2Dr6/mcs50_m2Dr6_s90.A07 fileNameGt=../../cp2016-max-common-connected-subgraph-paper/datasets/graphsdb/mcs50/m2D/m2Dr6/mcs50_m2Dr6_s90.B07
Reading graphs...
90 :  214
90 :  211
Initializing...
maxdom : 12
D->valSize : 554
Solving...
Blb : 2 (clique : 31)
currentSize : 31 <-- 0.006660 s
currentSize : 32 <-- 0.006991 s
currentSize : 33 <-- 0.007621 s
currentSize : 34 <-- 0.015977 s
currentSize : 36 <-- 0.017300 s
currentSize : 37 <-- 2.269950 s
currentSize : 38 <-- 3.572387 s
currentSize : 39 <-- 21.384472 s
currentSize : 40 <-- 233.880371 s

TIMEOUT
maxsize : 40
nodes : 171128814.000000
filtered : 1339351323.000000
time : 1000.000061
