Parameters: GAD=1 vflib=1 dir=0 label=0 vlabel=1 lowerbound=1 fileNameGp=../../cp2016-max-common-connected-subgraph-paper/datasets/graphsdb/mcs50/rand/r02/mcs50_r02_s70.A08 fileNameGt=../../cp2016-max-common-connected-subgraph-paper/datasets/graphsdb/mcs50/rand/r02/mcs50_r02_s70.B08
Reading graphs...
70 :  862
70 :  872
Initializing...
maxdom : 12
D->valSize : 384
Solving...
Blb : 2 (clique : 11)
currentSize : 11 <-- 0.003184 s
currentSize : 12 <-- 0.003365 s
currentSize : 13 <-- 0.015849 s
currentSize : 14 <-- 0.074629 s
currentSize : 15 <-- 0.075376 s
currentSize : 17 <-- 0.077900 s
currentSize : 18 <-- 0.078045 s
currentSize : 22 <-- 0.582332 s
currentSize : 23 <-- 0.670368 s
currentSize : 24 <-- 0.705069 s
currentSize : 25 <-- 0.705337 s
currentSize : 35 <-- 0.705454 s

maxsize : 35
nodes : 129406.000000
filtered : 1366889.000000
time : 0.752259
