Parameters: GAD=1 vflib=1 dir=0 label=0 vlabel=1 lowerbound=1 fileNameGp=../../cp2016-max-common-connected-subgraph-paper/datasets/graphsdb/mcs50/bvg/b09/mcs50_b09_s80.A00 fileNameGt=../../cp2016-max-common-connected-subgraph-paper/datasets/graphsdb/mcs50/bvg/b09/mcs50_b09_s80.B00
Reading graphs...
80 :  356
80 :  358
Initializing...
maxdom : 8
D->valSize : 437
Solving...
Blb : 3 (clique : 23)
currentSize : 23 <-- 0.006821 s
currentSize : 24 <-- 0.022342 s
currentSize : 25 <-- 0.084337 s
currentSize : 26 <-- 0.686619 s
currentSize : 27 <-- 0.746691 s
currentSize : 28 <-- 6.074862 s
currentSize : 29 <-- 6.075680 s
currentSize : 30 <-- 6.162135 s
currentSize : 32 <-- 6.162239 s
currentSize : 33 <-- 6.162529 s
currentSize : 35 <-- 6.165573 s
currentSize : 37 <-- 6.165732 s
currentSize : 40 <-- 8.587562 s

maxsize : 40
nodes : 7392289.000000
filtered : 50058047.000000
time : 40.635155
