Parameters: GAD=1 vflib=1 dir=0 label=0 vlabel=1 lowerbound=1 fileNameGp=../../cp2016-max-common-connected-subgraph-paper/datasets/graphsdb/mcs50/rand/r02/mcs50_r02_s80.A06 fileNameGt=../../cp2016-max-common-connected-subgraph-paper/datasets/graphsdb/mcs50/rand/r02/mcs50_r02_s80.B06
Reading graphs...
80 :  1133
80 :  1135
Initializing...
maxdom : 8
D->valSize : 435
Solving...
Blb : 2 (clique : 10)
currentSize : 10 <-- 0.004394 s
currentSize : 11 <-- 0.005289 s
currentSize : 12 <-- 0.009017 s
currentSize : 13 <-- 0.028493 s
currentSize : 14 <-- 0.062707 s
currentSize : 15 <-- 0.063695 s
currentSize : 16 <-- 1.322361 s
currentSize : 18 <-- 1.372067 s
currentSize : 21 <-- 1.524513 s
currentSize : 23 <-- 1.890872 s
currentSize : 28 <-- 1.894958 s
currentSize : 40 <-- 2.472511 s

maxsize : 40
nodes : 440596.000000
filtered : 4205500.000000
time : 2.624949
