Parameters: GAD=1 vflib=1 dir=0 label=0 vlabel=1 lowerbound=1 fileNameGp=../../cp2016-max-common-connected-subgraph-paper/datasets/graphsdb/mcs50/m2D/m2Dr2/mcs50_m2Dr2_s90.A04 fileNameGt=../../cp2016-max-common-connected-subgraph-paper/datasets/graphsdb/mcs50/m2D/m2Dr2/mcs50_m2Dr2_s90.B04
Reading graphs...
90 :  177
90 :  176
Initializing...
maxdom : 9
D->valSize : 549
Solving...
Blb : 2 (clique : 44)
currentSize : 44 <-- 0.006521 s
currentSize : 45 <-- 0.006897 s
currentSize : 46 <-- 0.007546 s
currentSize : 47 <-- 0.081681 s
currentSize : 48 <-- 0.082078 s
currentSize : 49 <-- 0.082560 s
currentSize : 50 <-- 8.847931 s
currentSize : 51 <-- 9.776476 s

TIMEOUT
maxsize : 51
nodes : 191934995.000000
filtered : 861246436.000000
time : 1000.000061
