Parameters: GAD=1 vflib=1 dir=0 label=0 vlabel=1 lowerbound=1 fileNameGp=../../cp2016-max-common-connected-subgraph-paper/datasets/graphsdb/mcs50/m2D/m2Dr2/mcs50_m2Dr2_s60.A07 fileNameGt=../../cp2016-max-common-connected-subgraph-paper/datasets/graphsdb/mcs50/m2D/m2Dr2/mcs50_m2Dr2_s60.B07
Reading graphs...
60 :  114
60 :  114
Initializing...
maxdom : 8
D->valSize : 293
Solving...
Blb : 2 (clique : 22)
currentSize : 22 <-- 0.002221 s
currentSize : 23 <-- 0.002691 s
currentSize : 24 <-- 0.223603 s
currentSize : 25 <-- 1.019711 s
currentSize : 26 <-- 3.085492 s
currentSize : 27 <-- 41.560120 s
currentSize : 28 <-- 41.564972 s
currentSize : 29 <-- 41.569115 s

maxsize : 29
nodes : 95174308.000000
filtered : 691359951.000000
time : 448.466339
