Parameters: GAD=1 vflib=1 dir=0 label=0 vlabel=1 lowerbound=1 fileNameGp=../../cp2016-max-common-connected-subgraph-paper/datasets/graphsdb/mcs50/rand/r005/mcs50_r005_s50.A03 fileNameGt=../../cp2016-max-common-connected-subgraph-paper/datasets/graphsdb/mcs50/rand/r005/mcs50_r005_s50.B03
Reading graphs...
50 :  117
50 :  118
Initializing...
maxdom : 13
D->valSize : 331
Solving...
Blb : 2 (clique : 22)
currentSize : 22 <-- 0.003916 s
currentSize : 23 <-- 0.004179 s
currentSize : 24 <-- 0.004307 s
currentSize : 25 <-- 0.006075 s
currentSize : 26 <-- 0.247770 s
currentSize : 27 <-- 0.248276 s

maxsize : 27
nodes : 2291771.000000
filtered : 32457199.000000
time : 12.731543
