Parameters: GAD=1 vflib=1 dir=0 label=0 vlabel=1 lowerbound=1 fileNameGp=../../cp2016-max-common-connected-subgraph-paper/datasets/graphsdb/mcs50/rand/r005/mcs50_r005_s80.A01 fileNameGt=../../cp2016-max-common-connected-subgraph-paper/datasets/graphsdb/mcs50/rand/r005/mcs50_r005_s80.B01
Reading graphs...
80 :  312
80 :  308
Initializing...
maxdom : 9
D->valSize : 428
Solving...
Blb : 2 (clique : 19)
currentSize : 19 <-- 0.004148 s
currentSize : 20 <-- 0.004443 s
currentSize : 21 <-- 0.005785 s
currentSize : 22 <-- 0.005940 s
currentSize : 23 <-- 0.007916 s
currentSize : 24 <-- 0.011399 s
currentSize : 25 <-- 0.012181 s
currentSize : 26 <-- 0.031836 s
currentSize : 27 <-- 0.032168 s
currentSize : 28 <-- 13.598692 s
currentSize : 29 <-- 17.515171 s
currentSize : 30 <-- 17.515392 s
currentSize : 31 <-- 24.344435 s
currentSize : 32 <-- 24.351252 s
currentSize : 34 <-- 129.422089 s
currentSize : 35 <-- 192.208694 s
currentSize : 38 <-- 359.200439 s
currentSize : 40 <-- 359.201294 s

maxsize : 40
nodes : 65275851.000000
filtered : 768641126.000000
time : 424.456451
