Parameters: GAD=1 vflib=1 dir=0 label=0 vlabel=1 lowerbound=1 fileNameGp=../../cp2016-max-common-connected-subgraph-paper/datasets/graphsdb/mcs50/bvg/b03/mcs50_b03_s90.A03 fileNameGt=../../cp2016-max-common-connected-subgraph-paper/datasets/graphsdb/mcs50/bvg/b03/mcs50_b03_s90.B03
Reading graphs...
90 :  135
90 :  135
Initializing...
maxdom : 11
D->valSize : 533
Solving...
Blb : 5 (clique : 39)
currentSize : 39 <-- 0.006448 s
currentSize : 45 <-- 0.006767 s
currentSize : 46 <-- 0.006931 s
currentSize : 47 <-- 0.007165 s
currentSize : 48 <-- 0.007646 s
currentSize : 49 <-- 0.008925 s
currentSize : 51 <-- 0.011356 s
currentSize : 52 <-- 0.011785 s

TIMEOUT
maxsize : 52
nodes : 183353343.000000
filtered : 1049909236.000000
time : 1000.000122
