Parameters: GAD=1 vflib=1 dir=0 label=0 vlabel=1 lowerbound=1 fileNameGp=../../cp2016-max-common-connected-subgraph-paper/datasets/graphsdb/mcs50/bvg/b03/mcs50_b03_s50.A09 fileNameGt=../../cp2016-max-common-connected-subgraph-paper/datasets/graphsdb/mcs50/bvg/b03/mcs50_b03_s50.B09
Reading graphs...
50 :  75
50 :  75
Initializing...
maxdom : 8
D->valSize : 303
Solving...
Blb : 2 (clique : 22)
currentSize : 22 <-- 0.003545 s
currentSize : 23 <-- 0.003808 s
currentSize : 24 <-- 0.767694 s
currentSize : 25 <-- 0.817137 s
currentSize : 26 <-- 2.848900 s
currentSize : 27 <-- 12.129636 s

maxsize : 27
nodes : 21832975.000000
filtered : 251492077.000000
time : 110.561501
