Parameters: GAD=1 vflib=1 dir=0 label=0 vlabel=1 lowerbound=1 fileNameGp=../../cp2016-max-common-connected-subgraph-paper/datasets/graphsdb/mcs50/bvg/b09m/mcs50_b09m_s50.A09 fileNameGt=../../cp2016-max-common-connected-subgraph-paper/datasets/graphsdb/mcs50/bvg/b09m/mcs50_b09m_s50.B09
Reading graphs...
50 :  217
50 :  214
Initializing...
maxdom : 9
D->valSize : 346
Solving...
Blb : 2 (clique : 16)
currentSize : 16 <-- 0.002623 s
currentSize : 17 <-- 0.030455 s
currentSize : 18 <-- 0.426610 s
currentSize : 19 <-- 9.727682 s
currentSize : 20 <-- 9.727777 s
currentSize : 22 <-- 9.729146 s
currentSize : 23 <-- 9.729251 s
currentSize : 24 <-- 9.733901 s
currentSize : 26 <-- 9.736605 s

maxsize : 26
nodes : 2286887.000000
filtered : 22393259.000000
time : 10.684404
