Parameters: GAD=1 vflib=1 dir=0 label=0 vlabel=1 lowerbound=1 fileNameGp=../../cp2016-max-common-connected-subgraph-paper/datasets/graphsdb/mcs50/m2D/m2Dr4/mcs50_m2Dr4_s60.A00 fileNameGt=../../cp2016-max-common-connected-subgraph-paper/datasets/graphsdb/mcs50/m2D/m2Dr4/mcs50_m2Dr4_s60.B00
Reading graphs...
60 :  128
60 :  126
Initializing...
maxdom : 6
D->valSize : 238
Solving...
Blb : 2 (clique : 22)
currentSize : 22 <-- 0.002781 s
currentSize : 23 <-- 0.082404 s
currentSize : 24 <-- 0.304740 s
currentSize : 25 <-- 0.371715 s
currentSize : 26 <-- 0.420238 s
currentSize : 27 <-- 0.670752 s
currentSize : 28 <-- 3.679631 s
currentSize : 29 <-- 5.447105 s
currentSize : 30 <-- 5.475576 s
currentSize : 31 <-- 5.651264 s

maxsize : 31
nodes : 1963291.000000
filtered : 10732008.000000
time : 8.716543
