Parameters: GAD=1 vflib=1 dir=0 label=0 vlabel=1 lowerbound=1 fileNameGp=../../cp2016-max-common-connected-subgraph-paper/datasets/graphsdb/mcs50/bvg/b06/mcs50_b06_s100.A05 fileNameGt=../../cp2016-max-common-connected-subgraph-paper/datasets/graphsdb/mcs50/bvg/b06/mcs50_b06_s100.B05
Reading graphs...
100 :  298
100 :  298
Initializing...
maxdom : 7
D->valSize : 351
Solving...
Blb : 2 (clique : 31)
currentSize : 31 <-- 0.005774 s
currentSize : 32 <-- 0.006223 s
currentSize : 34 <-- 0.006740 s
currentSize : 35 <-- 0.006969 s
currentSize : 36 <-- 0.043681 s
currentSize : 37 <-- 0.131329 s
currentSize : 38 <-- 0.924864 s
currentSize : 39 <-- 2.581984 s
currentSize : 40 <-- 2.582066 s
currentSize : 41 <-- 2.648249 s
currentSize : 42 <-- 3.504255 s
currentSize : 43 <-- 145.529388 s
currentSize : 44 <-- 145.530182 s
currentSize : 45 <-- 147.654190 s

TIMEOUT
maxsize : 45
nodes : 192697956.000000
filtered : 675443695.000000
time : 1000.000122
