Parameters: GAD=1 vflib=1 dir=0 label=0 vlabel=1 lowerbound=1 fileNameGp=../../cp2016-max-common-connected-subgraph-paper/datasets/graphsdb/mcs50/bvg/b03/mcs50_b03_s50.A03 fileNameGt=../../cp2016-max-common-connected-subgraph-paper/datasets/graphsdb/mcs50/bvg/b03/mcs50_b03_s50.B03
Reading graphs...
50 :  75
50 :  74
Initializing...
maxdom : 11
D->valSize : 338
Solving...
Blb : 2 (clique : 22)
currentSize : 22 <-- 0.002665 s
currentSize : 23 <-- 0.002880 s
currentSize : 24 <-- 0.003035 s
currentSize : 25 <-- 0.003148 s
currentSize : 26 <-- 0.003239 s
currentSize : 28 <-- 0.021873 s
currentSize : 29 <-- 0.023091 s

maxsize : 29
nodes : 39159051.000000
filtered : 440004253.000000
time : 190.117172
