Parameters: GAD=1 vflib=1 dir=0 label=0 vlabel=1 lowerbound=1 fileNameGp=../../cp2016-max-common-connected-subgraph-paper/datasets/graphsdb/mcs50/rand/r01/mcs50_r01_s60.A02 fileNameGt=../../cp2016-max-common-connected-subgraph-paper/datasets/graphsdb/mcs50/rand/r01/mcs50_r01_s60.B02
Reading graphs...
60 :  336
60 :  336
Initializing...
maxdom : 7
D->valSize : 256
Solving...
Blb : 5 (clique : 13)
currentSize : 13 <-- 0.002064 s
currentSize : 14 <-- 0.005826 s
currentSize : 15 <-- 0.027174 s
currentSize : 16 <-- 0.086278 s
currentSize : 17 <-- 0.712904 s
currentSize : 18 <-- 1.319842 s
currentSize : 19 <-- 1.320265 s
currentSize : 20 <-- 1.337195 s
currentSize : 21 <-- 1.340701 s
currentSize : 22 <-- 1.512126 s
currentSize : 24 <-- 1.537574 s
currentSize : 25 <-- 1.537702 s
currentSize : 26 <-- 1.790012 s
currentSize : 29 <-- 1.790108 s
currentSize : 30 <-- 1.790261 s

maxsize : 30
nodes : 388775.000000
filtered : 2511071.000000
time : 1.844401
