Parameters: GAD=1 vflib=1 dir=0 label=0 vlabel=1 lowerbound=1 fileNameGp=../../cp2016-max-common-connected-subgraph-paper/datasets/graphsdb/mcs50/bvg/b06m/mcs50_b06m_s40.A05 fileNameGt=../../cp2016-max-common-connected-subgraph-paper/datasets/graphsdb/mcs50/bvg/b06m/mcs50_b06m_s40.B05
Reading graphs...
40 :  115
40 :  114
Initializing...
maxdom : 7
D->valSize : 200
Solving...
Blb : 2 (clique : 12)
currentSize : 12 <-- 0.001787 s
currentSize : 13 <-- 0.002861 s
currentSize : 14 <-- 0.003266 s
currentSize : 15 <-- 0.028215 s
currentSize : 16 <-- 0.039299 s
currentSize : 17 <-- 0.039829 s
currentSize : 18 <-- 0.200932 s
currentSize : 19 <-- 0.206927 s
currentSize : 20 <-- 0.220880 s
currentSize : 21 <-- 0.221294 s

maxsize : 21
nodes : 68713.000000
filtered : 517514.000000
time : 0.327777
