Parameters: GAD=1 vflib=1 dir=0 label=0 vlabel=1 lowerbound=1 fileNameGp=../../cp2016-max-common-connected-subgraph-paper/datasets/graphsdb/mcs50/m3D/m3Dr6/mcs50_m3Dr6_s50.A05 fileNameGt=../../cp2016-max-common-connected-subgraph-paper/datasets/graphsdb/mcs50/m3D/m3Dr6/mcs50_m3Dr6_s50.B05
Reading graphs...
50 :  137
50 :  134
Initializing...
maxdom : 11
D->valSize : 331
Solving...
Blb : 2 (clique : 20)
currentSize : 20 <-- 0.002430 s
currentSize : 21 <-- 0.387232 s
currentSize : 22 <-- 0.526001 s
currentSize : 23 <-- 1.123737 s
currentSize : 24 <-- 1.124228 s
currentSize : 25 <-- 1.438034 s
currentSize : 26 <-- 1.445859 s
currentSize : 27 <-- 1.445964 s

maxsize : 27
nodes : 745508.000000
filtered : 7232582.000000
time : 3.773690
