Parameters: GAD=1 vflib=1 dir=0 label=0 vlabel=1 lowerbound=1 fileNameGp=../../cp2016-max-common-connected-subgraph-paper/datasets/graphsdb/mcs50/bvg/b09/mcs50_b09_s100.A00 fileNameGt=../../cp2016-max-common-connected-subgraph-paper/datasets/graphsdb/mcs50/bvg/b09/mcs50_b09_s100.B00
Reading graphs...
100 :  445
100 :  448
Initializing...
maxdom : 6
D->valSize : 347
Solving...
Blb : 3 (clique : 26)
currentSize : 26 <-- 0.003605 s
currentSize : 27 <-- 0.059902 s
currentSize : 28 <-- 0.075583 s
currentSize : 29 <-- 0.232106 s
currentSize : 30 <-- 0.876120 s
currentSize : 31 <-- 1.199968 s
currentSize : 32 <-- 1.416590 s
currentSize : 33 <-- 2.737839 s
currentSize : 34 <-- 4.206051 s
currentSize : 35 <-- 4.208307 s
currentSize : 37 <-- 4.784612 s
currentSize : 38 <-- 10.038911 s
currentSize : 39 <-- 12.877944 s
currentSize : 40 <-- 12.881129 s
currentSize : 41 <-- 48.906006 s
currentSize : 43 <-- 56.789642 s
currentSize : 45 <-- 70.573799 s
currentSize : 46 <-- 70.652191 s
currentSize : 48 <-- 75.064400 s
currentSize : 50 <-- 75.745789 s

TIMEOUT
maxsize : 50
nodes : 188106535.000000
filtered : 726058993.000000
time : 1000.000061
