Parameters: GAD=1 vflib=1 dir=0 label=0 vlabel=1 lowerbound=1 fileNameGp=../../cp2016-max-common-connected-subgraph-paper/datasets/graphsdb/mcs50/m3D/m3Dr4/mcs50_m3Dr4_s50.A07 fileNameGt=../../cp2016-max-common-connected-subgraph-paper/datasets/graphsdb/mcs50/m3D/m3Dr4/mcs50_m3Dr4_s50.B07
Reading graphs...
50 :  126
50 :  127
Initializing...
maxdom : 10
D->valSize : 334
Solving...
Blb : 2 (clique : 20)
currentSize : 20 <-- 0.003895 s
currentSize : 21 <-- 0.033001 s
currentSize : 23 <-- 0.420778 s
currentSize : 24 <-- 0.420799 s
currentSize : 25 <-- 0.508383 s
currentSize : 27 <-- 2.182919 s
currentSize : 28 <-- 2.644075 s
currentSize : 29 <-- 2.644128 s

maxsize : 29
nodes : 1199532.000000
filtered : 13362165.000000
time : 6.001569
