Parameters: GAD=1 vflib=1 dir=0 label=0 vlabel=1 lowerbound=1 fileNameGp=../../cp2016-max-common-connected-subgraph-paper/datasets/graphsdb/mcs50/bvg/b03/mcs50_b03_s60.A05 fileNameGt=../../cp2016-max-common-connected-subgraph-paper/datasets/graphsdb/mcs50/bvg/b03/mcs50_b03_s60.B05
Reading graphs...
60 :  89
60 :  90
Initializing...
maxdom : 8
D->valSize : 241
Solving...
Blb : 2 (clique : 21)
currentSize : 21 <-- 0.002875 s
currentSize : 22 <-- 0.003173 s
currentSize : 23 <-- 0.003458 s
currentSize : 24 <-- 0.009172 s
currentSize : 25 <-- 0.020914 s
currentSize : 26 <-- 0.060617 s
currentSize : 27 <-- 0.094599 s
currentSize : 28 <-- 1.152137 s
currentSize : 29 <-- 2.315501 s
currentSize : 30 <-- 9.123564 s
currentSize : 31 <-- 9.166478 s
currentSize : 32 <-- 11.901731 s

maxsize : 32
nodes : 4573097.000000
filtered : 25794407.000000
time : 20.017918
