Parameters: GAD=1 vflib=1 dir=0 label=0 vlabel=1 lowerbound=1 fileNameGp=../../cp2016-max-common-connected-subgraph-paper/datasets/graphsdb/mcs50/m2D/m2Dr6/mcs50_m2Dr6_s90.A05 fileNameGt=../../cp2016-max-common-connected-subgraph-paper/datasets/graphsdb/mcs50/m2D/m2Dr6/mcs50_m2Dr6_s90.B05
Reading graphs...
90 :  212
90 :  212
Initializing...
maxdom : 9
D->valSize : 521
Solving...
Blb : 2 (clique : 39)
currentSize : 39 <-- 0.007324 s
currentSize : 40 <-- 79.123634 s
currentSize : 41 <-- 193.043823 s
currentSize : 42 <-- 193.046768 s
currentSize : 43 <-- 193.520767 s
currentSize : 44 <-- 542.560120 s

TIMEOUT
maxsize : 44
nodes : 160151664.000000
filtered : 1502132805.000000
time : 1000.000061
