Parameters: GAD=1 vflib=1 dir=0 label=0 vlabel=1 lowerbound=1 fileNameGp=../../cp2016-max-common-connected-subgraph-paper/datasets/graphsdb/mcs50/m2D/m2Dr6/mcs50_m2Dr6_s60.A00 fileNameGt=../../cp2016-max-common-connected-subgraph-paper/datasets/graphsdb/mcs50/m2D/m2Dr6/mcs50_m2Dr6_s60.B00
Reading graphs...
60 :  137
60 :  138
Initializing...
maxdom : 6
D->valSize : 244
Solving...
Blb : 2 (clique : 21)
currentSize : 21 <-- 0.002801 s
currentSize : 22 <-- 0.008345 s
currentSize : 23 <-- 0.010094 s
currentSize : 24 <-- 0.011007 s
currentSize : 25 <-- 0.040562 s
currentSize : 26 <-- 0.100614 s
currentSize : 27 <-- 0.219996 s
currentSize : 28 <-- 0.644939 s
currentSize : 29 <-- 9.996693 s
currentSize : 30 <-- 14.419048 s
currentSize : 31 <-- 14.486360 s

maxsize : 31
nodes : 5303894.000000
filtered : 39875583.000000
time : 24.903124
