Parameters: GAD=1 vflib=1 dir=0 label=0 vlabel=1 lowerbound=1 fileNameGp=../../cp2016-max-common-connected-subgraph-paper/datasets/graphsdb/mcs50/bvg/b09m/mcs50_b09m_s80.A03 fileNameGt=../../cp2016-max-common-connected-subgraph-paper/datasets/graphsdb/mcs50/bvg/b09m/mcs50_b09m_s80.B03
Reading graphs...
80 :  349
80 :  353
Initializing...
maxdom : 10
D->valSize : 461
Solving...
Blb : 2 (clique : 21)
currentSize : 21 <-- 0.004611 s
currentSize : 22 <-- 0.005120 s
currentSize : 23 <-- 0.007660 s
currentSize : 24 <-- 0.008321 s
currentSize : 25 <-- 0.021097 s
currentSize : 26 <-- 0.044990 s
currentSize : 27 <-- 0.082829 s
currentSize : 28 <-- 0.206658 s
currentSize : 31 <-- 0.208991 s
currentSize : 33 <-- 67.592209 s
currentSize : 34 <-- 79.303551 s
currentSize : 35 <-- 80.943573 s
currentSize : 36 <-- 80.947327 s
currentSize : 38 <-- 113.484093 s
currentSize : 39 <-- 113.487221 s
currentSize : 40 <-- 195.891251 s

maxsize : 40
nodes : 58971140.000000
filtered : 443531777.000000
time : 333.614258
