Parameters: GAD=1 vflib=1 dir=0 label=0 vlabel=1 lowerbound=1 fileNameGp=../../cp2016-max-common-connected-subgraph-paper/datasets/graphsdb/mcs50/m3D/m3Dr2/mcs50_m3Dr2_s60.A00 fileNameGt=../../cp2016-max-common-connected-subgraph-paper/datasets/graphsdb/mcs50/m3D/m3Dr2/mcs50_m3Dr2_s60.B00
Reading graphs...
60 :  141
60 :  140
Initializing...
maxdom : 6
D->valSize : 240
Solving...
Blb : 3 (clique : 23)
currentSize : 23 <-- 0.001920 s
currentSize : 24 <-- 0.312951 s
currentSize : 25 <-- 3.298450 s
currentSize : 26 <-- 4.684117 s
currentSize : 27 <-- 4.684977 s
currentSize : 28 <-- 4.689618 s
currentSize : 29 <-- 14.191178 s
currentSize : 30 <-- 25.695141 s

maxsize : 30
nodes : 14659929.000000
filtered : 87130553.000000
time : 65.277977
