Parameters: GAD=1 vflib=1 dir=0 label=0 vlabel=1 lowerbound=1 fileNameGp=../../cp2016-max-common-connected-subgraph-paper/datasets/graphsdb/mcs50/rand/r005/mcs50_r005_s80.A08 fileNameGt=../../cp2016-max-common-connected-subgraph-paper/datasets/graphsdb/mcs50/rand/r005/mcs50_r005_s80.B08
Reading graphs...
80 :  307
80 :  307
Initializing...
maxdom : 8
D->valSize : 433
Solving...
Blb : 2 (clique : 26)
currentSize : 26 <-- 0.004140 s
currentSize : 28 <-- 0.004428 s
currentSize : 29 <-- 0.012473 s
currentSize : 30 <-- 0.012609 s
currentSize : 31 <-- 0.120995 s
currentSize : 33 <-- 1.561163 s
currentSize : 34 <-- 7.751063 s
currentSize : 36 <-- 9.412694 s
currentSize : 37 <-- 9.413342 s
currentSize : 39 <-- 9.432037 s
currentSize : 40 <-- 9.434292 s

maxsize : 40
nodes : 31163677.000000
filtered : 416328272.000000
time : 208.376617
