Parameters: GAD=1 vflib=1 dir=0 label=0 vlabel=1 lowerbound=1 fileNameGp=../../cp2016-max-common-connected-subgraph-paper/datasets/graphsdb/mcs50/bvg/b03m/mcs50_b03m_s80.A00 fileNameGt=../../cp2016-max-common-connected-subgraph-paper/datasets/graphsdb/mcs50/bvg/b03m/mcs50_b03m_s80.B00
Reading graphs...
80 :  119
80 :  119
Initializing...
maxdom : 9
D->valSize : 444
Solving...
Blb : 2 (clique : 32)
currentSize : 32 <-- 0.004586 s
currentSize : 34 <-- 0.004821 s
currentSize : 35 <-- 0.006851 s
currentSize : 36 <-- 0.007575 s
currentSize : 37 <-- 0.028393 s
currentSize : 38 <-- 0.034013 s
currentSize : 39 <-- 0.036710 s
currentSize : 40 <-- 0.061340 s
currentSize : 41 <-- 7.910475 s
currentSize : 42 <-- 87.792015 s

TIMEOUT
maxsize : 42
nodes : 176107268.000000
filtered : 1474338789.000000
time : 1000.000061
