Parameters: GAD=1 vflib=1 dir=0 label=0 vlabel=1 lowerbound=1 fileNameGp=../../cp2016-max-common-connected-subgraph-paper/datasets/graphsdb/mcs50/m2D/m2Dr6/mcs50_m2Dr6_s90.A03 fileNameGt=../../cp2016-max-common-connected-subgraph-paper/datasets/graphsdb/mcs50/m2D/m2Dr6/mcs50_m2Dr6_s90.B03
Reading graphs...
90 :  209
90 :  209
Initializing...
maxdom : 11
D->valSize : 539
Solving...
Blb : 2 (clique : 28)
currentSize : 28 <-- 0.006226 s
currentSize : 29 <-- 0.006594 s
currentSize : 30 <-- 0.006882 s
currentSize : 31 <-- 0.011177 s
currentSize : 32 <-- 0.046394 s
currentSize : 33 <-- 0.078922 s
currentSize : 34 <-- 0.875071 s
currentSize : 35 <-- 1.533699 s
currentSize : 36 <-- 59.933468 s
currentSize : 37 <-- 606.944336 s

TIMEOUT
maxsize : 37
nodes : 164864475.000000
filtered : 1424372652.000000
time : 1000.000061
