Parameters: GAD=1 vflib=1 dir=0 label=0 vlabel=1 lowerbound=1 fileNameGp=../../cp2016-max-common-connected-subgraph-paper/datasets/graphsdb/mcs50/m2D/m2Dr2/mcs50_m2Dr2_s60.A05 fileNameGt=../../cp2016-max-common-connected-subgraph-paper/datasets/graphsdb/mcs50/m2D/m2Dr2/mcs50_m2Dr2_s60.B05
Reading graphs...
60 :  115
60 :  114
Initializing...
maxdom : 8
D->valSize : 233
Solving...
Blb : 2 (clique : 23)
currentSize : 23 <-- 0.002689 s
currentSize : 24 <-- 0.002961 s
currentSize : 25 <-- 0.009138 s
currentSize : 26 <-- 0.095291 s
currentSize : 27 <-- 0.097354 s
currentSize : 28 <-- 4.096442 s
currentSize : 29 <-- 36.695358 s

maxsize : 29
nodes : 33073168.000000
filtered : 208107549.000000
time : 147.277817
