Parameters: GAD=1 vflib=1 dir=0 label=0 vlabel=1 lowerbound=1 fileNameGp=../../cp2016-max-common-connected-subgraph-paper/datasets/graphsdb/mcs50/bvg/b03/mcs50_b03_s80.A08 fileNameGt=../../cp2016-max-common-connected-subgraph-paper/datasets/graphsdb/mcs50/bvg/b03/mcs50_b03_s80.B08
Reading graphs...
80 :  120
80 :  119
Initializing...
maxdom : 10
D->valSize : 447
Solving...
Blb : 2 (clique : 36)
currentSize : 36 <-- 0.004655 s
currentSize : 38 <-- 0.004929 s
currentSize : 39 <-- 0.005027 s
currentSize : 40 <-- 0.682146 s
currentSize : 41 <-- 0.682287 s
currentSize : 42 <-- 51.171494 s
currentSize : 43 <-- 134.644989 s

TIMEOUT
maxsize : 43
nodes : 175702350.000000
filtered : 1467266336.000000
time : 1000.000061
