Parameters: GAD=1 vflib=1 dir=0 label=0 vlabel=1 lowerbound=1 fileNameGp=../../cp2016-max-common-connected-subgraph-paper/datasets/graphsdb/mcs50/bvg/b09/mcs50_b09_s50.A04 fileNameGt=../../cp2016-max-common-connected-subgraph-paper/datasets/graphsdb/mcs50/bvg/b09/mcs50_b09_s50.B04
Reading graphs...
50 :  222
50 :  220
Initializing...
maxdom : 9
D->valSize : 345
Solving...
Blb : 2 (clique : 13)
currentSize : 13 <-- 0.002416 s
currentSize : 14 <-- 0.002526 s
currentSize : 15 <-- 0.004043 s
currentSize : 16 <-- 0.004684 s
currentSize : 17 <-- 0.023978 s
currentSize : 18 <-- 0.771856 s
currentSize : 19 <-- 4.830880 s
currentSize : 20 <-- 4.831111 s
currentSize : 21 <-- 4.831161 s
currentSize : 22 <-- 4.923703 s
currentSize : 23 <-- 4.923771 s
currentSize : 24 <-- 4.923805 s

maxsize : 24
nodes : 1415073.000000
filtered : 15264804.000000
time : 6.764509
