Parameters: GAD=1 vflib=1 dir=0 label=0 vlabel=1 lowerbound=1 fileNameGp=../../cp2016-max-common-connected-subgraph-paper/datasets/graphsdb/mcs50/m3D/m3D/mcs50_m3D_s50.A05 fileNameGt=../../cp2016-max-common-connected-subgraph-paper/datasets/graphsdb/mcs50/m3D/m3D/mcs50_m3D_s50.B05
Reading graphs...
50 :  109
50 :  108
Initializing...
maxdom : 12
D->valSize : 336
Solving...
Blb : 2 (clique : 19)
currentSize : 19 <-- 0.002562 s
currentSize : 20 <-- 0.002717 s
currentSize : 21 <-- 0.004908 s
currentSize : 22 <-- 0.213070 s
currentSize : 23 <-- 0.417626 s
currentSize : 24 <-- 4.672870 s
currentSize : 25 <-- 11.528187 s
currentSize : 26 <-- 11.582960 s
currentSize : 27 <-- 17.094517 s
currentSize : 28 <-- 17.175613 s

maxsize : 28
nodes : 4139899.000000
filtered : 45437920.000000
time : 21.449608
