Parameters: GAD=1 vflib=1 dir=0 label=0 vlabel=1 lowerbound=1 fileNameGp=../../cp2016-max-common-connected-subgraph-paper/datasets/graphsdb/mcs50/m2D/m2D/mcs50_m2D_s90.A04 fileNameGt=../../cp2016-max-common-connected-subgraph-paper/datasets/graphsdb/mcs50/m2D/m2D/mcs50_m2D_s90.B04
Reading graphs...
90 :  161
90 :  161
Initializing...
maxdom : 9
D->valSize : 542
Solving...
Blb : 2 (clique : 39)
currentSize : 39 <-- 0.006618 s
currentSize : 42 <-- 0.006925 s
currentSize : 44 <-- 0.006994 s
currentSize : 45 <-- 0.007283 s
currentSize : 46 <-- 0.009168 s
currentSize : 47 <-- 0.041604 s
currentSize : 49 <-- 0.048984 s
currentSize : 50 <-- 30.092367 s
currentSize : 51 <-- 30.095709 s
currentSize : 52 <-- 30.109816 s
currentSize : 53 <-- 30.206207 s

TIMEOUT
maxsize : 53
nodes : 187788083.000000
filtered : 994784680.000000
time : 1000.000061
