Parameters: GAD=1 vflib=1 dir=0 label=0 vlabel=1 lowerbound=1 fileNameGp=../../cp2016-max-common-connected-subgraph-paper/datasets/graphsdb/mcs50/m2D/m2D/mcs50_m2D_s70.A01 fileNameGt=../../cp2016-max-common-connected-subgraph-paper/datasets/graphsdb/mcs50/m2D/m2D/mcs50_m2D_s70.B01
Reading graphs...
70 :  123
70 :  122
Initializing...
maxdom : 10
D->valSize : 350
Solving...
Blb : 2 (clique : 26)
currentSize : 26 <-- 0.004927 s
currentSize : 27 <-- 0.005290 s
currentSize : 28 <-- 0.005831 s
currentSize : 29 <-- 1.117746 s
currentSize : 30 <-- 3.846753 s
currentSize : 31 <-- 15.405662 s
currentSize : 32 <-- 41.794994 s
currentSize : 33 <-- 111.985023 s
currentSize : 34 <-- 156.186081 s
currentSize : 35 <-- 175.916153 s

TIMEOUT
maxsize : 35
nodes : 200266380.000000
filtered : 1479722360.000000
time : 1000.000000
