Parameters: GAD=1 vflib=1 dir=0 label=0 vlabel=1 lowerbound=1 fileNameGp=../../cp2016-max-common-connected-subgraph-paper/datasets/graphsdb/mcs50/bvg/b09m/mcs50_b09m_s90.A05 fileNameGt=../../cp2016-max-common-connected-subgraph-paper/datasets/graphsdb/mcs50/bvg/b09m/mcs50_b09m_s90.B05
Reading graphs...
90 :  399
90 :  399
Initializing...
maxdom : 9
D->valSize : 556
Solving...
Blb : 3 (clique : 26)
currentSize : 26 <-- 0.010342 s
currentSize : 27 <-- 8.474557 s
currentSize : 28 <-- 8.843600 s
currentSize : 29 <-- 8.843709 s
currentSize : 30 <-- 11.617718 s
currentSize : 31 <-- 11.668466 s
currentSize : 32 <-- 11.931422 s
currentSize : 33 <-- 12.097499 s
currentSize : 34 <-- 12.187781 s
currentSize : 35 <-- 47.430138 s
currentSize : 36 <-- 47.430809 s
currentSize : 37 <-- 125.931549 s
currentSize : 38 <-- 286.010071 s
currentSize : 39 <-- 785.781677 s
currentSize : 40 <-- 785.785950 s

TIMEOUT
maxsize : 40
nodes : 180442089.000000
filtered : 1150618360.000000
time : 1000.000061
