Parameters: GAD=1 vflib=1 dir=0 label=0 vlabel=1 lowerbound=1 fileNameGp=../../cp2016-max-common-connected-subgraph-paper/datasets/graphsdb/mcs50/rand/r005/mcs50_r005_s100.A04 fileNameGt=../../cp2016-max-common-connected-subgraph-paper/datasets/graphsdb/mcs50/rand/r005/mcs50_r005_s100.B04
Reading graphs...
100 :  482
100 :  477
Initializing...
maxdom : 6
D->valSize : 350
Solving...
Blb : 2 (clique : 33)
currentSize : 33 <-- 0.003717 s
currentSize : 34 <-- 0.004053 s
currentSize : 35 <-- 0.004907 s
currentSize : 36 <-- 0.005132 s
currentSize : 37 <-- 0.005318 s
currentSize : 38 <-- 0.041842 s
currentSize : 39 <-- 0.042065 s
currentSize : 40 <-- 1.619225 s
currentSize : 41 <-- 1.619603 s
currentSize : 42 <-- 1.652529 s
currentSize : 43 <-- 1.654437 s
currentSize : 44 <-- 1.654871 s
currentSize : 45 <-- 7.934228 s
currentSize : 46 <-- 7.934691 s
currentSize : 47 <-- 7.941870 s
currentSize : 48 <-- 7.942758 s
currentSize : 49 <-- 7.943212 s
currentSize : 50 <-- 7.943713 s

maxsize : 50
nodes : 10103706.000000
filtered : 66824025.000000
time : 62.998825
