Parameters: GAD=1 vflib=1 dir=0 label=0 vlabel=1 lowerbound=1 fileNameGp=../../cp2016-max-common-connected-subgraph-paper/datasets/graphsdb/mcs50/m2D/m2D/mcs50_m2D_s80.A06 fileNameGt=../../cp2016-max-common-connected-subgraph-paper/datasets/graphsdb/mcs50/m2D/m2D/mcs50_m2D_s80.B06
Reading graphs...
80 :  142
80 :  142
Initializing...
maxdom : 9
D->valSize : 454
Solving...
Blb : 2 (clique : 35)
currentSize : 35 <-- 0.004661 s
currentSize : 36 <-- 0.120483 s
currentSize : 37 <-- 1.690880 s
currentSize : 38 <-- 1.769008 s
currentSize : 39 <-- 20.824932 s
currentSize : 40 <-- 659.850769 s

TIMEOUT
maxsize : 40
nodes : 176731784.000000
filtered : 1481697007.000000
time : 1000.000061
