Parameters: GAD=1 vflib=1 dir=0 label=0 vlabel=1 lowerbound=1 fileNameGp=../../cp2016-max-common-connected-subgraph-paper/datasets/graphsdb/mcs50/rand/r02/mcs50_r02_s50.A07 fileNameGt=../../cp2016-max-common-connected-subgraph-paper/datasets/graphsdb/mcs50/rand/r02/mcs50_r02_s50.B07
Reading graphs...
50 :  442
50 :  433
Initializing...
maxdom : 9
D->valSize : 357
Solving...
Blb : 2 (clique : 10)
currentSize : 10 <-- 0.002610 s
currentSize : 11 <-- 0.005666 s
currentSize : 12 <-- 0.010646 s
currentSize : 13 <-- 0.422501 s
currentSize : 14 <-- 0.443791 s
currentSize : 15 <-- 0.443922 s
currentSize : 19 <-- 0.552669 s
currentSize : 25 <-- 0.552759 s

maxsize : 25
nodes : 152393.000000
filtered : 1375688.000000
time : 0.696614
