Parameters: GAD=1 vflib=1 dir=0 label=0 vlabel=1 lowerbound=1 fileNameGp=../../cp2016-max-common-connected-subgraph-paper/datasets/graphsdb/mcs50/rand/r02/mcs50_r02_s50.A00 fileNameGt=../../cp2016-max-common-connected-subgraph-paper/datasets/graphsdb/mcs50/rand/r02/mcs50_r02_s50.B00
Reading graphs...
50 :  430
50 :  446
Initializing...
maxdom : 9
D->valSize : 330
Solving...
Blb : 3 (clique : 10)
currentSize : 10 <-- 0.003279 s
currentSize : 11 <-- 0.004137 s
currentSize : 12 <-- 0.004227 s
currentSize : 13 <-- 0.106970 s
currentSize : 15 <-- 0.107824 s
currentSize : 16 <-- 0.260335 s
currentSize : 17 <-- 0.394437 s
currentSize : 18 <-- 0.526890 s
currentSize : 22 <-- 0.527873 s
currentSize : 25 <-- 0.527923 s

maxsize : 25
nodes : 145327.000000
filtered : 1409845.000000
time : 0.673361
