Parameters: GAD=1 vflib=1 dir=0 label=0 vlabel=1 lowerbound=1 fileNameGp=../../cp2016-max-common-connected-subgraph-paper/datasets/graphsdb/mcs50/bvg/b06/mcs50_b06_s90.A06 fileNameGt=../../cp2016-max-common-connected-subgraph-paper/datasets/graphsdb/mcs50/bvg/b06/mcs50_b06_s90.B06
Reading graphs...
90 :  270
90 :  270
Initializing...
maxdom : 10
D->valSize : 528
Solving...
Blb : 2 (clique : 27)
currentSize : 27 <-- 0.006045 s
currentSize : 28 <-- 0.006725 s
currentSize : 29 <-- 0.008011 s
currentSize : 30 <-- 0.009362 s
currentSize : 31 <-- 0.047396 s
currentSize : 32 <-- 5.446516 s
currentSize : 33 <-- 34.806087 s
currentSize : 35 <-- 407.480316 s
currentSize : 36 <-- 407.480438 s
currentSize : 37 <-- 407.480621 s
currentSize : 38 <-- 407.570099 s

TIMEOUT
maxsize : 38
nodes : 169064379.000000
filtered : 1459516139.000000
time : 1000.000061
