Parameters: GAD=1 vflib=1 dir=0 label=0 vlabel=1 lowerbound=1 fileNameGp=../../cp2016-max-common-connected-subgraph-paper/datasets/graphsdb/mcs50/m2D/m2Dr6/mcs50_m2Dr6_s70.A01 fileNameGt=../../cp2016-max-common-connected-subgraph-paper/datasets/graphsdb/mcs50/m2D/m2Dr6/mcs50_m2Dr6_s70.B01
Reading graphs...
70 :  162
70 :  162
Initializing...
maxdom : 9
D->valSize : 339
Solving...
Blb : 2 (clique : 23)
currentSize : 23 <-- 0.003097 s
currentSize : 24 <-- 0.003325 s
currentSize : 25 <-- 0.005968 s
currentSize : 26 <-- 2.232634 s
currentSize : 27 <-- 3.904476 s
currentSize : 28 <-- 9.730333 s
currentSize : 29 <-- 20.990841 s
currentSize : 30 <-- 146.526230 s
currentSize : 31 <-- 146.526321 s
currentSize : 32 <-- 146.716949 s
currentSize : 33 <-- 146.717606 s
currentSize : 34 <-- 168.106033 s
currentSize : 35 <-- 168.107437 s
currentSize : 36 <-- 168.114716 s
currentSize : 37 <-- 168.114914 s
currentSize : 38 <-- 168.292206 s
currentSize : 39 <-- 168.292282 s

maxsize : 39
nodes : 36526308.000000
filtered : 281704396.000000
time : 189.530258
