Parameters: GAD=1 vflib=1 dir=0 label=0 vlabel=1 lowerbound=1 fileNameGp=../../cp2016-max-common-connected-subgraph-paper/datasets/graphsdb/mcs50/m3D/m3D/mcs50_m3D_s60.A07 fileNameGt=../../cp2016-max-common-connected-subgraph-paper/datasets/graphsdb/mcs50/m3D/m3D/mcs50_m3D_s60.B07
Reading graphs...
60 :  133
60 :  131
Initializing...
maxdom : 7
D->valSize : 260
Solving...
Blb : 2 (clique : 23)
currentSize : 23 <-- 0.002285 s
currentSize : 24 <-- 0.002449 s
currentSize : 25 <-- 0.177304 s
currentSize : 26 <-- 1.783279 s
currentSize : 27 <-- 2.964496 s
currentSize : 28 <-- 2.964906 s
currentSize : 29 <-- 5.174113 s
currentSize : 30 <-- 9.075916 s

maxsize : 30
nodes : 1990140.000000
filtered : 17255337.000000
time : 9.954005
