Parameters: GAD=1 vflib=1 dir=0 label=0 vlabel=1 lowerbound=1 fileNameGp=../../cp2016-max-common-connected-subgraph-paper/datasets/graphsdb/mcs50/bvg/b09/mcs50_b09_s80.A01 fileNameGt=../../cp2016-max-common-connected-subgraph-paper/datasets/graphsdb/mcs50/bvg/b09/mcs50_b09_s80.B01
Reading graphs...
80 :  353
80 :  357
Initializing...
maxdom : 9
D->valSize : 435
Solving...
Blb : 2 (clique : 23)
currentSize : 23 <-- 0.004189 s
currentSize : 25 <-- 0.004828 s
currentSize : 26 <-- 0.004882 s
currentSize : 27 <-- 0.004956 s
currentSize : 28 <-- 0.005054 s
currentSize : 31 <-- 0.013711 s
currentSize : 32 <-- 0.073952 s
currentSize : 33 <-- 0.450593 s
currentSize : 36 <-- 0.451015 s
currentSize : 37 <-- 0.493298 s
currentSize : 38 <-- 0.493552 s
currentSize : 39 <-- 0.640071 s
currentSize : 40 <-- 0.645784 s

maxsize : 40
nodes : 40943085.000000
filtered : 275677462.000000
time : 221.630875
