Parameters: GAD=1 vflib=1 dir=0 label=0 vlabel=1 lowerbound=1 fileNameGp=../../cp2016-max-common-connected-subgraph-paper/datasets/graphsdb/mcs50/m2D/m2Dr6/mcs50_m2Dr6_s70.A08 fileNameGt=../../cp2016-max-common-connected-subgraph-paper/datasets/graphsdb/mcs50/m2D/m2Dr6/mcs50_m2Dr6_s70.B08
Reading graphs...
70 :  163
70 :  164
Initializing...
maxdom : 10
D->valSize : 392
Solving...
Blb : 2 (clique : 29)
currentSize : 29 <-- 0.005805 s
currentSize : 30 <-- 0.009794 s
currentSize : 31 <-- 0.015936 s
currentSize : 32 <-- 0.016394 s
currentSize : 33 <-- 0.040593 s
currentSize : 34 <-- 15.828894 s
currentSize : 35 <-- 204.054733 s

TIMEOUT
maxsize : 35
nodes : 184736687.000000
filtered : 1616048056.000000
time : 1000.000061
