Parameters: GAD=1 vflib=1 dir=0 label=0 vlabel=1 lowerbound=1 fileNameGp=../../cp2016-max-common-connected-subgraph-paper/datasets/graphsdb/mcs50/m3D/m3D/mcs50_m3D_s60.A06 fileNameGt=../../cp2016-max-common-connected-subgraph-paper/datasets/graphsdb/mcs50/m3D/m3D/mcs50_m3D_s60.B06
Reading graphs...
60 :  134
60 :  132
Initializing...
maxdom : 6
D->valSize : 229
Solving...
Blb : 2 (clique : 19)
currentSize : 19 <-- 0.001741 s
currentSize : 20 <-- 0.010380 s
currentSize : 21 <-- 0.043331 s
currentSize : 22 <-- 0.381135 s
currentSize : 23 <-- 0.739607 s
currentSize : 24 <-- 1.168809 s
currentSize : 25 <-- 1.279978 s
currentSize : 26 <-- 4.403410 s
currentSize : 27 <-- 7.374842 s
currentSize : 28 <-- 30.166128 s

maxsize : 28
nodes : 18624321.000000
filtered : 124429886.000000
time : 84.641052
