Parameters: GAD=1 vflib=1 dir=0 label=0 vlabel=1 lowerbound=1 fileNameGp=../../cp2016-max-common-connected-subgraph-paper/datasets/graphsdb/mcs50/bvg/b06m/mcs50_b06m_s90.A06 fileNameGt=../../cp2016-max-common-connected-subgraph-paper/datasets/graphsdb/mcs50/bvg/b06m/mcs50_b06m_s90.B06
Reading graphs...
90 :  267
90 :  269
Initializing...
maxdom : 11
D->valSize : 530
Solving...
Blb : 2 (clique : 26)
currentSize : 26 <-- 0.006070 s
currentSize : 27 <-- 0.006339 s
currentSize : 28 <-- 0.006453 s
currentSize : 29 <-- 0.008072 s
currentSize : 30 <-- 0.010627 s
currentSize : 31 <-- 0.014287 s
currentSize : 32 <-- 34.379761 s
currentSize : 33 <-- 34.418056 s
currentSize : 35 <-- 67.371910 s
currentSize : 36 <-- 67.507652 s
currentSize : 38 <-- 67.507713 s
currentSize : 39 <-- 775.387146 s
currentSize : 40 <-- 775.387329 s
currentSize : 41 <-- 775.611389 s
currentSize : 42 <-- 775.653564 s

TIMEOUT
maxsize : 42
nodes : 167772966.000000
filtered : 1410301874.000000
time : 1000.000061
