Parameters: GAD=1 vflib=1 dir=0 label=0 vlabel=1 lowerbound=1 fileNameGp=../../cp2016-max-common-connected-subgraph-paper/datasets/graphsdb/mcs50/m2D/m2D/mcs50_m2D_s50.A01 fileNameGt=../../cp2016-max-common-connected-subgraph-paper/datasets/graphsdb/mcs50/m2D/m2D/mcs50_m2D_s50.B01
Reading graphs...
50 :  85
50 :  85
Initializing...
maxdom : 10
D->valSize : 334
Solving...
Blb : 2 (clique : 20)
currentSize : 20 <-- 0.002540 s
currentSize : 21 <-- 0.005416 s
currentSize : 22 <-- 0.011495 s
currentSize : 23 <-- 0.075312 s
currentSize : 24 <-- 0.138793 s
currentSize : 25 <-- 0.192429 s
currentSize : 26 <-- 0.757964 s
currentSize : 27 <-- 0.758096 s
currentSize : 28 <-- 1.890002 s
currentSize : 29 <-- 11.572153 s
currentSize : 30 <-- 14.360851 s

maxsize : 30
nodes : 7889916.000000
filtered : 78779168.000000
time : 38.841732
