Parameters: GAD=1 vflib=1 dir=0 label=0 vlabel=1 lowerbound=1 fileNameGp=../../cp2016-max-common-connected-subgraph-paper/datasets/graphsdb/mcs50/bvg/b03/mcs50_b03_s60.A04 fileNameGt=../../cp2016-max-common-connected-subgraph-paper/datasets/graphsdb/mcs50/bvg/b03/mcs50_b03_s60.B04
Reading graphs...
60 :  90
60 :  89
Initializing...
maxdom : 6
D->valSize : 242
Solving...
Blb : 2 (clique : 25)
currentSize : 25 <-- 0.002900 s
currentSize : 26 <-- 0.073444 s
currentSize : 27 <-- 0.122884 s
currentSize : 28 <-- 0.131586 s
currentSize : 29 <-- 0.199382 s
currentSize : 30 <-- 254.882721 s
currentSize : 31 <-- 422.764130 s
currentSize : 32 <-- 423.161255 s
currentSize : 33 <-- 423.476654 s
currentSize : 34 <-- 423.481720 s

maxsize : 34
nodes : 113482489.000000
filtered : 630598866.000000
time : 498.138123
