Parameters: GAD=1 vflib=1 dir=0 label=0 vlabel=1 lowerbound=1 fileNameGp=../../cp2016-max-common-connected-subgraph-paper/datasets/graphsdb/mcs50/bvg/b09/mcs50_b09_s50.A05 fileNameGt=../../cp2016-max-common-connected-subgraph-paper/datasets/graphsdb/mcs50/bvg/b09/mcs50_b09_s50.B05
Reading graphs...
50 :  219
50 :  222
Initializing...
maxdom : 10
D->valSize : 321
Solving...
Blb : 2 (clique : 12)
currentSize : 12 <-- 0.002201 s
currentSize : 13 <-- 0.002422 s
currentSize : 14 <-- 0.011896 s
currentSize : 15 <-- 0.017491 s
currentSize : 16 <-- 0.253960 s
currentSize : 17 <-- 0.385290 s
currentSize : 18 <-- 0.385461 s
currentSize : 19 <-- 1.337330 s
currentSize : 23 <-- 1.416794 s
currentSize : 25 <-- 1.422018 s
currentSize : 26 <-- 1.424623 s
currentSize : 27 <-- 1.432034 s

maxsize : 27
nodes : 322183.000000
filtered : 3717891.000000
time : 1.521999
