Parameters: GAD=1 vflib=1 dir=0 label=0 vlabel=1 lowerbound=1 fileNameGp=../../cp2016-max-common-connected-subgraph-paper/datasets/graphsdb/mcs50/bvg/b06m/mcs50_b06m_s60.A07 fileNameGt=../../cp2016-max-common-connected-subgraph-paper/datasets/graphsdb/mcs50/bvg/b06m/mcs50_b06m_s60.B07
Reading graphs...
60 :  178
60 :  176
Initializing...
maxdom : 7
D->valSize : 249
Solving...
Blb : 2 (clique : 20)
currentSize : 20 <-- 0.002009 s
currentSize : 21 <-- 0.002271 s
currentSize : 22 <-- 0.004692 s
currentSize : 24 <-- 0.008188 s
currentSize : 25 <-- 0.008278 s
currentSize : 26 <-- 0.098867 s
currentSize : 27 <-- 0.098934 s
currentSize : 29 <-- 0.100621 s
currentSize : 30 <-- 1.064905 s
currentSize : 31 <-- 3.589988 s
currentSize : 32 <-- 3.590189 s
currentSize : 33 <-- 4.458500 s

maxsize : 33
nodes : 1246173.000000
filtered : 8967265.000000
time : 5.865373
