Parameters: GAD=1 vflib=1 dir=0 label=0 vlabel=1 lowerbound=1 fileNameGp=../../cp2016-max-common-connected-subgraph-paper/datasets/graphsdb/mcs50/m2D/m2D/mcs50_m2D_s50.A06 fileNameGt=../../cp2016-max-common-connected-subgraph-paper/datasets/graphsdb/mcs50/m2D/m2D/mcs50_m2D_s50.B06
Reading graphs...
50 :  85
50 :  85
Initializing...
maxdom : 13
D->valSize : 328
Solving...
Blb : 2 (clique : 20)
currentSize : 20 <-- 0.002449 s
currentSize : 21 <-- 0.002660 s
currentSize : 22 <-- 0.003345 s
currentSize : 23 <-- 0.004390 s
currentSize : 24 <-- 0.006193 s
currentSize : 25 <-- 0.295099 s
currentSize : 26 <-- 31.108910 s
currentSize : 27 <-- 31.176405 s
currentSize : 28 <-- 33.441483 s

maxsize : 28
nodes : 10476873.000000
filtered : 101428921.000000
time : 52.579628
