Parameters: GAD=1 vflib=1 dir=0 label=0 vlabel=1 lowerbound=1 fileNameGp=../../cp2016-max-common-connected-subgraph-paper/datasets/graphsdb/mcs50/bvg/b09m/mcs50_b09m_s90.A04 fileNameGt=../../cp2016-max-common-connected-subgraph-paper/datasets/graphsdb/mcs50/bvg/b09m/mcs50_b09m_s90.B04
Reading graphs...
90 :  394
90 :  398
Initializing...
maxdom : 11
D->valSize : 487
Solving...
Blb : 2 (clique : 20)
currentSize : 20 <-- 0.005149 s
currentSize : 21 <-- 0.005388 s
currentSize : 22 <-- 0.009843 s
currentSize : 23 <-- 0.058579 s
currentSize : 24 <-- 0.123621 s
currentSize : 25 <-- 0.441514 s
currentSize : 26 <-- 33.739441 s
currentSize : 27 <-- 701.696472 s
currentSize : 28 <-- 703.769348 s

TIMEOUT
maxsize : 28
nodes : 174111886.000000
filtered : 1383029518.000000
time : 1000.000000
