Parameters: GAD=1 vflib=1 dir=0 label=0 vlabel=1 lowerbound=1 fileNameGp=../../cp2016-max-common-connected-subgraph-paper/datasets/graphsdb/mcs50/m2D/m2Dr2/mcs50_m2Dr2_s50.A08 fileNameGt=../../cp2016-max-common-connected-subgraph-paper/datasets/graphsdb/mcs50/m2D/m2Dr2/mcs50_m2Dr2_s50.B08
Reading graphs...
50 :  95
50 :  95
Initializing...
maxdom : 11
D->valSize : 337
Solving...
Blb : 2 (clique : 21)
currentSize : 21 <-- 0.002595 s
currentSize : 22 <-- 0.003121 s
currentSize : 23 <-- 0.181210 s
currentSize : 24 <-- 1.068615 s
currentSize : 25 <-- 1.223545 s
currentSize : 26 <-- 14.259690 s
currentSize : 27 <-- 14.259810 s
currentSize : 28 <-- 14.697995 s

maxsize : 28
nodes : 6231347.000000
filtered : 80653266.000000
time : 30.504255
