Parameters: GAD=1 vflib=1 dir=0 label=0 vlabel=1 lowerbound=1 fileNameGp=../../cp2016-max-common-connected-subgraph-paper/datasets/graphsdb/mcs50/m3D/m3Dr4/mcs50_m3Dr4_s60.A04 fileNameGt=../../cp2016-max-common-connected-subgraph-paper/datasets/graphsdb/mcs50/m3D/m3Dr4/mcs50_m3Dr4_s60.B04
Reading graphs...
60 :  155
60 :  156
Initializing...
maxdom : 7
D->valSize : 251
Solving...
Blb : 2 (clique : 20)
currentSize : 20 <-- 0.001948 s
currentSize : 21 <-- 0.002956 s
currentSize : 22 <-- 0.004097 s
currentSize : 23 <-- 0.017682 s
currentSize : 24 <-- 2.722352 s
currentSize : 25 <-- 2.722859 s
currentSize : 26 <-- 5.267658 s
currentSize : 27 <-- 5.344028 s
currentSize : 28 <-- 5.358521 s
currentSize : 29 <-- 53.694160 s
currentSize : 30 <-- 60.612595 s

maxsize : 30
nodes : 18319032.000000
filtered : 127728781.000000
time : 86.384674
