Parameters: GAD=1 vflib=1 dir=0 label=0 vlabel=1 lowerbound=1 fileNameGp=../../cp2016-max-common-connected-subgraph-paper/datasets/graphsdb/mcs50/m3D/m3Dr4/mcs50_m3Dr4_s60.A01 fileNameGt=../../cp2016-max-common-connected-subgraph-paper/datasets/graphsdb/mcs50/m3D/m3Dr4/mcs50_m3Dr4_s60.B01
Reading graphs...
60 :  158
60 :  156
Initializing...
maxdom : 7
D->valSize : 229
Solving...
Blb : 3 (clique : 19)
currentSize : 19 <-- 0.002507 s
currentSize : 20 <-- 0.003529 s
currentSize : 21 <-- 0.062449 s
currentSize : 22 <-- 0.107420 s
currentSize : 23 <-- 0.339846 s
currentSize : 24 <-- 0.391820 s
currentSize : 25 <-- 1.735065 s
currentSize : 26 <-- 7.253841 s
currentSize : 27 <-- 16.153391 s

maxsize : 27
nodes : 7371252.000000
filtered : 50521472.000000
time : 33.898338
