Parameters: GAD=1 vflib=1 dir=0 label=0 vlabel=1 lowerbound=1 fileNameGp=../../cp2016-max-common-connected-subgraph-paper/datasets/graphsdb/mcs50/bvg/b03/mcs50_b03_s60.A03 fileNameGt=../../cp2016-max-common-connected-subgraph-paper/datasets/graphsdb/mcs50/bvg/b03/mcs50_b03_s60.B03
Reading graphs...
60 :  90
60 :  90
Initializing...
maxdom : 7
D->valSize : 261
Solving...
Blb : 5 (clique : 25)
currentSize : 25 <-- 0.003234 s
currentSize : 30 <-- 0.003460 s
currentSize : 31 <-- 0.003582 s
currentSize : 32 <-- 0.004128 s
currentSize : 33 <-- 0.004814 s
currentSize : 34 <-- 0.025997 s
currentSize : 35 <-- 0.789267 s
currentSize : 36 <-- 1.027313 s

maxsize : 36
nodes : 2597505.000000
filtered : 13784057.000000
time : 11.467204
