Parameters: GAD=1 vflib=1 dir=0 label=0 vlabel=1 lowerbound=1 fileNameGp=../../cp2016-max-common-connected-subgraph-paper/datasets/graphsdb/mcs50/m2D/m2Dr2/mcs50_m2Dr2_s60.A03 fileNameGt=../../cp2016-max-common-connected-subgraph-paper/datasets/graphsdb/mcs50/m2D/m2Dr2/mcs50_m2Dr2_s60.B03
Reading graphs...
60 :  116
60 :  116
Initializing...
maxdom : 9
D->valSize : 256
Solving...
Blb : 2 (clique : 20)
currentSize : 20 <-- 0.002875 s
currentSize : 24 <-- 0.002999 s
currentSize : 25 <-- 0.003237 s
currentSize : 26 <-- 0.003297 s
currentSize : 27 <-- 0.004379 s
currentSize : 28 <-- 0.004974 s
currentSize : 29 <-- 0.005015 s
currentSize : 30 <-- 0.029304 s
currentSize : 31 <-- 55.326504 s

maxsize : 31
nodes : 19968308.000000
filtered : 132660832.000000
time : 90.026176
