Parameters: GAD=1 vflib=1 dir=0 label=0 vlabel=1 lowerbound=1 fileNameGp=../../cp2016-max-common-connected-subgraph-paper/datasets/graphsdb/mcs50/m2D/m2Dr4/mcs50_m2Dr4_s50.A08 fileNameGt=../../cp2016-max-common-connected-subgraph-paper/datasets/graphsdb/mcs50/m2D/m2Dr4/mcs50_m2Dr4_s50.B08
Reading graphs...
50 :  104
50 :  101
Initializing...
maxdom : 9
D->valSize : 311
Solving...
Blb : 2 (clique : 19)
currentSize : 19 <-- 0.002327 s
currentSize : 20 <-- 0.002810 s
currentSize : 21 <-- 0.004725 s
currentSize : 22 <-- 0.026742 s
currentSize : 23 <-- 0.043252 s
currentSize : 24 <-- 0.181325 s
currentSize : 25 <-- 0.575601 s
currentSize : 26 <-- 0.598590 s
currentSize : 27 <-- 0.881457 s
currentSize : 28 <-- 3.553443 s
currentSize : 29 <-- 5.741019 s
currentSize : 30 <-- 7.115696 s

maxsize : 30
nodes : 1712689.000000
filtered : 18199112.000000
time : 8.373941
