Parameters: GAD=1 vflib=1 dir=0 label=0 vlabel=1 lowerbound=1 fileNameGp=../../cp2016-max-common-connected-subgraph-paper/datasets/graphsdb/mcs50/m2D/m2Dr6/mcs50_m2Dr6_s70.A00 fileNameGt=../../cp2016-max-common-connected-subgraph-paper/datasets/graphsdb/mcs50/m2D/m2Dr6/mcs50_m2Dr6_s70.B00
Reading graphs...
70 :  163
70 :  162
Initializing...
maxdom : 7
D->valSize : 351
Solving...
Blb : 3 (clique : 34)
currentSize : 34 <-- 0.003247 s
currentSize : 35 <-- 8.867757 s
currentSize : 36 <-- 60.138416 s
currentSize : 37 <-- 60.171673 s
currentSize : 38 <-- 60.233734 s

maxsize : 38
nodes : 27554439.000000
filtered : 217771709.000000
time : 146.932587
