Parameters: GAD=1 vflib=1 dir=0 label=0 vlabel=1 lowerbound=1 fileNameGp=../../cp2016-max-common-connected-subgraph-paper/datasets/graphsdb/mcs50/rand/r01/mcs50_r01_s90.A01 fileNameGt=../../cp2016-max-common-connected-subgraph-paper/datasets/graphsdb/mcs50/rand/r01/mcs50_r01_s90.B01
Reading graphs...
90 :  761
90 :  762
Initializing...
maxdom : 9
D->valSize : 557
Solving...
Blb : 5 (clique : 14)
currentSize : 14 <-- 0.006212 s
currentSize : 15 <-- 0.006452 s
currentSize : 16 <-- 0.015118 s
currentSize : 17 <-- 0.102332 s
currentSize : 18 <-- 0.483314 s
currentSize : 19 <-- 0.686766 s
currentSize : 20 <-- 17.731054 s
currentSize : 21 <-- 17.734026 s
currentSize : 22 <-- 17.743725 s
currentSize : 23 <-- 17.743898 s
currentSize : 26 <-- 17.744024 s
currentSize : 27 <-- 17.744280 s
currentSize : 31 <-- 17.852713 s
currentSize : 34 <-- 17.852837 s
currentSize : 36 <-- 30.744831 s
currentSize : 37 <-- 39.265171 s
currentSize : 45 <-- 39.295399 s

maxsize : 45
nodes : 6284249.000000
filtered : 78149614.000000
time : 43.385818
