Parameters: GAD=1 vflib=1 dir=0 label=0 vlabel=1 lowerbound=1 fileNameGp=../../cp2016-max-common-connected-subgraph-paper/datasets/graphsdb/mcs50/rand/r02/mcs50_r02_s100.A04 fileNameGt=../../cp2016-max-common-connected-subgraph-paper/datasets/graphsdb/mcs50/rand/r02/mcs50_r02_s100.B04
Reading graphs...
100 :  1782
100 :  1767
Initializing...
maxdom : 10
D->valSize : 421
Solving...
Blb : 2 (clique : 15)
currentSize : 15 <-- 0.004446 s
currentSize : 16 <-- 0.044253 s
currentSize : 17 <-- 0.045014 s
currentSize : 18 <-- 0.050098 s
currentSize : 21 <-- 0.051961 s
currentSize : 22 <-- 0.069203 s
currentSize : 25 <-- 0.069658 s
currentSize : 33 <-- 0.069798 s
currentSize : 36 <-- 0.219774 s
currentSize : 50 <-- 0.229002 s

maxsize : 50
nodes : 37555.000000
filtered : 551594.000000
time : 0.291680
