Parameters: GAD=1 vflib=1 dir=0 label=0 vlabel=1 lowerbound=1 fileNameGp=../../cp2016-max-common-connected-subgraph-paper/datasets/graphsdb/mcs50/m2D/m2Dr6/mcs50_m2Dr6_s80.A05 fileNameGt=../../cp2016-max-common-connected-subgraph-paper/datasets/graphsdb/mcs50/m2D/m2Dr6/mcs50_m2Dr6_s80.B05
Reading graphs...
80 :  189
80 :  187
Initializing...
maxdom : 9
D->valSize : 451
Solving...
Blb : 2 (clique : 36)
currentSize : 36 <-- 0.007613 s
currentSize : 37 <-- 0.011261 s
currentSize : 38 <-- 0.030790 s
currentSize : 40 <-- 0.032035 s
currentSize : 41 <-- 0.035869 s
currentSize : 42 <-- 54.093464 s
currentSize : 43 <-- 61.622841 s
currentSize : 44 <-- 462.148285 s

TIMEOUT
maxsize : 44
nodes : 190670438.000000
filtered : 1036410182.000000
time : 1000.000061
