Parameters: GAD=1 vflib=1 dir=0 label=0 vlabel=1 lowerbound=1 fileNameGp=../../cp2016-max-common-connected-subgraph-paper/datasets/graphsdb/mcs50/m2D/m2Dr4/mcs50_m2Dr4_s40.A04 fileNameGt=../../cp2016-max-common-connected-subgraph-paper/datasets/graphsdb/mcs50/m2D/m2Dr4/mcs50_m2Dr4_s40.B04
Reading graphs...
40 :  82
40 :  81
Initializing...
maxdom : 7
D->valSize : 213
Solving...
Blb : 3 (clique : 15)
currentSize : 15 <-- 0.001367 s
currentSize : 16 <-- 0.001500 s
currentSize : 17 <-- 0.001608 s
currentSize : 18 <-- 0.001977 s
currentSize : 19 <-- 0.017355 s
currentSize : 20 <-- 0.214617 s
currentSize : 21 <-- 0.846794 s
currentSize : 22 <-- 1.266757 s

maxsize : 22
nodes : 316157.000000
filtered : 2466971.000000
time : 1.303329
