Parameters: GAD=1 vflib=1 dir=0 label=0 vlabel=1 lowerbound=1 fileNameGp=../../cp2016-max-common-connected-subgraph-paper/datasets/graphsdb/mcs50/rand/r01/mcs50_r01_s60.A09 fileNameGt=../../cp2016-max-common-connected-subgraph-paper/datasets/graphsdb/mcs50/rand/r01/mcs50_r01_s60.B09
Reading graphs...
60 :  334
60 :  328
Initializing...
maxdom : 6
D->valSize : 240
Solving...
Blb : 2 (clique : 12)
currentSize : 12 <-- 0.001702 s
currentSize : 13 <-- 0.001856 s
currentSize : 14 <-- 0.006506 s
currentSize : 15 <-- 0.006530 s
currentSize : 16 <-- 0.046647 s
currentSize : 17 <-- 0.051741 s
currentSize : 18 <-- 0.153311 s
currentSize : 19 <-- 0.153649 s
currentSize : 20 <-- 0.379656 s
currentSize : 21 <-- 0.381422 s
currentSize : 22 <-- 0.414816 s
currentSize : 24 <-- 0.436397 s
currentSize : 26 <-- 0.475157 s
currentSize : 30 <-- 0.539989 s

maxsize : 30
nodes : 121670.000000
filtered : 945848.000000
time : 0.592103
