Parameters: GAD=1 vflib=1 dir=0 label=0 vlabel=1 lowerbound=1 fileNameGp=../../cp2016-max-common-connected-subgraph-paper/datasets/graphsdb/mcs50/bvg/b06m/mcs50_b06m_s40.A02 fileNameGt=../../cp2016-max-common-connected-subgraph-paper/datasets/graphsdb/mcs50/bvg/b06m/mcs50_b06m_s40.B02
Reading graphs...
40 :  116
40 :  115
Initializing...
maxdom : 11
D->valSize : 219
Solving...
Blb : 2 (clique : 11)
currentSize : 11 <-- 0.001263 s
currentSize : 14 <-- 0.001622 s
currentSize : 15 <-- 0.003028 s
currentSize : 16 <-- 0.184275 s
currentSize : 17 <-- 0.451417 s
currentSize : 18 <-- 0.451524 s
currentSize : 19 <-- 0.452090 s
currentSize : 20 <-- 0.452184 s
currentSize : 21 <-- 0.520491 s
currentSize : 22 <-- 0.520620 s

maxsize : 22
nodes : 142239.000000
filtered : 1174401.000000
time : 0.555827
