Parameters: GAD=1 vflib=1 dir=0 label=0 vlabel=1 lowerbound=1 fileNameGp=../../cp2016-max-common-connected-subgraph-paper/datasets/graphsdb/mcs50/bvg/b06/mcs50_b06_s70.A04 fileNameGt=../../cp2016-max-common-connected-subgraph-paper/datasets/graphsdb/mcs50/bvg/b06/mcs50_b06_s70.B04
Reading graphs...
70 :  208
70 :  210
Initializing...
maxdom : 7
D->valSize : 322
Solving...
Blb : 2 (clique : 22)
currentSize : 22 <-- 0.002685 s
currentSize : 23 <-- 0.004889 s
currentSize : 24 <-- 0.006633 s
currentSize : 25 <-- 0.534101 s
currentSize : 26 <-- 8.373463 s
currentSize : 27 <-- 14.919596 s
currentSize : 28 <-- 21.304512 s
currentSize : 29 <-- 22.798567 s
currentSize : 30 <-- 30.438864 s
currentSize : 31 <-- 94.558754 s
currentSize : 32 <-- 120.540443 s
currentSize : 33 <-- 120.541580 s
currentSize : 34 <-- 149.967987 s
currentSize : 35 <-- 151.190201 s
currentSize : 36 <-- 151.192123 s

maxsize : 36
nodes : 43353564.000000
filtered : 295717279.000000
time : 219.346176
