Parameters: GAD=1 vflib=1 dir=0 label=0 vlabel=1 lowerbound=1 fileNameGp=../../cp2016-max-common-connected-subgraph-paper/datasets/graphsdb/mcs50/rand/r02/mcs50_r02_s70.A07 fileNameGt=../../cp2016-max-common-connected-subgraph-paper/datasets/graphsdb/mcs50/rand/r02/mcs50_r02_s70.B07
Reading graphs...
70 :  863
70 :  869
Initializing...
maxdom : 10
D->valSize : 330
Solving...
Blb : 3 (clique : 10)
currentSize : 10 <-- 0.002722 s
currentSize : 11 <-- 0.002861 s
currentSize : 12 <-- 0.003007 s
currentSize : 13 <-- 0.003139 s
currentSize : 15 <-- 0.003460 s
currentSize : 18 <-- 0.003626 s
currentSize : 20 <-- 0.188835 s
currentSize : 23 <-- 0.189086 s
currentSize : 35 <-- 0.189669 s

maxsize : 35
nodes : 45274.000000
filtered : 541744.000000
time : 0.265218
