Parameters: GAD=1 vflib=1 dir=0 label=0 vlabel=1 lowerbound=1 fileNameGp=../../cp2016-max-common-connected-subgraph-paper/datasets/graphsdb/mcs50/bvg/b03/mcs50_b03_s50.A04 fileNameGt=../../cp2016-max-common-connected-subgraph-paper/datasets/graphsdb/mcs50/bvg/b03/mcs50_b03_s50.B04
Reading graphs...
50 :  75
50 :  75
Initializing...
maxdom : 9
D->valSize : 312
Solving...
Blb : 5 (clique : 22)
currentSize : 22 <-- 0.002369 s
currentSize : 23 <-- 0.003213 s
currentSize : 24 <-- 0.123371 s
currentSize : 25 <-- 0.495220 s
currentSize : 26 <-- 1.965171 s
currentSize : 27 <-- 4.566461 s
currentSize : 28 <-- 17.447344 s
currentSize : 29 <-- 17.447475 s

maxsize : 29
nodes : 14930205.000000
filtered : 171957538.000000
time : 73.386856
