Parameters: GAD=1 vflib=1 dir=0 label=0 vlabel=1 lowerbound=1 fileNameGp=../../cp2016-max-common-connected-subgraph-paper/datasets/graphsdb/mcs50/bvg/b09m/mcs50_b09m_s80.A00 fileNameGt=../../cp2016-max-common-connected-subgraph-paper/datasets/graphsdb/mcs50/bvg/b09m/mcs50_b09m_s80.B00
Reading graphs...
80 :  353
80 :  350
Initializing...
maxdom : 8
D->valSize : 446
Solving...
Blb : 2 (clique : 26)
currentSize : 26 <-- 0.004354 s
currentSize : 27 <-- 0.004596 s
currentSize : 28 <-- 0.004825 s
currentSize : 29 <-- 0.004917 s
currentSize : 30 <-- 2.675654 s
currentSize : 32 <-- 2.675779 s
currentSize : 33 <-- 2.694398 s
currentSize : 34 <-- 2.694486 s
currentSize : 35 <-- 2.695324 s
currentSize : 36 <-- 5.202329 s
currentSize : 37 <-- 5.207630 s
currentSize : 38 <-- 5.207831 s
currentSize : 39 <-- 5.268518 s
currentSize : 40 <-- 5.268754 s

maxsize : 40
nodes : 73410796.000000
filtered : 480189314.000000
time : 397.925262
