Parameters: GAD=1 vflib=1 dir=0 label=0 vlabel=1 lowerbound=1 fileNameGp=../../cp2016-max-common-connected-subgraph-paper/datasets/graphsdb/mcs50/bvg/b03/mcs50_b03_s100.A04 fileNameGt=../../cp2016-max-common-connected-subgraph-paper/datasets/graphsdb/mcs50/bvg/b03/mcs50_b03_s100.B04
Reading graphs...
100 :  150
100 :  150
Initializing...
maxdom : 6
D->valSize : 363
Solving...
Blb : 2 (clique : 43)
currentSize : 43 <-- 0.004003 s
currentSize : 44 <-- 0.004379 s
currentSize : 45 <-- 0.004743 s
currentSize : 46 <-- 0.005715 s
currentSize : 47 <-- 0.013068 s
currentSize : 48 <-- 0.036669 s
currentSize : 49 <-- 0.090619 s
currentSize : 50 <-- 0.137908 s
currentSize : 51 <-- 0.249769 s
currentSize : 52 <-- 44.329006 s
currentSize : 53 <-- 44.368519 s
currentSize : 54 <-- 51.145180 s

TIMEOUT
maxsize : 54
nodes : 219925249.000000
filtered : 566076410.000000
time : 1000.000122
