Parameters: GAD=1 vflib=1 dir=0 label=0 vlabel=1 lowerbound=1 fileNameGp=../../cp2016-max-common-connected-subgraph-paper/datasets/graphsdb/mcs50/m2D/m2D/mcs50_m2D_s50.A08 fileNameGt=../../cp2016-max-common-connected-subgraph-paper/datasets/graphsdb/mcs50/m2D/m2D/mcs50_m2D_s50.B08
Reading graphs...
50 :  83
50 :  85
Initializing...
maxdom : 10
D->valSize : 338
Solving...
Blb : 2 (clique : 22)
currentSize : 22 <-- 0.004190 s
currentSize : 23 <-- 0.005860 s
currentSize : 24 <-- 0.008058 s
currentSize : 25 <-- 0.163857 s
currentSize : 26 <-- 0.338825 s
currentSize : 27 <-- 9.194473 s
currentSize : 28 <-- 18.966503 s
currentSize : 29 <-- 757.673157 s

maxsize : 29
nodes : 168651291.000000
filtered : 2053513077.000000
time : 934.438721
