Parameters: GAD=1 vflib=1 dir=0 label=0 vlabel=1 lowerbound=1 fileNameGp=../../cp2016-max-common-connected-subgraph-paper/datasets/graphsdb/mcs50/rand/r01/mcs50_r01_s100.A01 fileNameGt=../../cp2016-max-common-connected-subgraph-paper/datasets/graphsdb/mcs50/rand/r01/mcs50_r01_s100.B01
Reading graphs...
100 :  918
100 :  927
Initializing...
maxdom : 7
D->valSize : 353
Solving...
Blb : 2 (clique : 18)
currentSize : 18 <-- 0.005555 s
currentSize : 19 <-- 0.008623 s
currentSize : 20 <-- 0.009936 s
currentSize : 21 <-- 0.073004 s
currentSize : 22 <-- 0.106039 s
currentSize : 23 <-- 0.332930 s
currentSize : 25 <-- 0.333386 s
currentSize : 26 <-- 0.364845 s
currentSize : 27 <-- 0.365014 s
currentSize : 28 <-- 0.375416 s
currentSize : 29 <-- 0.375692 s
currentSize : 30 <-- 0.805911 s
currentSize : 33 <-- 0.867600 s
currentSize : 38 <-- 0.894217 s
currentSize : 42 <-- 1.989857 s
currentSize : 50 <-- 2.105369 s

maxsize : 50
nodes : 428387.000000
filtered : 3779738.000000
time : 3.062885
