Parameters: GAD=1 vflib=1 dir=0 label=0 vlabel=1 lowerbound=1 fileNameGp=../../cp2016-max-common-connected-subgraph-paper/datasets/graphsdb/mcs50/bvg/b09/mcs50_b09_s60.A04 fileNameGt=../../cp2016-max-common-connected-subgraph-paper/datasets/graphsdb/mcs50/bvg/b09/mcs50_b09_s60.B04
Reading graphs...
60 :  268
60 :  269
Initializing...
maxdom : 8
D->valSize : 250
Solving...
Blb : 2 (clique : 17)
currentSize : 17 <-- 0.001890 s
currentSize : 18 <-- 0.002341 s
currentSize : 19 <-- 0.002389 s
currentSize : 20 <-- 0.037823 s
currentSize : 21 <-- 0.048329 s
currentSize : 22 <-- 2.393031 s
currentSize : 26 <-- 3.963485 s
currentSize : 27 <-- 3.963679 s
currentSize : 28 <-- 3.964314 s
currentSize : 29 <-- 4.030202 s
currentSize : 30 <-- 4.031155 s

maxsize : 30
nodes : 1125996.000000
filtered : 6996585.000000
time : 5.101778
