Parameters: GAD=1 vflib=1 dir=0 label=0 vlabel=1 lowerbound=1 fileNameGp=../../cp2016-max-common-connected-subgraph-paper/datasets/graphsdb/mcs50/bvg/b03m/mcs50_b03m_s60.A06 fileNameGt=../../cp2016-max-common-connected-subgraph-paper/datasets/graphsdb/mcs50/bvg/b03m/mcs50_b03m_s60.B06
Reading graphs...
60 :  89
60 :  89
Initializing...
maxdom : 7
D->valSize : 244
Solving...
Blb : 2 (clique : 26)
currentSize : 26 <-- 0.001940 s
currentSize : 27 <-- 0.061371 s
currentSize : 28 <-- 0.259553 s
currentSize : 29 <-- 1.560966 s
currentSize : 30 <-- 1.562795 s
currentSize : 31 <-- 1.566560 s
currentSize : 32 <-- 2.353917 s
currentSize : 33 <-- 9.903575 s
currentSize : 34 <-- 29.402126 s
currentSize : 35 <-- 31.786451 s

maxsize : 35
nodes : 7235025.000000
filtered : 40710651.000000
time : 33.161461
