Parameters: GAD=1 vflib=1 dir=0 label=0 vlabel=1 lowerbound=1 fileNameGp=../../cp2016-max-common-connected-subgraph-paper/datasets/graphsdb/mcs50/bvg/b03/mcs50_b03_s50.A02 fileNameGt=../../cp2016-max-common-connected-subgraph-paper/datasets/graphsdb/mcs50/bvg/b03/mcs50_b03_s50.B02
Reading graphs...
50 :  75
50 :  75
Initializing...
maxdom : 7
D->valSize : 319
Solving...
Blb : 2 (clique : 23)
currentSize : 23 <-- 0.003447 s
currentSize : 24 <-- 0.003604 s
currentSize : 25 <-- 0.003729 s
currentSize : 26 <-- 0.008234 s
currentSize : 27 <-- 0.021695 s
currentSize : 28 <-- 0.308034 s
currentSize : 29 <-- 33.473232 s

TIMEOUT
maxsize : 29
nodes : 200290524.000000
filtered : 2157732613.000000
time : 1000.000000
