Parameters: GAD=1 vflib=1 dir=0 label=0 vlabel=1 lowerbound=1 fileNameGp=../../cp2016-max-common-connected-subgraph-paper/datasets/graphsdb/mcs50/bvg/b06/mcs50_b06_s80.A01 fileNameGt=../../cp2016-max-common-connected-subgraph-paper/datasets/graphsdb/mcs50/bvg/b06/mcs50_b06_s80.B01
Reading graphs...
80 :  238
80 :  239
Initializing...
maxdom : 11
D->valSize : 472
Solving...
Blb : 3 (clique : 26)
currentSize : 26 <-- 0.007855 s
currentSize : 27 <-- 0.129841 s
currentSize : 28 <-- 0.146305 s
currentSize : 29 <-- 0.665858 s
currentSize : 30 <-- 9.654965 s
currentSize : 31 <-- 30.249327 s
currentSize : 32 <-- 51.467049 s
currentSize : 33 <-- 53.459785 s
currentSize : 34 <-- 53.484596 s
currentSize : 35 <-- 350.665741 s
currentSize : 36 <-- 474.968811 s

TIMEOUT
maxsize : 36
nodes : 172229762.000000
filtered : 1739335306.000000
time : 1000.000061
