Parameters: GAD=1 vflib=1 dir=0 label=0 vlabel=1 lowerbound=1 fileNameGp=../../cp2016-max-common-connected-subgraph-paper/datasets/graphsdb/mcs50/m3D/m3D/mcs50_m3D_s60.A03 fileNameGt=../../cp2016-max-common-connected-subgraph-paper/datasets/graphsdb/mcs50/m3D/m3D/mcs50_m3D_s60.B03
Reading graphs...
60 :  134
60 :  133
Initializing...
maxdom : 7
D->valSize : 241
Solving...
Blb : 2 (clique : 22)
currentSize : 22 <-- 0.001792 s
currentSize : 23 <-- 0.001928 s
currentSize : 24 <-- 0.003710 s
currentSize : 25 <-- 0.003809 s
currentSize : 26 <-- 0.011422 s
currentSize : 27 <-- 0.019784 s
currentSize : 28 <-- 0.060014 s
currentSize : 29 <-- 0.061612 s
currentSize : 30 <-- 0.183729 s

maxsize : 30
nodes : 8254280.000000
filtered : 43499154.000000
time : 35.656681
