Parameters: GAD=1 vflib=1 dir=0 label=0 vlabel=1 lowerbound=1 fileNameGp=../../cp2016-max-common-connected-subgraph-paper/datasets/graphsdb/mcs50/m2D/m2Dr2/mcs50_m2Dr2_s80.A04 fileNameGt=../../cp2016-max-common-connected-subgraph-paper/datasets/graphsdb/mcs50/m2D/m2Dr2/mcs50_m2Dr2_s80.B04
Reading graphs...
80 :  158
80 :  158
Initializing...
maxdom : 9
D->valSize : 429
Solving...
Blb : 2 (clique : 29)
currentSize : 29 <-- 0.004293 s
currentSize : 30 <-- 0.005262 s
currentSize : 31 <-- 0.572052 s
currentSize : 32 <-- 0.600053 s
currentSize : 33 <-- 1.467195 s
currentSize : 34 <-- 9.753121 s
currentSize : 35 <-- 180.436523 s
currentSize : 36 <-- 720.852112 s

TIMEOUT
maxsize : 36
nodes : 185713997.000000
filtered : 1224791764.000000
time : 1000.000061
