Parameters: GAD=1 vflib=1 dir=0 label=0 vlabel=1 lowerbound=1 fileNameGp=../../cp2016-max-common-connected-subgraph-paper/datasets/graphsdb/mcs50/m2D/m2Dr2/mcs50_m2Dr2_s90.A02 fileNameGt=../../cp2016-max-common-connected-subgraph-paper/datasets/graphsdb/mcs50/m2D/m2Dr2/mcs50_m2Dr2_s90.B02
Reading graphs...
90 :  179
90 :  177
Initializing...
maxdom : 9
D->valSize : 531
Solving...
Blb : 2 (clique : 31)
currentSize : 31 <-- 0.007211 s
currentSize : 35 <-- 0.007466 s
currentSize : 37 <-- 0.007571 s
currentSize : 38 <-- 0.008421 s
currentSize : 39 <-- 1.060629 s
currentSize : 40 <-- 46.061535 s
currentSize : 41 <-- 47.465992 s
currentSize : 42 <-- 194.047760 s

TIMEOUT
maxsize : 42
nodes : 164005995.000000
filtered : 1373220238.000000
time : 1000.000061
