Parameters: GAD=1 vflib=1 dir=0 label=0 vlabel=1 lowerbound=1 fileNameGp=../../cp2016-max-common-connected-subgraph-paper/datasets/graphsdb/mcs50/bvg/b09m/mcs50_b09m_s100.A05 fileNameGt=../../cp2016-max-common-connected-subgraph-paper/datasets/graphsdb/mcs50/bvg/b09m/mcs50_b09m_s100.B05
Reading graphs...
100 :  441
100 :  441
Initializing...
maxdom : 7
D->valSize : 366
Solving...
Blb : 3 (clique : 31)
currentSize : 31 <-- 0.003776 s
currentSize : 32 <-- 54.079636 s
currentSize : 33 <-- 60.896454 s
currentSize : 34 <-- 136.546890 s
currentSize : 35 <-- 136.550385 s
currentSize : 36 <-- 148.207962 s
currentSize : 37 <-- 148.211227 s
currentSize : 38 <-- 281.011017 s
currentSize : 39 <-- 317.014313 s
currentSize : 40 <-- 317.116638 s
currentSize : 41 <-- 326.946472 s
currentSize : 42 <-- 327.000397 s
currentSize : 43 <-- 494.089233 s
currentSize : 44 <-- 494.224243 s
currentSize : 45 <-- 494.226044 s
currentSize : 46 <-- 695.041138 s
currentSize : 47 <-- 695.107666 s
currentSize : 48 <-- 695.108215 s

TIMEOUT
maxsize : 48
nodes : 171449078.000000
filtered : 871755765.000000
time : 1000.000122
