Parameters: GAD=1 vflib=1 dir=0 label=0 vlabel=1 lowerbound=1 fileNameGp=../../cp2016-max-common-connected-subgraph-paper/datasets/graphsdb/mcs50/bvg/b03m/mcs50_b03m_s60.A09 fileNameGt=../../cp2016-max-common-connected-subgraph-paper/datasets/graphsdb/mcs50/bvg/b03m/mcs50_b03m_s60.B09
Reading graphs...
60 :  89
60 :  89
Initializing...
maxdom : 8
D->valSize : 280
Solving...
Blb : 2 (clique : 26)
currentSize : 26 <-- 0.002169 s
currentSize : 27 <-- 0.002722 s
currentSize : 28 <-- 0.012631 s
currentSize : 29 <-- 0.021119 s
currentSize : 30 <-- 0.091889 s
currentSize : 31 <-- 0.325316 s
currentSize : 32 <-- 1.068700 s
currentSize : 33 <-- 2.484437 s

maxsize : 33
nodes : 29093694.000000
filtered : 215926708.000000
time : 139.055023
