Parameters: GAD=1 vflib=1 dir=0 label=0 vlabel=1 lowerbound=1 fileNameGp=../../cp2016-max-common-connected-subgraph-paper/datasets/graphsdb/mcs50/m2D/m2Dr6/mcs50_m2Dr6_s100.A02 fileNameGt=../../cp2016-max-common-connected-subgraph-paper/datasets/graphsdb/mcs50/m2D/m2Dr6/mcs50_m2Dr6_s100.B02
Reading graphs...
100 :  239
100 :  238
Initializing...
maxdom : 7
D->valSize : 386
Solving...
Blb : 2 (clique : 39)
currentSize : 39 <-- 0.004502 s
currentSize : 41 <-- 0.009143 s
currentSize : 42 <-- 0.012047 s
currentSize : 44 <-- 0.666421 s
currentSize : 45 <-- 0.666904 s
currentSize : 46 <-- 0.740828 s
currentSize : 47 <-- 13.687960 s
currentSize : 48 <-- 14.391317 s
currentSize : 49 <-- 16.716825 s
currentSize : 50 <-- 16.716890 s
currentSize : 51 <-- 153.253693 s

TIMEOUT
maxsize : 51
nodes : 211152582.000000
filtered : 539329334.000000
time : 1000.000061
