Parameters: GAD=1 vflib=1 dir=0 label=0 vlabel=1 lowerbound=1 fileNameGp=../../cp2016-max-common-connected-subgraph-paper/datasets/graphsdb/mcs50/rand/r005/mcs50_r005_s50.A06 fileNameGt=../../cp2016-max-common-connected-subgraph-paper/datasets/graphsdb/mcs50/rand/r005/mcs50_r005_s50.B06
Reading graphs...
50 :  119
50 :  116
Initializing...
maxdom : 9
D->valSize : 325
Solving...
Blb : 3 (clique : 19)
currentSize : 19 <-- 0.002380 s
currentSize : 21 <-- 0.002527 s
currentSize : 22 <-- 0.003585 s
currentSize : 23 <-- 0.122869 s
currentSize : 24 <-- 0.414709 s
currentSize : 25 <-- 0.478683 s

maxsize : 25
nodes : 10974416.000000
filtered : 126807701.000000
time : 55.760696
