Parameters: GAD=1 vflib=1 dir=0 label=0 vlabel=1 lowerbound=1 fileNameGp=../../cp2016-max-common-connected-subgraph-paper/datasets/graphsdb/mcs50/m2D/m2D/mcs50_m2D_s50.A00 fileNameGt=../../cp2016-max-common-connected-subgraph-paper/datasets/graphsdb/mcs50/m2D/m2D/mcs50_m2D_s50.B00
Reading graphs...
50 :  84
50 :  85
Initializing...
maxdom : 9
D->valSize : 330
Solving...
Blb : 2 (clique : 23)
currentSize : 23 <-- 0.002476 s
currentSize : 24 <-- 0.002614 s
currentSize : 25 <-- 0.002658 s
currentSize : 26 <-- 4.624743 s
currentSize : 27 <-- 5.100866 s
currentSize : 28 <-- 13.400555 s
currentSize : 29 <-- 111.408882 s

maxsize : 29
nodes : 42808544.000000
filtered : 443001456.000000
time : 208.718445
