Parameters: GAD=1 vflib=1 dir=0 label=0 vlabel=1 lowerbound=1 fileNameGp=../../cp2016-max-common-connected-subgraph-paper/datasets/graphsdb/mcs50/bvg/b09/mcs50_b09_s90.A09 fileNameGt=../../cp2016-max-common-connected-subgraph-paper/datasets/graphsdb/mcs50/bvg/b09/mcs50_b09_s90.B09
Reading graphs...
90 :  401
90 :  399
Initializing...
maxdom : 9
D->valSize : 542
Solving...
Blb : 2 (clique : 24)
currentSize : 24 <-- 0.010121 s
currentSize : 25 <-- 0.045546 s
currentSize : 26 <-- 0.134625 s
currentSize : 27 <-- 4.193162 s
currentSize : 28 <-- 4.325308 s
currentSize : 29 <-- 15.649630 s
currentSize : 30 <-- 16.323824 s
currentSize : 31 <-- 48.352432 s
currentSize : 32 <-- 48.540783 s
currentSize : 33 <-- 156.343109 s
currentSize : 34 <-- 464.162598 s
currentSize : 35 <-- 465.784424 s
currentSize : 36 <-- 465.790405 s
currentSize : 37 <-- 465.931335 s
currentSize : 38 <-- 566.939697 s
currentSize : 39 <-- 566.960632 s
currentSize : 40 <-- 566.985107 s

TIMEOUT
maxsize : 40
nodes : 165509506.000000
filtered : 1398799029.000000
time : 1000.000061
