Parameters: GAD=1 vflib=1 dir=0 label=0 vlabel=1 lowerbound=1 fileNameGp=../../cp2016-max-common-connected-subgraph-paper/datasets/graphsdb/mcs50/bvg/b06m/mcs50_b06m_s70.A01 fileNameGt=../../cp2016-max-common-connected-subgraph-paper/datasets/graphsdb/mcs50/bvg/b06m/mcs50_b06m_s70.B01
Reading graphs...
70 :  208
70 :  206
Initializing...
maxdom : 8
D->valSize : 339
Solving...
Blb : 3 (clique : 26)
currentSize : 26 <-- 0.003029 s
currentSize : 27 <-- 1.077964 s
currentSize : 28 <-- 1.165266 s
currentSize : 29 <-- 3.065361 s
currentSize : 30 <-- 26.425173 s
currentSize : 31 <-- 26.532276 s
currentSize : 32 <-- 26.621183 s
currentSize : 33 <-- 26.631613 s
currentSize : 34 <-- 26.631916 s
currentSize : 35 <-- 27.064913 s
currentSize : 36 <-- 27.689054 s
currentSize : 37 <-- 27.714329 s

maxsize : 37
nodes : 13123410.000000
filtered : 90672261.000000
time : 65.825172
