Parameters: GAD=1 vflib=1 dir=0 label=0 vlabel=1 lowerbound=1 fileNameGp=../../cp2016-max-common-connected-subgraph-paper/datasets/graphsdb/mcs50/m2D/m2Dr6/mcs50_m2Dr6_s60.A01 fileNameGt=../../cp2016-max-common-connected-subgraph-paper/datasets/graphsdb/mcs50/m2D/m2Dr6/mcs50_m2Dr6_s60.B01
Reading graphs...
60 :  135
60 :  139
Initializing...
maxdom : 6
D->valSize : 223
Solving...
Blb : 3 (clique : 22)
currentSize : 22 <-- 0.002603 s
currentSize : 23 <-- 0.038429 s
currentSize : 24 <-- 0.823064 s
currentSize : 25 <-- 4.765629 s
currentSize : 26 <-- 13.151354 s
currentSize : 27 <-- 14.067674 s
currentSize : 28 <-- 34.883137 s
currentSize : 29 <-- 34.894817 s

maxsize : 29
nodes : 20660368.000000
filtered : 107824941.000000
time : 88.731773
