Parameters: GAD=1 vflib=1 dir=0 label=0 vlabel=1 lowerbound=1 fileNameGp=../../cp2016-max-common-connected-subgraph-paper/datasets/graphsdb/mcs50/rand/r005/mcs50_r005_s90.A09 fileNameGt=../../cp2016-max-common-connected-subgraph-paper/datasets/graphsdb/mcs50/rand/r005/mcs50_r005_s90.B09
Reading graphs...
90 :  392
90 :  390
Initializing...
maxdom : 9
D->valSize : 534
Solving...
Blb : 2 (clique : 32)
currentSize : 32 <-- 0.006037 s
currentSize : 34 <-- 0.006321 s
currentSize : 35 <-- 0.006462 s
currentSize : 36 <-- 0.484161 s
currentSize : 38 <-- 0.484262 s
currentSize : 40 <-- 0.484358 s
currentSize : 41 <-- 0.485113 s
currentSize : 44 <-- 1.561974 s
currentSize : 45 <-- 1.562785 s

maxsize : 45
nodes : 25148188.000000
filtered : 449317752.000000
time : 195.789856
