Parameters: GAD=1 vflib=1 dir=0 label=0 vlabel=1 lowerbound=1 fileNameGp=../../cp2016-max-common-connected-subgraph-paper/datasets/graphsdb/mcs70/m2D/m2D/mcs70_m2D_s80.A00 fileNameGt=../../cp2016-max-common-connected-subgraph-paper/datasets/graphsdb/mcs70/m2D/m2D/mcs70_m2D_s80.B00
Reading graphs...
80 :  141
80 :  142
Initializing...
maxdom : 10
D->valSize : 451
Solving...
Blb : 2 (clique : 39)
currentSize : 39 <-- 0.004671 s
currentSize : 41 <-- 0.004947 s
currentSize : 43 <-- 0.005186 s
currentSize : 44 <-- 0.006548 s
currentSize : 45 <-- 0.006645 s
currentSize : 46 <-- 0.009584 s
currentSize : 47 <-- 0.023632 s
currentSize : 48 <-- 0.023822 s
currentSize : 49 <-- 4.431572 s
currentSize : 50 <-- 445.065186 s

TIMEOUT
maxsize : 50
nodes : 193991538.000000
filtered : 1042859010.000000
time : 1000.000061
