Parameters: GAD=1 vflib=1 dir=0 label=0 vlabel=1 lowerbound=1 fileNameGp=../../cp2016-max-common-connected-subgraph-paper/datasets/graphsdb/mcs70/bvg/b06m/mcs70_b06m_s90.A05 fileNameGt=../../cp2016-max-common-connected-subgraph-paper/datasets/graphsdb/mcs70/bvg/b06m/mcs70_b06m_s90.B05
Reading graphs...
90 :  268
90 :  268
Initializing...
maxdom : 10
D->valSize : 538
Solving...
Blb : 2 (clique : 38)
currentSize : 38 <-- 0.006338 s
currentSize : 40 <-- 0.006729 s
currentSize : 41 <-- 0.007265 s
currentSize : 42 <-- 0.007357 s
currentSize : 46 <-- 0.007877 s
currentSize : 47 <-- 0.007972 s
currentSize : 48 <-- 0.008985 s
currentSize : 49 <-- 0.009077 s
currentSize : 55 <-- 0.014334 s
currentSize : 62 <-- 0.023102 s
currentSize : 63 <-- 0.080121 s

maxsize : 63
nodes : 5095726.000000
filtered : 36982620.000000
time : 30.733004
