Parameters: GAD=1 vflib=1 dir=0 label=0 vlabel=1 lowerbound=1 fileNameGp=../../cp2016-max-common-connected-subgraph-paper/datasets/graphsdb/mcs70/m3D/m3Dr4/mcs70_m3Dr4_s90.A09 fileNameGt=../../cp2016-max-common-connected-subgraph-paper/datasets/graphsdb/mcs70/m3D/m3Dr4/mcs70_m3Dr4_s90.B09
Reading graphs...
90 :  242
90 :  243
Initializing...
maxdom : 11
D->valSize : 569
Solving...
Blb : 2 (clique : 47)
currentSize : 47 <-- 0.006880 s
currentSize : 48 <-- 0.007248 s
currentSize : 49 <-- 0.007327 s
currentSize : 51 <-- 0.011957 s
currentSize : 52 <-- 0.012104 s
currentSize : 54 <-- 0.012158 s
currentSize : 55 <-- 0.016251 s
currentSize : 57 <-- 0.016449 s
currentSize : 58 <-- 10.261764 s
currentSize : 59 <-- 10.274511 s
currentSize : 60 <-- 41.392639 s
currentSize : 61 <-- 41.416645 s
currentSize : 63 <-- 41.417023 s
currentSize : 64 <-- 41.456448 s

maxsize : 64
nodes : 19456725.000000
filtered : 133617375.000000
time : 109.684052
