Parameters: GAD=1 vflib=1 dir=0 label=0 vlabel=1 lowerbound=1 fileNameGp=../../cp2016-max-common-connected-subgraph-paper/datasets/graphsdb/mcs70/bvg/b06/mcs70_b06_s90.A09 fileNameGt=../../cp2016-max-common-connected-subgraph-paper/datasets/graphsdb/mcs70/bvg/b06/mcs70_b06_s90.B09
Reading graphs...
90 :  269
90 :  269
Initializing...
maxdom : 10
D->valSize : 559
Solving...
Blb : 2 (clique : 38)
currentSize : 38 <-- 0.006652 s
currentSize : 39 <-- 0.007001 s
currentSize : 40 <-- 0.044931 s
currentSize : 41 <-- 0.050810 s
currentSize : 42 <-- 0.051876 s
currentSize : 46 <-- 0.228665 s
currentSize : 47 <-- 2.768352 s
currentSize : 48 <-- 9.228874 s
currentSize : 49 <-- 46.539509 s
currentSize : 50 <-- 61.451359 s
currentSize : 51 <-- 71.485245 s
currentSize : 52 <-- 247.112717 s
currentSize : 53 <-- 247.112930 s
currentSize : 54 <-- 247.113129 s
currentSize : 55 <-- 247.190063 s
currentSize : 56 <-- 247.191650 s
currentSize : 57 <-- 247.348007 s
currentSize : 60 <-- 247.371460 s
currentSize : 62 <-- 247.371872 s
currentSize : 63 <-- 248.185074 s

maxsize : 63
nodes : 60325424.000000
filtered : 411891570.000000
time : 348.067719
