Parameters: GAD=1 vflib=1 dir=0 label=0 vlabel=1 lowerbound=1 fileNameGp=../../cp2016-max-common-connected-subgraph-paper/datasets/graphsdb/mcs70/bvg/b03m/mcs70_b03m_s60.A00 fileNameGt=../../cp2016-max-common-connected-subgraph-paper/datasets/graphsdb/mcs70/bvg/b03m/mcs70_b03m_s60.B00
Reading graphs...
60 :  89
60 :  88
Initializing...
maxdom : 6
D->valSize : 232
Solving...
Blb : 3 (clique : 29)
currentSize : 29 <-- 0.001800 s
currentSize : 30 <-- 0.375034 s
currentSize : 31 <-- 1.130162 s
currentSize : 32 <-- 2.533408 s
currentSize : 33 <-- 2.535100 s
currentSize : 34 <-- 3.386384 s
currentSize : 35 <-- 3.387121 s
currentSize : 36 <-- 4.310213 s
currentSize : 37 <-- 4.310353 s
currentSize : 41 <-- 4.394890 s
currentSize : 42 <-- 4.881834 s
currentSize : 43 <-- 5.061380 s
currentSize : 44 <-- 5.061561 s

maxsize : 44
nodes : 1172870.000000
filtered : 5544743.000000
time : 5.298713
