Parameters: GAD=1 vflib=1 dir=0 label=0 vlabel=1 lowerbound=1 fileNameGp=../../cp2016-max-common-connected-subgraph-paper/datasets/graphsdb/mcs70/m3D/m3Dr6/mcs70_m3Dr6_s100.A08 fileNameGt=../../cp2016-max-common-connected-subgraph-paper/datasets/graphsdb/mcs70/m3D/m3Dr6/mcs70_m3Dr6_s100.B08
Reading graphs...
100 :  292
100 :  291
Initializing...
maxdom : 8
D->valSize : 372
Solving...
Blb : 3 (clique : 46)
currentSize : 46 <-- 0.004351 s
currentSize : 47 <-- 0.018353 s
currentSize : 48 <-- 0.020244 s
currentSize : 50 <-- 0.196455 s
currentSize : 51 <-- 0.206216 s
currentSize : 52 <-- 0.496181 s
currentSize : 53 <-- 63.393726 s
currentSize : 54 <-- 63.532375 s
currentSize : 55 <-- 124.114326 s
currentSize : 56 <-- 124.114845 s
currentSize : 57 <-- 124.116127 s
currentSize : 58 <-- 124.116829 s
currentSize : 59 <-- 124.118729 s
currentSize : 61 <-- 124.118950 s
currentSize : 62 <-- 124.119751 s
currentSize : 64 <-- 125.245811 s
currentSize : 65 <-- 125.247353 s

maxsize : 65
nodes : 64294243.000000
filtered : 286062797.000000
time : 350.570526
