Parameters: GAD=1 vflib=1 dir=0 label=0 vlabel=1 lowerbound=1 fileNameGp=../../cp2016-max-common-connected-subgraph-paper/datasets/graphsdb/mcs70/m2D/m2D/mcs70_m2D_s60.A04 fileNameGt=../../cp2016-max-common-connected-subgraph-paper/datasets/graphsdb/mcs70/m2D/m2D/mcs70_m2D_s60.B04
Reading graphs...
60 :  104
60 :  104
Initializing...
maxdom : 7
D->valSize : 289
Solving...
Blb : 2 (clique : 26)
currentSize : 26 <-- 0.002235 s
currentSize : 27 <-- 0.002811 s
currentSize : 28 <-- 0.005020 s
currentSize : 29 <-- 0.009799 s
currentSize : 31 <-- 0.011684 s
currentSize : 32 <-- 0.015091 s
currentSize : 33 <-- 0.054186 s
currentSize : 34 <-- 0.055267 s
currentSize : 36 <-- 0.059282 s
currentSize : 37 <-- 0.118230 s

maxsize : 37
nodes : 429033.000000
filtered : 2409270.000000
time : 1.954438
