Parameters: GAD=1 vflib=1 dir=0 label=0 vlabel=1 lowerbound=1 fileNameGp=../../cp2016-max-common-connected-subgraph-paper/datasets/graphsdb/mcs70/bvg/b09/mcs70_b09_s90.A07 fileNameGt=../../cp2016-max-common-connected-subgraph-paper/datasets/graphsdb/mcs70/bvg/b09/mcs70_b09_s90.B07
Reading graphs...
90 :  403
90 :  404
Initializing...
maxdom : 9
D->valSize : 541
Solving...
Blb : 3 (clique : 27)
currentSize : 27 <-- 0.010106 s
currentSize : 28 <-- 1.254094 s
currentSize : 29 <-- 1.738875 s
currentSize : 30 <-- 1.805354 s
currentSize : 31 <-- 2.447269 s
currentSize : 32 <-- 6.235691 s
currentSize : 33 <-- 7.332660 s
currentSize : 34 <-- 64.861404 s
currentSize : 35 <-- 64.861526 s
currentSize : 36 <-- 69.011650 s
currentSize : 37 <-- 69.011780 s
currentSize : 52 <-- 119.260101 s
currentSize : 59 <-- 136.539841 s
currentSize : 61 <-- 136.694962 s
currentSize : 62 <-- 141.906998 s

maxsize : 62
nodes : 25906999.000000
filtered : 196808899.000000
time : 154.189392
