Parameters: GAD=1 vflib=1 dir=0 label=0 vlabel=1 lowerbound=1 fileNameGp=../../cp2016-max-common-connected-subgraph-paper/datasets/graphsdb/mcs70/m3D/m3Dr6/mcs70_m3Dr6_s90.A07 fileNameGt=../../cp2016-max-common-connected-subgraph-paper/datasets/graphsdb/mcs70/m3D/m3Dr6/mcs70_m3Dr6_s90.B07
Reading graphs...
90 :  258
90 :  259
Initializing...
maxdom : 12
D->valSize : 573
Solving...
Blb : 2 (clique : 40)
currentSize : 40 <-- 0.006956 s
currentSize : 41 <-- 0.007542 s
currentSize : 42 <-- 0.010052 s
currentSize : 43 <-- 0.056481 s
currentSize : 44 <-- 0.056691 s
currentSize : 45 <-- 0.056856 s
currentSize : 47 <-- 0.057388 s
currentSize : 48 <-- 0.058555 s
currentSize : 50 <-- 0.103377 s
currentSize : 52 <-- 0.103928 s
currentSize : 55 <-- 0.105097 s
currentSize : 56 <-- 0.106468 s
currentSize : 57 <-- 0.137889 s
currentSize : 60 <-- 0.138407 s
currentSize : 61 <-- 0.139836 s
currentSize : 63 <-- 0.141258 s
currentSize : 65 <-- 0.165120 s

maxsize : 65
nodes : 1407068.000000
filtered : 12026034.000000
time : 8.556254
