Parameters: GAD=1 vflib=1 dir=0 label=0 vlabel=1 lowerbound=1 fileNameGp=../../cp2016-max-common-connected-subgraph-paper/datasets/graphsdb/mcs70/bvg/b06m/mcs70_b06m_s40.A01 fileNameGt=../../cp2016-max-common-connected-subgraph-paper/datasets/graphsdb/mcs70/bvg/b06m/mcs70_b06m_s40.B01
Reading graphs...
40 :  116
40 :  117
Initializing...
maxdom : 8
D->valSize : 238
Solving...
Blb : 2 (clique : 13)
currentSize : 13 <-- 0.001420 s
currentSize : 14 <-- 0.001668 s
currentSize : 15 <-- 0.001901 s
currentSize : 16 <-- 0.173574 s
currentSize : 17 <-- 0.263281 s
currentSize : 18 <-- 0.281025 s
currentSize : 19 <-- 0.305048 s
currentSize : 20 <-- 0.342428 s
currentSize : 21 <-- 0.374898 s
currentSize : 25 <-- 0.376905 s
currentSize : 28 <-- 0.385219 s

maxsize : 28
nodes : 100281.000000
filtered : 703338.000000
time : 0.390938
