Parameters: GAD=1 vflib=1 dir=0 label=0 vlabel=1 lowerbound=1 fileNameGp=../../cp2016-max-common-connected-subgraph-paper/datasets/graphsdb/mcs70/m2D/m2Dr6/mcs70_m2Dr6_s90.A05 fileNameGt=../../cp2016-max-common-connected-subgraph-paper/datasets/graphsdb/mcs70/m2D/m2Dr6/mcs70_m2Dr6_s90.B05
Reading graphs...
90 :  211
90 :  210
Initializing...
maxdom : 11
D->valSize : 587
Solving...
Blb : 5 (clique : 39)
currentSize : 39 <-- 0.012100 s
currentSize : 40 <-- 0.015311 s
currentSize : 42 <-- 0.035171 s
currentSize : 43 <-- 0.399625 s
currentSize : 44 <-- 32.133736 s
currentSize : 45 <-- 39.588017 s
currentSize : 46 <-- 85.538651 s
currentSize : 47 <-- 85.544113 s
currentSize : 48 <-- 85.625565 s
currentSize : 50 <-- 85.633820 s
currentSize : 51 <-- 132.829025 s
currentSize : 52 <-- 151.461090 s
currentSize : 54 <-- 151.461288 s
currentSize : 55 <-- 204.600418 s
currentSize : 57 <-- 228.767929 s
currentSize : 58 <-- 228.836670 s
currentSize : 59 <-- 416.967651 s
currentSize : 60 <-- 723.440369 s
currentSize : 61 <-- 723.440613 s
currentSize : 62 <-- 723.457581 s
currentSize : 63 <-- 723.457764 s
currentSize : 64 <-- 723.458008 s

maxsize : 64
nodes : 163600840.000000
filtered : 1019986485.000000
time : 894.941589
