Parameters: GAD=1 vflib=1 dir=0 label=0 vlabel=1 lowerbound=1 fileNameGp=../../cp2016-max-common-connected-subgraph-paper/datasets/graphsdb/mcs70/rand/r005/mcs70_r005_s50.A03 fileNameGt=../../cp2016-max-common-connected-subgraph-paper/datasets/graphsdb/mcs70/rand/r005/mcs70_r005_s50.B03
Reading graphs...
50 :  116
50 :  117
Initializing...
maxdom : 10
D->valSize : 342
Solving...
Blb : 5 (clique : 20)
currentSize : 20 <-- 0.004100 s
currentSize : 21 <-- 0.004299 s
currentSize : 22 <-- 0.024162 s
currentSize : 23 <-- 0.035430 s
currentSize : 24 <-- 0.053268 s
currentSize : 25 <-- 0.054438 s
currentSize : 26 <-- 0.064378 s
currentSize : 27 <-- 0.210171 s
currentSize : 28 <-- 0.237204 s
currentSize : 29 <-- 0.241029 s
currentSize : 30 <-- 0.453144 s
currentSize : 31 <-- 0.480519 s
currentSize : 32 <-- 0.480648 s
currentSize : 33 <-- 0.791351 s
currentSize : 35 <-- 0.791440 s

maxsize : 35
nodes : 141790.000000
filtered : 1719440.000000
time : 0.813839
