Parameters: GAD=1 vflib=1 dir=0 label=0 vlabel=1 lowerbound=1 fileNameGp=../../cp2016-max-common-connected-subgraph-paper/datasets/graphsdb/mcs70/m2D/m2D/mcs70_m2D_s100.A00 fileNameGt=../../cp2016-max-common-connected-subgraph-paper/datasets/graphsdb/mcs70/m2D/m2D/mcs70_m2D_s100.B00
Reading graphs...
100 :  179
100 :  180
Initializing...
maxdom : 6
D->valSize : 356
Solving...
Blb : 2 (clique : 54)
currentSize : 54 <-- 0.003927 s
currentSize : 55 <-- 0.004476 s
currentSize : 56 <-- 81.274742 s
currentSize : 57 <-- 81.275162 s
currentSize : 59 <-- 100.153915 s
currentSize : 60 <-- 100.154343 s

TIMEOUT
maxsize : 60
nodes : 211734555.000000
filtered : 577323407.000000
time : 1000.000122
