Parameters: GAD=1 vflib=1 dir=0 label=0 vlabel=1 lowerbound=1 fileNameGp=../../cp2016-max-common-connected-subgraph-paper/datasets/graphsdb/mcs70/bvg/b06/mcs70_b06_s100.A01 fileNameGt=../../cp2016-max-common-connected-subgraph-paper/datasets/graphsdb/mcs70/bvg/b06/mcs70_b06_s100.B01
Reading graphs...
100 :  299
100 :  300
Initializing...
maxdom : 10
D->valSize : 399
Solving...
Blb : 2 (clique : 45)
currentSize : 45 <-- 0.005047 s
currentSize : 46 <-- 0.018231 s
currentSize : 47 <-- 0.042114 s
currentSize : 50 <-- 0.072405 s
currentSize : 52 <-- 0.072547 s
currentSize : 53 <-- 0.077170 s
currentSize : 54 <-- 0.884926 s
currentSize : 55 <-- 0.885330 s
currentSize : 59 <-- 0.889278 s
currentSize : 61 <-- 0.889792 s
currentSize : 63 <-- 1.001464 s
currentSize : 67 <-- 1.004601 s
currentSize : 69 <-- 1.004989 s
currentSize : 70 <-- 4.584468 s

maxsize : 70
nodes : 1488104.000000
filtered : 6736155.000000
time : 8.335092
