Parameters: GAD=1 vflib=1 dir=0 label=0 vlabel=1 lowerbound=1 fileNameGp=../../cp2016-max-common-connected-subgraph-paper/datasets/graphsdb/mcs70/bvg/b06/mcs70_b06_s100.A07 fileNameGt=../../cp2016-max-common-connected-subgraph-paper/datasets/graphsdb/mcs70/bvg/b06/mcs70_b06_s100.B07
Reading graphs...
100 :  299
100 :  300
Initializing...
maxdom : 7
D->valSize : 389
Solving...
Blb : 2 (clique : 36)
currentSize : 36 <-- 0.006685 s
currentSize : 40 <-- 0.018003 s
currentSize : 41 <-- 13.258915 s
currentSize : 42 <-- 13.259861 s
currentSize : 43 <-- 13.261450 s
currentSize : 46 <-- 13.261535 s
currentSize : 47 <-- 37.135307 s
currentSize : 48 <-- 37.162697 s
currentSize : 49 <-- 43.040623 s
currentSize : 50 <-- 58.950863 s
currentSize : 51 <-- 91.065460 s
currentSize : 52 <-- 91.120148 s
currentSize : 55 <-- 269.766174 s
currentSize : 56 <-- 269.780884 s
currentSize : 58 <-- 400.175232 s
currentSize : 59 <-- 400.468872 s
currentSize : 60 <-- 404.345825 s
currentSize : 62 <-- 404.347717 s
currentSize : 63 <-- 404.365082 s

TIMEOUT
maxsize : 63
nodes : 187809124.000000
filtered : 769346660.000000
time : 1000.000122
