Parameters: GAD=1 vflib=1 dir=0 label=0 vlabel=1 lowerbound=1 fileNameGp=../../cp2016-max-common-connected-subgraph-paper/datasets/graphsdb/mcs70/bvg/b09/mcs70_b09_s80.A00 fileNameGt=../../cp2016-max-common-connected-subgraph-paper/datasets/graphsdb/mcs70/bvg/b09/mcs70_b09_s80.B00
Reading graphs...
80 :  359
80 :  358
Initializing...
maxdom : 8
D->valSize : 431
Solving...
Blb : 2 (clique : 30)
currentSize : 30 <-- 0.004498 s
currentSize : 32 <-- 0.004701 s
currentSize : 37 <-- 0.008302 s
currentSize : 39 <-- 0.008381 s
currentSize : 40 <-- 0.008616 s
currentSize : 45 <-- 0.030185 s
currentSize : 46 <-- 0.030900 s
currentSize : 48 <-- 0.031089 s
currentSize : 49 <-- 0.031963 s
currentSize : 52 <-- 0.094719 s
currentSize : 55 <-- 0.094944 s
currentSize : 56 <-- 0.095932 s

maxsize : 56
nodes : 327683.000000
filtered : 2381177.000000
time : 1.803751
