Parameters: GAD=1 vflib=1 dir=0 label=0 vlabel=1 lowerbound=1 fileNameGp=../../cp2016-max-common-connected-subgraph-paper/datasets/graphsdb/mcs70/bvg/b03/mcs70_b03_s60.A00 fileNameGt=../../cp2016-max-common-connected-subgraph-paper/datasets/graphsdb/mcs70/bvg/b03/mcs70_b03_s60.B00
Reading graphs...
60 :  90
60 :  90
Initializing...
maxdom : 8
D->valSize : 276
Solving...
Blb : 3 (clique : 28)
currentSize : 28 <-- 0.002565 s
currentSize : 29 <-- 0.019672 s
currentSize : 30 <-- 0.322217 s
currentSize : 31 <-- 0.659059 s
currentSize : 33 <-- 0.998576 s
currentSize : 34 <-- 0.999212 s
currentSize : 35 <-- 0.999284 s
currentSize : 37 <-- 1.400554 s
currentSize : 38 <-- 1.580914 s
currentSize : 41 <-- 1.582475 s
currentSize : 42 <-- 1.597241 s

maxsize : 42
nodes : 530757.000000
filtered : 2429873.000000
time : 2.383897
