Parameters: GAD=1 vflib=1 dir=0 label=0 vlabel=1 lowerbound=1 fileNameGp=../../cp2016-max-common-connected-subgraph-paper/datasets/graphsdb/mcs70/m2D/m2Dr4/mcs70_m2Dr4_s60.A03 fileNameGt=../../cp2016-max-common-connected-subgraph-paper/datasets/graphsdb/mcs70/m2D/m2Dr4/mcs70_m2Dr4_s60.B03
Reading graphs...
60 :  126
60 :  127
Initializing...
maxdom : 7
D->valSize : 274
Solving...
Blb : 3 (clique : 27)
currentSize : 27 <-- 0.002981 s
currentSize : 28 <-- 0.040760 s
currentSize : 30 <-- 0.096909 s
currentSize : 31 <-- 0.179309 s
currentSize : 32 <-- 0.179914 s
currentSize : 33 <-- 0.241311 s
currentSize : 34 <-- 0.242915 s
currentSize : 35 <-- 0.262626 s
currentSize : 36 <-- 0.267223 s
currentSize : 37 <-- 0.468564 s

maxsize : 37
nodes : 1336910.000000
filtered : 7589070.000000
time : 5.898903
