Parameters: GAD=1 vflib=1 dir=0 label=0 vlabel=1 lowerbound=1 fileNameGp=../../cp2016-max-common-connected-subgraph-paper/datasets/graphsdb/mcs70/m3D/m3Dr2/mcs70_m3Dr2_s90.A07 fileNameGt=../../cp2016-max-common-connected-subgraph-paper/datasets/graphsdb/mcs70/m3D/m3Dr2/mcs70_m3Dr2_s90.B07
Reading graphs...
90 :  227
90 :  226
Initializing...
maxdom : 10
D->valSize : 545
Solving...
Blb : 2 (clique : 51)
currentSize : 51 <-- 0.006853 s
currentSize : 52 <-- 0.007490 s
currentSize : 53 <-- 0.007953 s
currentSize : 54 <-- 0.010212 s
currentSize : 55 <-- 0.127973 s
currentSize : 56 <-- 0.129684 s
currentSize : 57 <-- 0.130670 s
currentSize : 58 <-- 1.843525 s
currentSize : 59 <-- 1.845303 s
currentSize : 60 <-- 1.846381 s
currentSize : 61 <-- 183.730087 s
currentSize : 62 <-- 183.855820 s
currentSize : 63 <-- 183.856369 s
currentSize : 64 <-- 183.856903 s

maxsize : 64
nodes : 49396016.000000
filtered : 249002556.000000
time : 255.185120
