Parameters: GAD=1 vflib=1 dir=0 label=0 vlabel=1 lowerbound=1 fileNameGp=../../cp2016-max-common-connected-subgraph-paper/datasets/graphsdb/mcs70/bvg/b09/mcs70_b09_s50.A04 fileNameGt=../../cp2016-max-common-connected-subgraph-paper/datasets/graphsdb/mcs70/bvg/b09/mcs70_b09_s50.B04
Reading graphs...
50 :  225
50 :  224
Initializing...
maxdom : 10
D->valSize : 333
Solving...
Blb : 2 (clique : 13)
currentSize : 13 <-- 0.002385 s
currentSize : 14 <-- 0.002626 s
currentSize : 15 <-- 0.017332 s
currentSize : 16 <-- 0.135146 s
currentSize : 17 <-- 0.289453 s
currentSize : 19 <-- 0.394479 s
currentSize : 21 <-- 0.395433 s
currentSize : 23 <-- 0.395456 s
currentSize : 25 <-- 0.395886 s
currentSize : 30 <-- 0.454620 s
currentSize : 31 <-- 0.464733 s
currentSize : 34 <-- 0.465628 s

maxsize : 34
nodes : 108147.000000
filtered : 974448.000000
time : 0.478479
