Parameters: GAD=1 vflib=1 dir=0 label=0 vlabel=1 lowerbound=1 fileNameGp=../../cp2016-max-common-connected-subgraph-paper/datasets/graphsdb/mcs70/m2D/m2Dr2/mcs70_m2Dr2_s90.A08 fileNameGt=../../cp2016-max-common-connected-subgraph-paper/datasets/graphsdb/mcs70/m2D/m2Dr2/mcs70_m2Dr2_s90.B08
Reading graphs...
90 :  179
90 :  179
Initializing...
maxdom : 11
D->valSize : 591
Solving...
Blb : 2 (clique : 41)
currentSize : 41 <-- 0.012372 s
currentSize : 42 <-- 26.791409 s
currentSize : 43 <-- 29.981129 s
currentSize : 44 <-- 541.251587 s
currentSize : 45 <-- 585.344910 s
currentSize : 46 <-- 678.426453 s
currentSize : 47 <-- 678.704468 s
currentSize : 48 <-- 678.705994 s
currentSize : 49 <-- 706.958801 s
currentSize : 50 <-- 707.566467 s
currentSize : 51 <-- 720.250732 s
currentSize : 52 <-- 840.318848 s

TIMEOUT
maxsize : 52
nodes : 166762512.000000
filtered : 1250864650.000000
time : 1000.000061
