Parameters: GAD=1 vflib=1 dir=0 label=0 vlabel=1 lowerbound=1 fileNameGp=../../cp2016-max-common-connected-subgraph-paper/datasets/graphsdb/mcs70/bvg/b03/mcs70_b03_s70.A05 fileNameGt=../../cp2016-max-common-connected-subgraph-paper/datasets/graphsdb/mcs70/bvg/b03/mcs70_b03_s70.B05
Reading graphs...
70 :  105
70 :  105
Initializing...
maxdom : 8
D->valSize : 357
Solving...
Blb : 2 (clique : 33)
currentSize : 33 <-- 0.005239 s
currentSize : 34 <-- 0.010425 s
currentSize : 36 <-- 0.025330 s
currentSize : 37 <-- 0.025385 s
currentSize : 38 <-- 0.025539 s
currentSize : 40 <-- 0.099339 s
currentSize : 41 <-- 0.099464 s
currentSize : 44 <-- 16.158112 s
currentSize : 45 <-- 16.158218 s
currentSize : 48 <-- 111.759758 s
currentSize : 49 <-- 111.759995 s

maxsize : 49
nodes : 32599304.000000
filtered : 209260629.000000
time : 158.226028
