Parameters: GAD=1 vflib=1 dir=0 label=0 vlabel=1 lowerbound=1 fileNameGp=../../cp2016-max-common-connected-subgraph-paper/datasets/graphsdb/mcs70/bvg/b03/mcs70_b03_s90.A08 fileNameGt=../../cp2016-max-common-connected-subgraph-paper/datasets/graphsdb/mcs70/bvg/b03/mcs70_b03_s90.B08
Reading graphs...
90 :  135
90 :  135
Initializing...
maxdom : 8
D->valSize : 553
Solving...
Blb : 2 (clique : 36)
currentSize : 36 <-- 0.006776 s
currentSize : 43 <-- 0.007090 s
currentSize : 44 <-- 0.043972 s
currentSize : 45 <-- 0.044001 s
currentSize : 47 <-- 0.114069 s
currentSize : 48 <-- 9.051555 s
currentSize : 49 <-- 24.552780 s

TIMEOUT
maxsize : 49
nodes : 188133563.000000
filtered : 1218559829.000000
time : 1000.000122
