Parameters: GAD=1 vflib=1 dir=0 label=0 vlabel=1 lowerbound=1 fileNameGp=../../cp2016-max-common-connected-subgraph-paper/datasets/graphsdb/mcs70/rand/r02/mcs70_r02_s80.A06 fileNameGt=../../cp2016-max-common-connected-subgraph-paper/datasets/graphsdb/mcs70/rand/r02/mcs70_r02_s80.B06
Reading graphs...
80 :  1147
80 :  1141
Initializing...
maxdom : 9
D->valSize : 461
Solving...
Blb : 2 (clique : 17)
currentSize : 17 <-- 0.006803 s
currentSize : 20 <-- 0.007209 s
currentSize : 24 <-- 0.008786 s
currentSize : 31 <-- 0.009102 s
currentSize : 32 <-- 0.089446 s
currentSize : 34 <-- 0.149899 s
currentSize : 43 <-- 0.206322 s
currentSize : 56 <-- 0.207537 s

maxsize : 56
nodes : 26305.000000
filtered : 481462.000000
time : 0.215989
