Parameters: GAD=1 vflib=1 dir=0 label=0 vlabel=1 lowerbound=1 fileNameGp=../../cp2016-max-common-connected-subgraph-paper/datasets/graphsdb/mcs70/m3D/m3D/mcs70_m3D_s100.A06 fileNameGt=../../cp2016-max-common-connected-subgraph-paper/datasets/graphsdb/mcs70/m3D/m3D/mcs70_m3D_s100.B06
Reading graphs...
100 :  234
100 :  234
Initializing...
maxdom : 8
D->valSize : 367
Solving...
Blb : 2 (clique : 44)
currentSize : 44 <-- 0.003927 s
currentSize : 46 <-- 0.004284 s
currentSize : 47 <-- 0.004647 s
currentSize : 48 <-- 0.004863 s
currentSize : 49 <-- 0.005689 s
currentSize : 50 <-- 0.005997 s
currentSize : 51 <-- 3.566716 s
currentSize : 52 <-- 18.963516 s
currentSize : 53 <-- 18.981129 s
currentSize : 55 <-- 58.346764 s
currentSize : 57 <-- 81.560913 s
currentSize : 58 <-- 81.569717 s
currentSize : 59 <-- 255.152710 s
currentSize : 60 <-- 255.155060 s
currentSize : 62 <-- 255.352768 s
currentSize : 63 <-- 255.357864 s
currentSize : 64 <-- 864.305969 s

TIMEOUT
maxsize : 64
nodes : 207783700.000000
filtered : 659134975.000000
time : 1000.000122
