Parameters: GAD=1 vflib=1 dir=0 label=0 vlabel=1 lowerbound=1 fileNameGp=../../cp2016-max-common-connected-subgraph-paper/datasets/graphsdb/mcs70/bvg/b03/mcs70_b03_s40.A02 fileNameGt=../../cp2016-max-common-connected-subgraph-paper/datasets/graphsdb/mcs70/bvg/b03/mcs70_b03_s40.B02
Reading graphs...
40 :  60
40 :  60
Initializing...
maxdom : 12
D->valSize : 258
Solving...
Blb : 2 (clique : 17)
currentSize : 17 <-- 0.001646 s
currentSize : 18 <-- 0.001759 s
currentSize : 19 <-- 0.001860 s
currentSize : 20 <-- 0.013775 s
currentSize : 22 <-- 0.034396 s
currentSize : 23 <-- 0.034556 s
currentSize : 25 <-- 0.062947 s
currentSize : 27 <-- 0.103566 s
currentSize : 28 <-- 0.169326 s

maxsize : 28
nodes : 54564.000000
filtered : 414310.000000
time : 0.221583
