Parameters: GAD=1 vflib=1 dir=0 label=0 vlabel=1 lowerbound=1 fileNameGp=../../cp2016-max-common-connected-subgraph-paper/datasets/graphsdb/mcs70/bvg/b03/mcs70_b03_s80.A04 fileNameGt=../../cp2016-max-common-connected-subgraph-paper/datasets/graphsdb/mcs70/bvg/b03/mcs70_b03_s80.B04
Reading graphs...
80 :  120
80 :  120
Initializing...
maxdom : 13
D->valSize : 509
Solving...
Blb : 2 (clique : 40)
currentSize : 40 <-- 0.005570 s
currentSize : 45 <-- 0.005871 s
currentSize : 46 <-- 0.006107 s
currentSize : 47 <-- 0.013626 s
currentSize : 48 <-- 0.014250 s
currentSize : 49 <-- 0.016256 s
currentSize : 50 <-- 0.023946 s
currentSize : 51 <-- 0.024048 s
currentSize : 52 <-- 0.025400 s
currentSize : 56 <-- 0.072072 s

maxsize : 56
nodes : 1805421.000000
filtered : 11663622.000000
time : 10.283666
