Parameters: GAD=1 vflib=1 dir=0 label=0 vlabel=1 lowerbound=1 fileNameGp=../../cp2016-max-common-connected-subgraph-paper/datasets/graphsdb/mcs70/rand/r005/mcs70_r005_s100.A00 fileNameGt=../../cp2016-max-common-connected-subgraph-paper/datasets/graphsdb/mcs70/rand/r005/mcs70_r005_s100.B00
Reading graphs...
100 :  485
100 :  486
Initializing...
maxdom : 7
D->valSize : 356
Solving...
Blb : 2 (clique : 29)
currentSize : 29 <-- 0.004462 s
currentSize : 30 <-- 0.004712 s
currentSize : 32 <-- 0.004847 s
currentSize : 34 <-- 0.005302 s
currentSize : 36 <-- 0.005839 s
currentSize : 37 <-- 0.005956 s
currentSize : 41 <-- 0.022020 s
currentSize : 42 <-- 0.022375 s
currentSize : 44 <-- 0.040842 s
currentSize : 48 <-- 0.041060 s
currentSize : 53 <-- 0.062757 s
currentSize : 55 <-- 0.063314 s
currentSize : 63 <-- 0.085030 s
currentSize : 66 <-- 0.145468 s
currentSize : 70 <-- 0.146016 s

maxsize : 70
nodes : 54423.000000
filtered : 386551.000000
time : 0.349971
