Parameters: GAD=1 vflib=1 dir=0 label=0 vlabel=1 lowerbound=1 fileNameGp=../../cp2016-max-common-connected-subgraph-paper/datasets/graphsdb/mcs70/m2D/m2Dr2/mcs70_m2Dr2_s50.A06 fileNameGt=../../cp2016-max-common-connected-subgraph-paper/datasets/graphsdb/mcs70/m2D/m2Dr2/mcs70_m2Dr2_s50.B06
Reading graphs...
50 :  95
50 :  93
Initializing...
maxdom : 16
D->valSize : 368
Solving...
Blb : 2 (clique : 21)
currentSize : 21 <-- 0.003042 s
currentSize : 22 <-- 0.065254 s
currentSize : 23 <-- 0.206556 s
currentSize : 24 <-- 0.207044 s
currentSize : 25 <-- 0.341238 s
currentSize : 26 <-- 0.958608 s
currentSize : 27 <-- 0.958740 s
currentSize : 30 <-- 1.684841 s
currentSize : 34 <-- 1.887402 s
currentSize : 36 <-- 1.887989 s

maxsize : 36
nodes : 420739.000000
filtered : 4175391.000000
time : 1.983930
