Parameters: GAD=1 vflib=1 dir=0 label=0 vlabel=1 lowerbound=1 fileNameGp=../../cp2016-max-common-connected-subgraph-paper/datasets/graphsdb/mcs70/bvg/b06m/mcs70_b06m_s60.A07 fileNameGt=../../cp2016-max-common-connected-subgraph-paper/datasets/graphsdb/mcs70/bvg/b06m/mcs70_b06m_s60.B07
Reading graphs...
60 :  178
60 :  179
Initializing...
maxdom : 9
D->valSize : 278
Solving...
Blb : 3 (clique : 31)
currentSize : 31 <-- 0.002135 s
currentSize : 32 <-- 0.011903 s
currentSize : 33 <-- 0.055376 s
currentSize : 34 <-- 0.300667 s
currentSize : 35 <-- 0.404658 s
currentSize : 37 <-- 0.537233 s
currentSize : 39 <-- 0.537318 s
currentSize : 40 <-- 0.632580 s
currentSize : 42 <-- 0.686608 s

maxsize : 42
nodes : 173512.000000
filtered : 912077.000000
time : 0.734602
