Parameters: GAD=1 vflib=1 dir=0 label=0 vlabel=1 lowerbound=1 fileNameGp=../../cp2016-max-common-connected-subgraph-paper/datasets/graphsdb/mcs70/bvg/b09/mcs70_b09_s90.A00 fileNameGt=../../cp2016-max-common-connected-subgraph-paper/datasets/graphsdb/mcs70/bvg/b09/mcs70_b09_s90.B00
Reading graphs...
90 :  404
90 :  404
Initializing...
maxdom : 11
D->valSize : 610
Solving...
Blb : 2 (clique : 30)
currentSize : 30 <-- 0.012171 s
currentSize : 31 <-- 0.015924 s
currentSize : 32 <-- 0.017652 s
currentSize : 34 <-- 0.020045 s
currentSize : 35 <-- 0.020436 s
currentSize : 36 <-- 0.020941 s
currentSize : 37 <-- 0.021430 s
currentSize : 38 <-- 0.025213 s
currentSize : 39 <-- 0.041951 s
currentSize : 40 <-- 0.043508 s
currentSize : 41 <-- 0.044290 s
currentSize : 42 <-- 0.076447 s
currentSize : 43 <-- 0.159086 s
currentSize : 44 <-- 0.798108 s
currentSize : 47 <-- 1.455352 s
currentSize : 48 <-- 1.456058 s
currentSize : 49 <-- 1.485076 s
currentSize : 51 <-- 1.536665 s
currentSize : 52 <-- 2.232123 s
currentSize : 56 <-- 2.232749 s
currentSize : 59 <-- 2.233487 s
currentSize : 62 <-- 2.234651 s

maxsize : 62
nodes : 8422532.000000
filtered : 81597003.000000
time : 52.209129
