Parameters: GAD=1 vflib=1 dir=0 label=0 vlabel=1 lowerbound=1 fileNameGp=../../cp2016-max-common-connected-subgraph-paper/datasets/graphsdb/mcs70/m2D/m2Dr2/mcs70_m2Dr2_s90.A05 fileNameGt=../../cp2016-max-common-connected-subgraph-paper/datasets/graphsdb/mcs70/m2D/m2Dr2/mcs70_m2Dr2_s90.B05
Reading graphs...
90 :  178
90 :  178
Initializing...
maxdom : 11
D->valSize : 615
Solving...
Blb : 2 (clique : 50)
currentSize : 50 <-- 0.013320 s
currentSize : 51 <-- 0.510885 s
currentSize : 53 <-- 84.436798 s
currentSize : 55 <-- 285.678711 s
currentSize : 56 <-- 285.679596 s
currentSize : 57 <-- 394.062988 s
currentSize : 58 <-- 394.066376 s
currentSize : 59 <-- 394.067169 s
currentSize : 60 <-- 773.307373 s

TIMEOUT
maxsize : 60
nodes : 168560062.000000
filtered : 1215174451.000000
time : 1000.000061
