Parameters: GAD=1 vflib=1 dir=0 label=0 vlabel=1 lowerbound=1 fileNameGp=../../cp2016-max-common-connected-subgraph-paper/datasets/graphsdb/mcs70/m3D/m3Dr6/mcs70_m3Dr6_s100.A01 fileNameGt=../../cp2016-max-common-connected-subgraph-paper/datasets/graphsdb/mcs70/m3D/m3Dr6/mcs70_m3Dr6_s100.B01
Reading graphs...
100 :  292
100 :  291
Initializing...
maxdom : 6
D->valSize : 369
Solving...
Blb : 2 (clique : 55)
currentSize : 55 <-- 0.004135 s
currentSize : 57 <-- 0.006050 s
currentSize : 59 <-- 0.018091 s
currentSize : 61 <-- 476.432404 s
currentSize : 62 <-- 476.457855 s
currentSize : 64 <-- 476.458344 s

maxsize : 64
nodes : 136316900.000000
filtered : 515145246.000000
time : 719.307861
