Parameters: GAD=1 vflib=1 dir=0 label=0 vlabel=1 lowerbound=1 fileNameGp=../../cp2016-max-common-connected-subgraph-paper/datasets/graphsdb/mcs70/bvg/b06/mcs70_b06_s70.A07 fileNameGt=../../cp2016-max-common-connected-subgraph-paper/datasets/graphsdb/mcs70/bvg/b06/mcs70_b06_s70.B07
Reading graphs...
70 :  208
70 :  209
Initializing...
maxdom : 9
D->valSize : 356
Solving...
Blb : 2 (clique : 28)
currentSize : 28 <-- 0.003191 s
currentSize : 29 <-- 0.006666 s
currentSize : 30 <-- 0.018547 s
currentSize : 31 <-- 0.018577 s
currentSize : 32 <-- 0.986543 s
currentSize : 34 <-- 2.786552 s
currentSize : 35 <-- 2.786732 s
currentSize : 36 <-- 3.589929 s
currentSize : 37 <-- 9.971897 s
currentSize : 38 <-- 9.972083 s
currentSize : 39 <-- 10.709778 s
currentSize : 42 <-- 15.558082 s
currentSize : 43 <-- 16.089569 s
currentSize : 47 <-- 16.089676 s
currentSize : 48 <-- 16.089851 s
currentSize : 49 <-- 16.090769 s

maxsize : 49
nodes : 4519376.000000
filtered : 23721059.000000
time : 20.252031
