Parameters: GAD=1 vflib=1 dir=0 label=0 vlabel=1 lowerbound=1 fileNameGp=../../cp2016-max-common-connected-subgraph-paper/datasets/graphsdb/mcs70/m3D/m3Dr2/mcs70_m3Dr2_s100.A05 fileNameGt=../../cp2016-max-common-connected-subgraph-paper/datasets/graphsdb/mcs70/m3D/m3Dr2/mcs70_m3Dr2_s100.B05
Reading graphs...
100 :  253
100 :  254
Initializing...
maxdom : 9
D->valSize : 364
Solving...
Blb : 2 (clique : 43)
currentSize : 43 <-- 0.006513 s
currentSize : 44 <-- 12.505078 s
currentSize : 45 <-- 13.564391 s
currentSize : 46 <-- 13.564654 s
currentSize : 47 <-- 13.624535 s
currentSize : 48 <-- 13.624845 s
currentSize : 50 <-- 57.077175 s
currentSize : 51 <-- 112.549835 s
currentSize : 52 <-- 112.572906 s
currentSize : 53 <-- 112.582397 s
currentSize : 54 <-- 142.120621 s
currentSize : 55 <-- 142.120972 s
currentSize : 57 <-- 237.084793 s
currentSize : 58 <-- 315.631653 s
currentSize : 59 <-- 323.969055 s
currentSize : 60 <-- 323.994904 s
currentSize : 62 <-- 323.995087 s
currentSize : 64 <-- 463.489624 s

maxsize : 64
nodes : 119521529.000000
filtered : 474619997.000000
time : 641.432251
