Parameters: GAD=1 vflib=1 dir=0 label=0 vlabel=1 lowerbound=1 fileNameGp=../../cp2016-max-common-connected-subgraph-paper/datasets/graphsdb/mcs70/bvg/b06m/mcs70_b06m_s35.A00 fileNameGt=../../cp2016-max-common-connected-subgraph-paper/datasets/graphsdb/mcs70/bvg/b06m/mcs70_b06m_s35.B00
Reading graphs...
35 :  102
35 :  101
Initializing...
maxdom : 9
D->valSize : 187
Solving...
Blb : 5 (clique : 12)
currentSize : 12 <-- 0.001172 s
currentSize : 13 <-- 0.002123 s
currentSize : 14 <-- 0.003705 s
currentSize : 15 <-- 0.006980 s
currentSize : 16 <-- 0.010016 s
currentSize : 17 <-- 0.012690 s
currentSize : 20 <-- 0.015225 s
currentSize : 23 <-- 0.019658 s
currentSize : 24 <-- 0.019781 s

maxsize : 24
nodes : 4965.000000
filtered : 46825.000000
time : 0.022152
