Parameters: GAD=1 vflib=1 dir=0 label=0 vlabel=1 lowerbound=1 fileNameGp=../../cp2016-max-common-connected-subgraph-paper/datasets/graphsdb/mcs70/rand/r005/mcs70_r005_s80.A04 fileNameGt=../../cp2016-max-common-connected-subgraph-paper/datasets/graphsdb/mcs70/rand/r005/mcs70_r005_s80.B04
Reading graphs...
80 :  309
80 :  310
Initializing...
maxdom : 10
D->valSize : 451
Solving...
Blb : 2 (clique : 39)
currentSize : 39 <-- 0.004849 s
currentSize : 40 <-- 0.005259 s
currentSize : 45 <-- 0.005480 s
currentSize : 48 <-- 0.009967 s
currentSize : 49 <-- 0.478789 s
currentSize : 52 <-- 0.559804 s
currentSize : 56 <-- 0.570149 s

maxsize : 56
nodes : 136110.000000
filtered : 1552816.000000
time : 0.865477
