Parameters: GAD=1 vflib=1 dir=0 label=0 vlabel=1 lowerbound=1 fileNameGp=../../cp2016-max-common-connected-subgraph-paper/datasets/graphsdb/mcs70/rand/r02/mcs70_r02_s50.A07 fileNameGt=../../cp2016-max-common-connected-subgraph-paper/datasets/graphsdb/mcs70/rand/r02/mcs70_r02_s50.B07
Reading graphs...
50 :  436
50 :  438
Initializing...
maxdom : 11
D->valSize : 365
Solving...
Blb : 2 (clique : 11)
currentSize : 11 <-- 0.002608 s
currentSize : 12 <-- 0.003007 s
currentSize : 13 <-- 0.022972 s
currentSize : 15 <-- 0.023098 s
currentSize : 17 <-- 0.076029 s
currentSize : 19 <-- 0.096833 s
currentSize : 24 <-- 0.097005 s
currentSize : 35 <-- 0.115500 s

maxsize : 35
nodes : 25686.000000
filtered : 239412.000000
time : 0.122938
