Parameters: GAD=1 vflib=1 dir=0 label=0 vlabel=1 lowerbound=1 fileNameGp=../../cp2016-max-common-connected-subgraph-paper/datasets/graphsdb/mcs70/rand/r01/mcs70_r01_s60.A03 fileNameGt=../../cp2016-max-common-connected-subgraph-paper/datasets/graphsdb/mcs70/rand/r01/mcs70_r01_s60.B03
Reading graphs...
60 :  336
60 :  339
Initializing...
maxdom : 7
D->valSize : 263
Solving...
Blb : 2 (clique : 17)
currentSize : 17 <-- 0.002884 s
currentSize : 18 <-- 0.003729 s
currentSize : 20 <-- 0.005633 s
currentSize : 21 <-- 0.005743 s
currentSize : 22 <-- 0.009682 s
currentSize : 25 <-- 0.010216 s
currentSize : 26 <-- 0.010372 s
currentSize : 28 <-- 0.024851 s
currentSize : 30 <-- 0.024937 s
currentSize : 33 <-- 0.051280 s
currentSize : 42 <-- 0.065675 s

maxsize : 42
nodes : 9259.000000
filtered : 75910.000000
time : 0.072271
