Parameters: GAD=1 vflib=1 dir=0 label=0 vlabel=1 lowerbound=1 fileNameGp=../../cp2016-max-common-connected-subgraph-paper/datasets/graphsdb/mcs70/bvg/b06m/mcs70_b06m_s90.A00 fileNameGt=../../cp2016-max-common-connected-subgraph-paper/datasets/graphsdb/mcs70/bvg/b06m/mcs70_b06m_s90.B00
Reading graphs...
90 :  267
90 :  266
Initializing...
maxdom : 10
D->valSize : 546
Solving...
Blb : 3 (clique : 43)
currentSize : 43 <-- 0.006320 s
currentSize : 44 <-- 3.470639 s
currentSize : 45 <-- 3.486638 s
currentSize : 46 <-- 3.537526 s
currentSize : 47 <-- 52.228382 s
currentSize : 48 <-- 153.186172 s
currentSize : 50 <-- 153.592407 s
currentSize : 51 <-- 193.000473 s
currentSize : 53 <-- 193.049301 s
currentSize : 54 <-- 200.574249 s
currentSize : 55 <-- 222.524506 s
currentSize : 57 <-- 222.770691 s
currentSize : 58 <-- 241.902084 s
currentSize : 59 <-- 241.902649 s
currentSize : 60 <-- 265.618805 s
currentSize : 62 <-- 291.131195 s
currentSize : 63 <-- 291.132111 s

maxsize : 63
nodes : 50163989.000000
filtered : 397038694.000000
time : 302.998016
