Parameters: GAD=1 vflib=1 dir=0 label=0 vlabel=1 lowerbound=1 fileNameGp=../../cp2016-max-common-connected-subgraph-paper/datasets/graphsdb/mcs70/bvg/b06m/mcs70_b06m_s80.A08 fileNameGt=../../cp2016-max-common-connected-subgraph-paper/datasets/graphsdb/mcs70/bvg/b06m/mcs70_b06m_s80.B08
Reading graphs...
80 :  239
80 :  238
Initializing...
maxdom : 9
D->valSize : 468
Solving...
Blb : 2 (clique : 35)
currentSize : 35 <-- 0.004732 s
currentSize : 38 <-- 0.005071 s
currentSize : 40 <-- 0.005500 s
currentSize : 43 <-- 8.299493 s
currentSize : 46 <-- 11.295775 s
currentSize : 49 <-- 15.687744 s
currentSize : 50 <-- 19.051191 s
currentSize : 52 <-- 22.796513 s
currentSize : 53 <-- 39.952801 s
currentSize : 56 <-- 56.210453 s

maxsize : 56
nodes : 13186425.000000
filtered : 83828729.000000
time : 68.298035
