Parameters: GAD=1 vflib=1 dir=0 label=0 vlabel=1 lowerbound=1 fileNameGp=../../cp2016-max-common-connected-subgraph-paper/datasets/graphsdb/mcs70/m2D/m2Dr6/mcs70_m2Dr6_s50.A03 fileNameGt=../../cp2016-max-common-connected-subgraph-paper/datasets/graphsdb/mcs70/m2D/m2Dr6/mcs70_m2Dr6_s50.B03
Reading graphs...
50 :  114
50 :  114
Initializing...
maxdom : 10
D->valSize : 357
Solving...
Blb : 3 (clique : 26)
currentSize : 26 <-- 0.004426 s
currentSize : 27 <-- 0.238959 s
currentSize : 28 <-- 0.289785 s
currentSize : 30 <-- 0.294730 s
currentSize : 31 <-- 0.295432 s
currentSize : 32 <-- 0.339809 s
currentSize : 35 <-- 0.340539 s
currentSize : 36 <-- 0.340680 s

maxsize : 36
nodes : 79056.000000
filtered : 622084.000000
time : 0.436185
