Parameters: GAD=1 vflib=1 dir=0 label=0 vlabel=1 lowerbound=1 fileNameGp=../../cp2016-max-common-connected-subgraph-paper/datasets/graphsdb/mcs70/rand/r005/mcs70_r005_s70.A01 fileNameGt=../../cp2016-max-common-connected-subgraph-paper/datasets/graphsdb/mcs70/rand/r005/mcs70_r005_s70.B01
Reading graphs...
70 :  234
70 :  236
Initializing...
maxdom : 9
D->valSize : 354
Solving...
Blb : 3 (clique : 27)
currentSize : 27 <-- 0.005011 s
currentSize : 28 <-- 0.054735 s
currentSize : 31 <-- 0.065509 s
currentSize : 32 <-- 0.086068 s
currentSize : 33 <-- 0.086188 s
currentSize : 34 <-- 0.091454 s
currentSize : 35 <-- 0.091573 s
currentSize : 40 <-- 0.111775 s
currentSize : 42 <-- 0.112121 s
currentSize : 49 <-- 0.137814 s

maxsize : 49
nodes : 23192.000000
filtered : 132413.000000
time : 0.187735
