Parameters: GAD=1 vflib=1 dir=0 label=0 vlabel=1 lowerbound=1 fileNameGp=../../cp2016-max-common-connected-subgraph-paper/datasets/graphsdb/mcs70/bvg/b09/mcs70_b09_s100.A01 fileNameGt=../../cp2016-max-common-connected-subgraph-paper/datasets/graphsdb/mcs70/bvg/b09/mcs70_b09_s100.B01
Reading graphs...
100 :  448
100 :  450
Initializing...
maxdom : 8
D->valSize : 370
Solving...
Blb : 2 (clique : 34)
currentSize : 34 <-- 0.003806 s
currentSize : 35 <-- 0.004117 s
currentSize : 36 <-- 0.004343 s
currentSize : 37 <-- 0.008437 s
currentSize : 45 <-- 0.317183 s
currentSize : 46 <-- 0.318741 s
currentSize : 47 <-- 0.319195 s
currentSize : 51 <-- 4.433951 s
currentSize : 54 <-- 4.434238 s
currentSize : 56 <-- 8.301366 s
currentSize : 59 <-- 8.310231 s
currentSize : 66 <-- 22.638695 s
currentSize : 70 <-- 22.641436 s

maxsize : 70
nodes : 4464601.000000
filtered : 24622235.000000
time : 26.170448
