Parameters: GAD=1 vflib=1 dir=0 label=0 vlabel=1 lowerbound=1 fileNameGp=../../cp2016-max-common-connected-subgraph-paper/datasets/graphsdb/mcs70/m3D/m3Dr4/mcs70_m3Dr4_s100.A02 fileNameGt=../../cp2016-max-common-connected-subgraph-paper/datasets/graphsdb/mcs70/m3D/m3Dr4/mcs70_m3Dr4_s100.B02
Reading graphs...
100 :  274
100 :  273
Initializing...
maxdom : 8
D->valSize : 374
Solving...
Blb : 2 (clique : 40)
currentSize : 40 <-- 0.004028 s
currentSize : 41 <-- 0.004584 s
currentSize : 42 <-- 0.005880 s
currentSize : 43 <-- 0.006061 s
currentSize : 44 <-- 0.006975 s
currentSize : 46 <-- 0.007212 s
currentSize : 48 <-- 0.009680 s
currentSize : 49 <-- 0.010192 s
currentSize : 50 <-- 0.047296 s
currentSize : 51 <-- 0.047591 s
currentSize : 52 <-- 0.047992 s
currentSize : 54 <-- 0.048162 s
currentSize : 56 <-- 163.323578 s
currentSize : 57 <-- 451.396210 s
currentSize : 60 <-- 451.396454 s
currentSize : 61 <-- 451.412811 s
currentSize : 63 <-- 489.345917 s
currentSize : 64 <-- 489.368927 s

maxsize : 64
nodes : 113582435.000000
filtered : 489400490.000000
time : 617.131348
