Parameters: GAD=1 vflib=1 dir=0 label=0 vlabel=1 lowerbound=1 fileNameGp=../../cp2016-max-common-connected-subgraph-paper/datasets/graphsdb/mcs70/rand/r005/mcs70_r005_s60.A01 fileNameGt=../../cp2016-max-common-connected-subgraph-paper/datasets/graphsdb/mcs70/rand/r005/mcs70_r005_s60.B01
Reading graphs...
60 :  171
60 :  172
Initializing...
maxdom : 6
D->valSize : 252
Solving...
Blb : 2 (clique : 19)
currentSize : 19 <-- 0.001827 s
currentSize : 20 <-- 0.001974 s
currentSize : 21 <-- 0.017824 s
currentSize : 22 <-- 0.125800 s
currentSize : 23 <-- 0.125908 s
currentSize : 24 <-- 0.255631 s
currentSize : 25 <-- 0.392630 s
currentSize : 26 <-- 0.453831 s
currentSize : 27 <-- 0.580430 s
currentSize : 29 <-- 0.653901 s
currentSize : 30 <-- 0.729708 s
currentSize : 32 <-- 0.743164 s
currentSize : 33 <-- 0.818137 s
currentSize : 34 <-- 0.820932 s
currentSize : 35 <-- 0.821397 s
currentSize : 36 <-- 0.829032 s
currentSize : 37 <-- 0.944499 s
currentSize : 38 <-- 1.014784 s
currentSize : 40 <-- 1.014941 s
currentSize : 42 <-- 1.016634 s

maxsize : 42
nodes : 249300.000000
filtered : 1428155.000000
time : 1.110224
