Parameters: GAD=1 vflib=1 dir=0 label=0 vlabel=1 lowerbound=1 fileNameGp=../../cp2016-max-common-connected-subgraph-paper/datasets/graphsdb/mcs70/bvg/b06/mcs70_b06_s70.A08 fileNameGt=../../cp2016-max-common-connected-subgraph-paper/datasets/graphsdb/mcs70/bvg/b06/mcs70_b06_s70.B08
Reading graphs...
70 :  210
70 :  210
Initializing...
maxdom : 9
D->valSize : 354
Solving...
Blb : 2 (clique : 24)
currentSize : 24 <-- 0.002922 s
currentSize : 25 <-- 0.003099 s
currentSize : 26 <-- 0.004614 s
currentSize : 27 <-- 0.005479 s
currentSize : 28 <-- 0.005506 s
currentSize : 30 <-- 0.006076 s
currentSize : 32 <-- 0.020951 s
currentSize : 33 <-- 0.048237 s
currentSize : 34 <-- 0.362442 s
currentSize : 37 <-- 0.362955 s
currentSize : 38 <-- 0.401872 s
currentSize : 39 <-- 0.530211 s
currentSize : 40 <-- 1.087467 s
currentSize : 41 <-- 1.171784 s
currentSize : 42 <-- 1.287662 s
currentSize : 46 <-- 1.426294 s
currentSize : 49 <-- 1.491029 s

maxsize : 49
nodes : 487144.000000
filtered : 2734920.000000
time : 2.185771
