Parameters: GAD=1 vflib=1 dir=0 label=0 vlabel=1 lowerbound=1 fileNameGp=../../cp2016-max-common-connected-subgraph-paper/datasets/graphsdb/mcs70/bvg/b09/mcs70_b09_s80.A09 fileNameGt=../../cp2016-max-common-connected-subgraph-paper/datasets/graphsdb/mcs70/bvg/b09/mcs70_b09_s80.B09
Reading graphs...
80 :  357
80 :  359
Initializing...
maxdom : 8
D->valSize : 426
Solving...
Blb : 2 (clique : 28)
currentSize : 28 <-- 0.006589 s
currentSize : 30 <-- 0.014353 s
currentSize : 31 <-- 0.732653 s
currentSize : 32 <-- 0.852651 s
currentSize : 33 <-- 4.858798 s
currentSize : 35 <-- 4.862570 s
currentSize : 36 <-- 6.712584 s
currentSize : 38 <-- 6.712772 s
currentSize : 45 <-- 10.310055 s
currentSize : 48 <-- 10.313409 s
currentSize : 52 <-- 10.316961 s
currentSize : 56 <-- 10.317583 s

maxsize : 56
nodes : 1824204.000000
filtered : 16728901.000000
time : 10.831651
