Parameters: GAD=1 vflib=1 dir=0 label=0 vlabel=1 lowerbound=1 fileNameGp=../../cp2016-max-common-connected-subgraph-paper/datasets/graphsdb/mcs70/bvg/b03/mcs70_b03_s50.A08 fileNameGt=../../cp2016-max-common-connected-subgraph-paper/datasets/graphsdb/mcs70/bvg/b03/mcs70_b03_s50.B08
Reading graphs...
50 :  75
50 :  75
Initializing...
maxdom : 9
D->valSize : 319
Solving...
Blb : 2 (clique : 24)
currentSize : 24 <-- 0.002889 s
currentSize : 25 <-- 0.020202 s
currentSize : 26 <-- 0.020317 s
currentSize : 27 <-- 0.028362 s
currentSize : 28 <-- 0.049218 s
currentSize : 29 <-- 0.049590 s
currentSize : 30 <-- 5.043636 s
currentSize : 31 <-- 5.043666 s
currentSize : 32 <-- 8.247146 s
currentSize : 33 <-- 8.252740 s
currentSize : 34 <-- 8.253991 s

maxsize : 34
nodes : 2717359.000000
filtered : 18786530.000000
time : 11.537066
