Parameters: GAD=1 vflib=1 dir=0 label=0 vlabel=1 lowerbound=1 fileNameGp=../../cp2016-max-common-connected-subgraph-paper/datasets/graphsdb/mcs70/m2D/m2Dr2/mcs70_m2Dr2_s100.A04 fileNameGt=../../cp2016-max-common-connected-subgraph-paper/datasets/graphsdb/mcs70/m2D/m2Dr2/mcs70_m2Dr2_s100.B04
Reading graphs...
100 :  199
100 :  198
Initializing...
maxdom : 7
D->valSize : 386
Solving...
Blb : 2 (clique : 48)
currentSize : 48 <-- 0.004246 s
currentSize : 49 <-- 0.594288 s
currentSize : 50 <-- 1.970245 s
currentSize : 51 <-- 2.126616 s
currentSize : 52 <-- 2.635270 s
currentSize : 53 <-- 2.635818 s
currentSize : 54 <-- 2.716968 s
currentSize : 55 <-- 46.031342 s
currentSize : 56 <-- 46.910305 s
currentSize : 57 <-- 46.910847 s
currentSize : 58 <-- 46.980793 s
currentSize : 59 <-- 69.029884 s
currentSize : 60 <-- 69.030403 s
currentSize : 61 <-- 105.418365 s
currentSize : 62 <-- 105.418839 s
currentSize : 63 <-- 105.419403 s
currentSize : 64 <-- 144.488693 s
currentSize : 65 <-- 144.489304 s

maxsize : 65
nodes : 34297768.000000
filtered : 129348940.000000
time : 182.108017
