Parameters: GAD=1 vflib=1 dir=0 label=0 vlabel=1 lowerbound=1 fileNameGp=../../cp2016-max-common-connected-subgraph-paper/datasets/graphsdb/mcs70/rand/r005/mcs70_r005_s50.A07 fileNameGt=../../cp2016-max-common-connected-subgraph-paper/datasets/graphsdb/mcs70/rand/r005/mcs70_r005_s50.B07
Reading graphs...
50 :  118
50 :  119
Initializing...
maxdom : 9
D->valSize : 356
Solving...
Blb : 2 (clique : 22)
currentSize : 22 <-- 0.002908 s
currentSize : 23 <-- 0.095812 s
currentSize : 24 <-- 0.095853 s
currentSize : 25 <-- 0.095947 s
currentSize : 26 <-- 0.173795 s
currentSize : 27 <-- 0.173895 s
currentSize : 28 <-- 0.174032 s
currentSize : 31 <-- 0.200278 s
currentSize : 32 <-- 0.213791 s
currentSize : 35 <-- 0.213951 s

maxsize : 35
nodes : 62720.000000
filtered : 659791.000000
time : 0.308597
