Parameters: GAD=1 vflib=1 dir=0 label=0 vlabel=1 lowerbound=1 fileNameGp=../../cp2016-max-common-connected-subgraph-paper/datasets/graphsdb/mcs70/m2D/m2Dr4/mcs70_m2Dr4_s80.A01 fileNameGt=../../cp2016-max-common-connected-subgraph-paper/datasets/graphsdb/mcs70/m2D/m2Dr4/mcs70_m2Dr4_s80.B01
Reading graphs...
80 :  174
80 :  172
Initializing...
maxdom : 7
D->valSize : 414
Solving...
Blb : 3 (clique : 27)
currentSize : 27 <-- 0.004170 s
currentSize : 28 <-- 0.004724 s
currentSize : 29 <-- 0.706366 s
currentSize : 30 <-- 2.153202 s
currentSize : 31 <-- 8.277472 s
currentSize : 32 <-- 16.948463 s
currentSize : 33 <-- 22.907619 s
currentSize : 34 <-- 102.317596 s
currentSize : 35 <-- 139.354187 s
currentSize : 36 <-- 155.659088 s
currentSize : 37 <-- 155.659164 s
currentSize : 38 <-- 155.659225 s
currentSize : 39 <-- 174.486435 s
currentSize : 40 <-- 187.376083 s
currentSize : 41 <-- 229.589890 s
currentSize : 43 <-- 231.020126 s
currentSize : 44 <-- 388.846680 s
currentSize : 45 <-- 388.848389 s
currentSize : 46 <-- 392.358856 s
currentSize : 47 <-- 392.359467 s
currentSize : 48 <-- 392.362946 s
currentSize : 49 <-- 576.390747 s

TIMEOUT
maxsize : 49
nodes : 202649547.000000
filtered : 1078907174.000000
time : 1000.000061
