Parameters: GAD=1 vflib=1 dir=0 label=0 vlabel=1 lowerbound=1 fileNameGp=../../cp2016-max-common-connected-subgraph-paper/datasets/graphsdb/mcs70/bvg/b06m/mcs70_b06m_s100.A05 fileNameGt=../../cp2016-max-common-connected-subgraph-paper/datasets/graphsdb/mcs70/bvg/b06m/mcs70_b06m_s100.B05
Reading graphs...
100 :  298
100 :  298
Initializing...
maxdom : 7
D->valSize : 377
Solving...
Blb : 3 (clique : 54)
currentSize : 54 <-- 0.004098 s
currentSize : 56 <-- 0.017536 s
currentSize : 58 <-- 0.051218 s
currentSize : 59 <-- 0.070483 s
currentSize : 60 <-- 0.081173 s
currentSize : 62 <-- 0.081525 s
currentSize : 67 <-- 0.200615 s
currentSize : 68 <-- 0.201610 s
currentSize : 69 <-- 1.243427 s
currentSize : 70 <-- 1.244702 s

maxsize : 70
nodes : 2712644.000000
filtered : 14334444.000000
time : 16.019030
