Parameters: GAD=1 vflib=1 dir=0 label=0 vlabel=1 lowerbound=1 fileNameGp=../../cp2016-max-common-connected-subgraph-paper/datasets/graphsdb/mcs70/bvg/b03m/mcs70_b03m_s60.A07 fileNameGt=../../cp2016-max-common-connected-subgraph-paper/datasets/graphsdb/mcs70/bvg/b03m/mcs70_b03m_s60.B07
Reading graphs...
60 :  90
60 :  90
Initializing...
maxdom : 8
D->valSize : 285
Solving...
Blb : 3 (clique : 33)
currentSize : 33 <-- 0.002296 s
currentSize : 34 <-- 0.005760 s
currentSize : 35 <-- 0.006200 s
currentSize : 36 <-- 0.082195 s
currentSize : 37 <-- 0.595898 s
currentSize : 38 <-- 0.700018 s
currentSize : 39 <-- 1.019981 s
currentSize : 40 <-- 1.096418 s
currentSize : 41 <-- 1.322138 s
currentSize : 42 <-- 1.328498 s

maxsize : 42
nodes : 446640.000000
filtered : 2751386.000000
time : 2.071276
