Parameters: GAD=1 vflib=1 dir=0 label=0 vlabel=1 lowerbound=1 fileNameGp=../../cp2016-max-common-connected-subgraph-paper/datasets/graphsdb/mcs70/m2D/m2Dr2/mcs70_m2Dr2_s80.A06 fileNameGt=../../cp2016-max-common-connected-subgraph-paper/datasets/graphsdb/mcs70/m2D/m2Dr2/mcs70_m2Dr2_s80.B06
Reading graphs...
80 :  158
80 :  157
Initializing...
maxdom : 9
D->valSize : 457
Solving...
Blb : 2 (clique : 33)
currentSize : 33 <-- 0.004735 s
currentSize : 43 <-- 0.004999 s
currentSize : 44 <-- 0.037050 s
currentSize : 45 <-- 0.240814 s
currentSize : 46 <-- 0.353561 s
currentSize : 47 <-- 0.691708 s
currentSize : 48 <-- 4.259936 s
currentSize : 49 <-- 4.512069 s
currentSize : 50 <-- 5.511015 s

TIMEOUT
maxsize : 50
nodes : 214338565.000000
filtered : 958938655.000000
time : 1000.000061
