Parameters: GAD=1 vflib=1 dir=0 label=0 vlabel=1 lowerbound=1 fileNameGp=../../cp2016-max-common-connected-subgraph-paper/datasets/graphsdb/mcs70/rand/r005/mcs70_r005_s80.A03 fileNameGt=../../cp2016-max-common-connected-subgraph-paper/datasets/graphsdb/mcs70/rand/r005/mcs70_r005_s80.B03
Reading graphs...
80 :  310
80 :  310
Initializing...
maxdom : 9
D->valSize : 444
Solving...
Blb : 2 (clique : 24)
currentSize : 24 <-- 0.007178 s
currentSize : 26 <-- 0.007534 s
currentSize : 34 <-- 2.118168 s
currentSize : 36 <-- 2.118268 s
currentSize : 39 <-- 2.316194 s
currentSize : 40 <-- 2.432132 s
currentSize : 42 <-- 2.706636 s
currentSize : 45 <-- 2.707646 s
currentSize : 47 <-- 2.982332 s
currentSize : 49 <-- 3.369377 s
currentSize : 56 <-- 4.938486 s

maxsize : 56
nodes : 934995.000000
filtered : 8046976.000000
time : 5.424626
