Parameters: GAD=1 vflib=1 dir=0 label=0 vlabel=1 lowerbound=1 fileNameGp=../../cp2016-max-common-connected-subgraph-paper/datasets/graphsdb/mcs70/bvg/b03/mcs70_b03_s70.A06 fileNameGt=../../cp2016-max-common-connected-subgraph-paper/datasets/graphsdb/mcs70/bvg/b03/mcs70_b03_s70.B06
Reading graphs...
70 :  104
70 :  105
Initializing...
maxdom : 9
D->valSize : 366
Solving...
Blb : 2 (clique : 29)
currentSize : 29 <-- 0.004218 s
currentSize : 30 <-- 0.012730 s
currentSize : 31 <-- 0.033405 s
currentSize : 32 <-- 0.116310 s
currentSize : 33 <-- 0.219420 s
currentSize : 34 <-- 0.223383 s
currentSize : 35 <-- 17.357380 s
currentSize : 36 <-- 50.255512 s
currentSize : 37 <-- 66.387169 s
currentSize : 38 <-- 117.729881 s
currentSize : 39 <-- 151.859283 s
currentSize : 40 <-- 154.934677 s
currentSize : 41 <-- 183.183380 s
currentSize : 42 <-- 184.842529 s
currentSize : 43 <-- 233.050537 s
currentSize : 44 <-- 233.087540 s
currentSize : 45 <-- 362.064362 s
currentSize : 46 <-- 498.024384 s
currentSize : 49 <-- 498.237518 s

maxsize : 49
nodes : 113773294.000000
filtered : 634732184.000000
time : 534.819031
