Parameters: GAD=1 vflib=1 dir=0 label=0 vlabel=1 lowerbound=1 fileNameGp=../../cp2016-max-common-connected-subgraph-paper/datasets/graphsdb/mcs70/bvg/b06m/mcs70_b06m_s90.A09 fileNameGt=../../cp2016-max-common-connected-subgraph-paper/datasets/graphsdb/mcs70/bvg/b06m/mcs70_b06m_s90.B09
Reading graphs...
90 :  267
90 :  265
Initializing...
maxdom : 12
D->valSize : 588
Solving...
Blb : 2 (clique : 41)
currentSize : 41 <-- 0.008573 s
currentSize : 43 <-- 0.008930 s
currentSize : 45 <-- 0.011751 s
currentSize : 49 <-- 0.024904 s
currentSize : 50 <-- 0.025168 s
currentSize : 51 <-- 0.211474 s
currentSize : 52 <-- 0.211842 s
currentSize : 53 <-- 0.654001 s
currentSize : 54 <-- 0.654499 s
currentSize : 55 <-- 1.434721 s
currentSize : 56 <-- 1.435673 s
currentSize : 57 <-- 1.436111 s
currentSize : 58 <-- 1.826941 s
currentSize : 59 <-- 1.827628 s
currentSize : 60 <-- 1.827867 s
currentSize : 61 <-- 41.544758 s
currentSize : 62 <-- 84.898735 s
currentSize : 63 <-- 84.899536 s
currentSize : 64 <-- 84.899811 s

maxsize : 64
nodes : 32449914.000000
filtered : 222531760.000000
time : 186.237488
