Parameters: GAD=1 vflib=1 dir=0 label=0 vlabel=1 lowerbound=1 fileNameGp=../../cp2016-max-common-connected-subgraph-paper/datasets/graphsdb/mcs70/m2D/m2Dr4/mcs70_m2Dr4_s100.A04 fileNameGt=../../cp2016-max-common-connected-subgraph-paper/datasets/graphsdb/mcs70/m2D/m2Dr4/mcs70_m2Dr4_s100.B04
Reading graphs...
100 :  220
100 :  219
Initializing...
maxdom : 10
D->valSize : 368
Solving...
Blb : 2 (clique : 43)
currentSize : 43 <-- 0.006422 s
currentSize : 45 <-- 0.007751 s
currentSize : 46 <-- 0.070581 s
currentSize : 48 <-- 1.330602 s
currentSize : 49 <-- 1.332481 s
currentSize : 50 <-- 1.343375 s
currentSize : 51 <-- 1.496991 s
currentSize : 52 <-- 115.020355 s
currentSize : 54 <-- 121.080162 s
currentSize : 55 <-- 121.970543 s
currentSize : 57 <-- 679.610291 s
currentSize : 58 <-- 679.752686 s
currentSize : 59 <-- 814.416931 s
currentSize : 60 <-- 814.429443 s
currentSize : 61 <-- 814.429932 s
currentSize : 62 <-- 870.244995 s
currentSize : 63 <-- 870.255676 s
currentSize : 64 <-- 870.256226 s

TIMEOUT
maxsize : 64
nodes : 185323614.000000
filtered : 772224239.000000
time : 1000.000122
