Parameters: GAD=1 vflib=1 dir=0 label=0 vlabel=1 lowerbound=1 fileNameGp=../../cp2016-max-common-connected-subgraph-paper/datasets/graphsdb/mcs70/rand/r005/mcs70_r005_s80.A05 fileNameGt=../../cp2016-max-common-connected-subgraph-paper/datasets/graphsdb/mcs70/rand/r005/mcs70_r005_s80.B05
Reading graphs...
80 :  308
80 :  308
Initializing...
maxdom : 9
D->valSize : 453
Solving...
Blb : 3 (clique : 25)
currentSize : 25 <-- 0.005465 s
currentSize : 26 <-- 1.225186 s
currentSize : 27 <-- 2.252718 s
currentSize : 28 <-- 4.250310 s
currentSize : 30 <-- 5.822884 s
currentSize : 31 <-- 6.394579 s
currentSize : 32 <-- 9.515344 s
currentSize : 33 <-- 9.515579 s
currentSize : 34 <-- 9.794074 s
currentSize : 35 <-- 10.650857 s
currentSize : 37 <-- 10.650943 s
currentSize : 38 <-- 10.943454 s
currentSize : 39 <-- 10.943768 s
currentSize : 40 <-- 11.073456 s
currentSize : 41 <-- 11.073695 s
currentSize : 42 <-- 11.075634 s
currentSize : 45 <-- 11.075762 s
currentSize : 46 <-- 11.561809 s
currentSize : 48 <-- 11.561927 s
currentSize : 49 <-- 12.793516 s
currentSize : 53 <-- 12.794120 s
currentSize : 56 <-- 12.794252 s

maxsize : 56
nodes : 2304168.000000
filtered : 18223402.000000
time : 12.998099
