Parameters: GAD=1 vflib=1 dir=0 label=0 vlabel=1 lowerbound=1 fileNameGp=../../cp2016-max-common-connected-subgraph-paper/datasets/graphsdb/mcs70/bvg/b06m/mcs70_b06m_s50.A09 fileNameGt=../../cp2016-max-common-connected-subgraph-paper/datasets/graphsdb/mcs70/bvg/b06m/mcs70_b06m_s50.B09
Reading graphs...
50 :  146
50 :  146
Initializing...
maxdom : 16
D->valSize : 389
Solving...
Blb : 2 (clique : 24)
currentSize : 24 <-- 0.003007 s
currentSize : 25 <-- 0.027341 s
currentSize : 26 <-- 0.027817 s
currentSize : 27 <-- 0.027915 s
currentSize : 28 <-- 0.168343 s
currentSize : 29 <-- 0.353018 s
currentSize : 32 <-- 0.472146 s
currentSize : 34 <-- 0.472191 s
currentSize : 35 <-- 0.598958 s

maxsize : 35
nodes : 131015.000000
filtered : 1704805.000000
time : 0.649389
