Parameters: GAD=1 vflib=1 dir=0 label=0 vlabel=1 lowerbound=1 fileNameGp=../../cp2016-max-common-connected-subgraph-paper/datasets/graphsdb/mcs70/m3D/m3Dr6/mcs70_m3Dr6_s90.A02 fileNameGt=../../cp2016-max-common-connected-subgraph-paper/datasets/graphsdb/mcs70/m3D/m3Dr6/mcs70_m3Dr6_s90.B02
Reading graphs...
90 :  260
90 :  256
Initializing...
maxdom : 13
D->valSize : 581
Solving...
Blb : 2 (clique : 40)
currentSize : 40 <-- 0.007244 s
currentSize : 43 <-- 0.007539 s
currentSize : 46 <-- 0.007739 s
currentSize : 49 <-- 0.007947 s
currentSize : 52 <-- 0.009577 s
currentSize : 53 <-- 0.009905 s
currentSize : 54 <-- 0.015809 s
currentSize : 56 <-- 0.103259 s
currentSize : 61 <-- 0.118487 s
currentSize : 64 <-- 39.382904 s

maxsize : 64
nodes : 22542201.000000
filtered : 123991233.000000
time : 118.804390
