Parameters: GAD=1 vflib=1 dir=0 label=0 vlabel=1 lowerbound=1 fileNameGp=../../cp2016-max-common-connected-subgraph-paper/datasets/graphsdb/mcs70/bvg/b09/mcs70_b09_s100.A07 fileNameGt=../../cp2016-max-common-connected-subgraph-paper/datasets/graphsdb/mcs70/bvg/b09/mcs70_b09_s100.B07
Reading graphs...
100 :  448
100 :  449
Initializing...
maxdom : 5
D->valSize : 378
Solving...
Blb : 2 (clique : 51)
currentSize : 51 <-- 0.004926 s
currentSize : 52 <-- 0.005540 s
currentSize : 54 <-- 0.006747 s
currentSize : 56 <-- 0.006899 s
currentSize : 58 <-- 0.008900 s
currentSize : 60 <-- 0.130291 s
currentSize : 62 <-- 0.132738 s
currentSize : 63 <-- 0.717641 s
currentSize : 66 <-- 0.718874 s
currentSize : 68 <-- 0.719077 s
currentSize : 70 <-- 0.756470 s

maxsize : 70
nodes : 1933252.000000
filtered : 9491842.000000
time : 11.109242
