Parameters: GAD=1 vflib=1 dir=0 label=0 vlabel=1 lowerbound=1 fileNameGp=../../cp2016-max-common-connected-subgraph-paper/datasets/graphsdb/mcs70/rand/r005/mcs70_r005_s100.A03 fileNameGt=../../cp2016-max-common-connected-subgraph-paper/datasets/graphsdb/mcs70/rand/r005/mcs70_r005_s100.B03
Reading graphs...
100 :  480
100 :  478
Initializing...
maxdom : 8
D->valSize : 391
Solving...
Blb : 2 (clique : 33)
currentSize : 33 <-- 0.004207 s
currentSize : 35 <-- 0.013950 s
currentSize : 38 <-- 0.014102 s
currentSize : 39 <-- 0.017713 s
currentSize : 40 <-- 0.019644 s
currentSize : 43 <-- 0.019819 s
currentSize : 44 <-- 0.030281 s
currentSize : 48 <-- 0.038224 s
currentSize : 49 <-- 0.068613 s
currentSize : 51 <-- 0.068755 s
currentSize : 53 <-- 0.120623 s
currentSize : 59 <-- 0.129271 s
currentSize : 60 <-- 0.184272 s
currentSize : 62 <-- 0.348781 s
currentSize : 70 <-- 0.364347 s

maxsize : 70
nodes : 142258.000000
filtered : 702305.000000
time : 0.792447
