Parameters: GAD=1 vflib=1 dir=0 label=0 vlabel=1 lowerbound=1 fileNameGp=../../cp2016-max-common-connected-subgraph-paper/datasets/graphsdb/mcs70/bvg/b03/mcs70_b03_s80.A02 fileNameGt=../../cp2016-max-common-connected-subgraph-paper/datasets/graphsdb/mcs70/bvg/b03/mcs70_b03_s80.B02
Reading graphs...
80 :  119
80 :  120
Initializing...
maxdom : 8
D->valSize : 438
Solving...
Blb : 2 (clique : 45)
currentSize : 45 <-- 0.004621 s
currentSize : 46 <-- 0.005091 s
currentSize : 47 <-- 0.005823 s
currentSize : 48 <-- 0.012402 s
currentSize : 49 <-- 0.098747 s
currentSize : 50 <-- 0.099460 s
currentSize : 52 <-- 0.103120 s
currentSize : 53 <-- 0.103346 s
currentSize : 54 <-- 3.367764 s
currentSize : 55 <-- 3.367972 s
currentSize : 56 <-- 3.371276 s
currentSize : 57 <-- 3.452937 s

maxsize : 57
nodes : 20374444.000000
filtered : 98439628.000000
time : 106.340797
