Parameters: GAD=1 vflib=1 dir=0 label=0 vlabel=1 lowerbound=1 fileNameGp=../../cp2016-max-common-connected-subgraph-paper/datasets/graphsdb/mcs70/bvg/b06/mcs70_b06_s90.A01 fileNameGt=../../cp2016-max-common-connected-subgraph-paper/datasets/graphsdb/mcs70/bvg/b06/mcs70_b06_s90.B01
Reading graphs...
90 :  269
90 :  270
Initializing...
maxdom : 11
D->valSize : 554
Solving...
Blb : 2 (clique : 41)
currentSize : 41 <-- 0.006562 s
currentSize : 42 <-- 0.006993 s
currentSize : 43 <-- 0.007187 s
currentSize : 44 <-- 0.007398 s
currentSize : 45 <-- 0.007778 s
currentSize : 46 <-- 0.008341 s
currentSize : 49 <-- 0.008642 s
currentSize : 50 <-- 0.009012 s
currentSize : 51 <-- 0.068054 s
currentSize : 52 <-- 0.068592 s
currentSize : 54 <-- 0.068735 s
currentSize : 55 <-- 0.069133 s
currentSize : 56 <-- 10.978098 s
currentSize : 58 <-- 59.791512 s
currentSize : 63 <-- 60.212265 s

maxsize : 63
nodes : 55907390.000000
filtered : 509014111.000000
time : 337.446503
