Parameters: GAD=1 vflib=1 dir=0 label=0 vlabel=1 lowerbound=1 fileNameGp=../../cp2016-max-common-connected-subgraph-paper/datasets/graphsdb/mcs70/m2D/m2Dr6/mcs70_m2Dr6_s80.A08 fileNameGt=../../cp2016-max-common-connected-subgraph-paper/datasets/graphsdb/mcs70/m2D/m2Dr6/mcs70_m2Dr6_s80.B08
Reading graphs...
80 :  190
80 :  186
Initializing...
maxdom : 10
D->valSize : 409
Solving...
Blb : 2 (clique : 37)
currentSize : 37 <-- 0.004042 s
currentSize : 38 <-- 68.391441 s
currentSize : 39 <-- 119.426788 s
currentSize : 40 <-- 120.059151 s
currentSize : 42 <-- 370.976685 s
currentSize : 43 <-- 371.609344 s
currentSize : 44 <-- 371.632477 s
currentSize : 45 <-- 506.499481 s
currentSize : 46 <-- 981.903503 s
currentSize : 47 <-- 981.904114 s
currentSize : 48 <-- 981.904663 s
currentSize : 49 <-- 981.905762 s
currentSize : 50 <-- 981.959106 s

TIMEOUT
maxsize : 50
nodes : 213252459.000000
filtered : 993640820.000000
time : 1000.000061
