Parameters: GAD=1 vflib=1 dir=0 label=0 vlabel=1 lowerbound=1 fileNameGp=../../cp2016-max-common-connected-subgraph-paper/datasets/graphsdb/mcs70/m2D/m2Dr4/mcs70_m2Dr4_s100.A03 fileNameGt=../../cp2016-max-common-connected-subgraph-paper/datasets/graphsdb/mcs70/m2D/m2Dr4/mcs70_m2Dr4_s100.B03
Reading graphs...
100 :  219
100 :  218
Initializing...
maxdom : 8
D->valSize : 406
Solving...
Blb : 3 (clique : 59)
currentSize : 59 <-- 0.004510 s
currentSize : 60 <-- 2.202568 s
currentSize : 61 <-- 71.370018 s
currentSize : 63 <-- 71.391663 s
currentSize : 64 <-- 113.614754 s

maxsize : 64
nodes : 21517909.000000
filtered : 122314131.000000
time : 130.175507
