Parameters: GAD=1 vflib=1 dir=0 label=0 vlabel=1 lowerbound=1 fileNameGp=../../cp2016-max-common-connected-subgraph-paper/datasets/graphsdb/mcs70/m2D/m2D/mcs70_m2D_s90.A00 fileNameGt=../../cp2016-max-common-connected-subgraph-paper/datasets/graphsdb/mcs70/m2D/m2D/mcs70_m2D_s90.B00
Reading graphs...
90 :  161
90 :  161
Initializing...
maxdom : 9
D->valSize : 539
Solving...
Blb : 2 (clique : 52)
currentSize : 52 <-- 0.006589 s
currentSize : 53 <-- 0.012053 s
currentSize : 56 <-- 0.014281 s
currentSize : 57 <-- 0.632631 s
currentSize : 58 <-- 0.633373 s
currentSize : 61 <-- 0.633677 s
currentSize : 62 <-- 872.331726 s
currentSize : 63 <-- 872.332214 s
currentSize : 64 <-- 872.334534 s

TIMEOUT
maxsize : 64
nodes : 186613961.000000
filtered : 921348507.000000
time : 1000.000122
