Parameters: GAD=1 vflib=1 dir=0 label=0 vlabel=1 lowerbound=1 fileNameGp=../../cp2016-max-common-connected-subgraph-paper/datasets/graphsdb/mcs70/m3D/m3Dr2/mcs70_m3Dr2_s100.A02 fileNameGt=../../cp2016-max-common-connected-subgraph-paper/datasets/graphsdb/mcs70/m3D/m3Dr2/mcs70_m3Dr2_s100.B02
Reading graphs...
100 :  255
100 :  254
Initializing...
maxdom : 10
D->valSize : 439
Solving...
Blb : 3 (clique : 48)
currentSize : 48 <-- 0.008201 s
currentSize : 50 <-- 0.009304 s
currentSize : 51 <-- 0.095827 s
currentSize : 52 <-- 0.096338 s
currentSize : 54 <-- 0.097756 s
currentSize : 55 <-- 2.912399 s
currentSize : 56 <-- 2.912749 s
currentSize : 57 <-- 2.922225 s
currentSize : 60 <-- 2.922954 s
currentSize : 61 <-- 2.923332 s
currentSize : 63 <-- 167.481262 s
currentSize : 64 <-- 167.482086 s

maxsize : 64
nodes : 78080699.000000
filtered : 366050190.000000
time : 425.423767
