Parameters: GAD=1 vflib=1 dir=0 label=0 vlabel=1 lowerbound=1 fileNameGp=../../cp2016-max-common-connected-subgraph-paper/datasets/graphsdb/mcs70/rand/r005/mcs70_r005_s50.A08 fileNameGt=../../cp2016-max-common-connected-subgraph-paper/datasets/graphsdb/mcs70/rand/r005/mcs70_r005_s50.B08
Reading graphs...
50 :  118
50 :  118
Initializing...
maxdom : 12
D->valSize : 363
Solving...
Blb : 2 (clique : 26)
currentSize : 26 <-- 0.004513 s
currentSize : 28 <-- 0.004729 s
currentSize : 29 <-- 0.005059 s
currentSize : 30 <-- 0.005439 s
currentSize : 33 <-- 0.017896 s
currentSize : 34 <-- 0.018492 s
currentSize : 35 <-- 0.020186 s

maxsize : 35
nodes : 33611.000000
filtered : 505113.000000
time : 0.206375
