Parameters: GAD=1 vflib=1 dir=0 label=0 vlabel=1 lowerbound=1 fileNameGp=../../cp2016-max-common-connected-subgraph-paper/datasets/graphsdb/mcs70/rand/r01/mcs70_r01_s50.A02 fileNameGt=../../cp2016-max-common-connected-subgraph-paper/datasets/graphsdb/mcs70/rand/r01/mcs70_r01_s50.B02
Reading graphs...
50 :  228
50 :  229
Initializing...
maxdom : 10
D->valSize : 345
Solving...
Blb : 5 (clique : 13)
currentSize : 13 <-- 0.003866 s
currentSize : 14 <-- 0.004078 s
currentSize : 15 <-- 0.004399 s
currentSize : 16 <-- 0.095826 s
currentSize : 18 <-- 0.143468 s
currentSize : 20 <-- 0.594089 s
currentSize : 21 <-- 0.598738 s
currentSize : 22 <-- 0.600225 s
currentSize : 23 <-- 0.693751 s
currentSize : 25 <-- 0.826247 s
currentSize : 28 <-- 0.879212 s
currentSize : 35 <-- 0.884027 s

maxsize : 35
nodes : 147174.000000
filtered : 1392509.000000
time : 0.894721
