Parameters: GAD=1 vflib=1 dir=0 label=0 vlabel=1 lowerbound=1 fileNameGp=../../cp2016-max-common-connected-subgraph-paper/datasets/graphsdb/mcs70/m3D/m3D/mcs70_m3D_s90.A07 fileNameGt=../../cp2016-max-common-connected-subgraph-paper/datasets/graphsdb/mcs70/m3D/m3D/mcs70_m3D_s90.B07
Reading graphs...
90 :  209
90 :  208
Initializing...
maxdom : 10
D->valSize : 584
Solving...
Blb : 2 (clique : 53)
currentSize : 53 <-- 0.012252 s
currentSize : 55 <-- 0.033657 s
currentSize : 56 <-- 0.049368 s
currentSize : 57 <-- 0.278777 s
currentSize : 59 <-- 0.283688 s
currentSize : 60 <-- 0.290520 s
currentSize : 62 <-- 0.594088 s
currentSize : 63 <-- 135.306061 s
currentSize : 64 <-- 136.236588 s
currentSize : 65 <-- 136.237015 s

maxsize : 65
nodes : 71931562.000000
filtered : 311861145.000000
time : 363.320587
