Parameters: GAD=1 vflib=1 dir=0 label=0 vlabel=1 lowerbound=1 fileNameGp=../../cp2016-max-common-connected-subgraph-paper/datasets/graphsdb/mcs70/m3D/m3Dr6/mcs70_m3Dr6_s90.A04 fileNameGt=../../cp2016-max-common-connected-subgraph-paper/datasets/graphsdb/mcs70/m3D/m3Dr6/mcs70_m3Dr6_s90.B04
Reading graphs...
90 :  261
90 :  261
Initializing...
maxdom : 12
D->valSize : 565
Solving...
Blb : 2 (clique : 38)
currentSize : 38 <-- 0.006898 s
currentSize : 40 <-- 0.007834 s
currentSize : 42 <-- 0.012243 s
currentSize : 44 <-- 0.012517 s
currentSize : 45 <-- 0.024832 s
currentSize : 50 <-- 2.780814 s
currentSize : 52 <-- 2.781207 s
currentSize : 53 <-- 2.836178 s
currentSize : 54 <-- 6.284744 s
currentSize : 57 <-- 6.291288 s
currentSize : 58 <-- 6.374495 s
currentSize : 64 <-- 22.518349 s

maxsize : 64
nodes : 12183703.000000
filtered : 71723034.000000
time : 67.215637
