Parameters: GAD=1 vflib=1 dir=0 label=0 vlabel=1 lowerbound=1 fileNameGp=../../cp2016-max-common-connected-subgraph-paper/datasets/graphsdb/mcs70/rand/r02/mcs70_r02_s80.A00 fileNameGt=../../cp2016-max-common-connected-subgraph-paper/datasets/graphsdb/mcs70/rand/r02/mcs70_r02_s80.B00
Reading graphs...
80 :  1122
80 :  1135
Initializing...
maxdom : 10
D->valSize : 489
Solving...
Blb : 2 (clique : 9)
currentSize : 9 <-- 0.004884 s
currentSize : 10 <-- 0.004995 s
currentSize : 11 <-- 0.005194 s
currentSize : 12 <-- 0.006142 s
currentSize : 13 <-- 0.007169 s
currentSize : 14 <-- 0.015636 s
currentSize : 15 <-- 0.015987 s
currentSize : 20 <-- 0.017895 s
currentSize : 22 <-- 0.138741 s
currentSize : 35 <-- 0.140092 s
currentSize : 56 <-- 0.172896 s

maxsize : 56
nodes : 29043.000000
filtered : 320467.000000
time : 0.184685
