Parameters: GAD=1 vflib=1 dir=0 label=0 vlabel=1 lowerbound=1 fileNameGp=../../cp2016-max-common-connected-subgraph-paper/datasets/graphsdb/mcs70/bvg/b03m/mcs70_b03m_s80.A08 fileNameGt=../../cp2016-max-common-connected-subgraph-paper/datasets/graphsdb/mcs70/bvg/b03m/mcs70_b03m_s80.B08
Reading graphs...
80 :  119
80 :  119
Initializing...
maxdom : 10
D->valSize : 442
Solving...
Blb : 2 (clique : 40)
currentSize : 40 <-- 0.004664 s
currentSize : 41 <-- 0.007088 s
currentSize : 42 <-- 0.007156 s
currentSize : 43 <-- 0.017988 s
currentSize : 44 <-- 0.018100 s
currentSize : 45 <-- 0.026134 s
currentSize : 46 <-- 0.026306 s
currentSize : 47 <-- 0.106565 s
currentSize : 48 <-- 0.153682 s
currentSize : 49 <-- 0.153816 s
currentSize : 50 <-- 0.159144 s
currentSize : 51 <-- 0.359691 s
currentSize : 53 <-- 0.360101 s
currentSize : 54 <-- 0.901413 s
currentSize : 56 <-- 0.901961 s

maxsize : 56
nodes : 6783157.000000
filtered : 35704720.000000
time : 36.018459
