Parameters: GAD=1 vflib=1 dir=0 label=0 vlabel=1 lowerbound=1 fileNameGp=../../cp2016-max-common-connected-subgraph-paper/datasets/graphsdb/mcs70/bvg/b03/mcs70_b03_s80.A08 fileNameGt=../../cp2016-max-common-connected-subgraph-paper/datasets/graphsdb/mcs70/bvg/b03/mcs70_b03_s80.B08
Reading graphs...
80 :  119
80 :  120
Initializing...
maxdom : 8
D->valSize : 449
Solving...
Blb : 2 (clique : 37)
currentSize : 37 <-- 0.004716 s
currentSize : 46 <-- 0.005006 s
currentSize : 47 <-- 0.005144 s
currentSize : 48 <-- 0.069163 s
currentSize : 49 <-- 424.296753 s
currentSize : 50 <-- 424.302155 s
currentSize : 51 <-- 795.846008 s
currentSize : 52 <-- 795.855591 s
currentSize : 53 <-- 795.893982 s

TIMEOUT
maxsize : 53
nodes : 199279298.000000
filtered : 1093989426.000000
time : 1000.000122
