Parameters: GAD=1 vflib=1 dir=0 label=0 vlabel=1 lowerbound=1 fileNameGp=../../cp2016-max-common-connected-subgraph-paper/datasets/graphsdb/mcs70/m2D/m2Dr2/mcs70_m2Dr2_s70.A04 fileNameGt=../../cp2016-max-common-connected-subgraph-paper/datasets/graphsdb/mcs70/m2D/m2Dr2/mcs70_m2Dr2_s70.B04
Reading graphs...
70 :  137
70 :  136
Initializing...
maxdom : 7
D->valSize : 319
Solving...
Blb : 2 (clique : 36)
currentSize : 36 <-- 0.002807 s
currentSize : 37 <-- 0.003197 s
currentSize : 38 <-- 0.003361 s
currentSize : 39 <-- 0.003622 s
currentSize : 40 <-- 0.027113 s
currentSize : 41 <-- 0.415636 s
currentSize : 42 <-- 0.421499 s
currentSize : 43 <-- 0.421591 s
currentSize : 44 <-- 0.454137 s
currentSize : 45 <-- 0.760560 s
currentSize : 46 <-- 0.760644 s
currentSize : 48 <-- 0.760722 s
currentSize : 49 <-- 0.808535 s

maxsize : 49
nodes : 367636.000000
filtered : 1505475.000000
time : 1.596943
