Parameters: GAD=1 vflib=1 dir=0 label=0 vlabel=1 lowerbound=1 fileNameGp=../../cp2016-max-common-connected-subgraph-paper/datasets/graphsdb/mcs70/m2D/m2Dr4/mcs70_m2Dr4_s100.A05 fileNameGt=../../cp2016-max-common-connected-subgraph-paper/datasets/graphsdb/mcs70/m2D/m2Dr4/mcs70_m2Dr4_s100.B05
Reading graphs...
100 :  217
100 :  217
Initializing...
maxdom : 6
D->valSize : 348
Solving...
Blb : 2 (clique : 49)
currentSize : 49 <-- 0.005985 s
currentSize : 52 <-- 0.006554 s
currentSize : 53 <-- 0.007124 s
currentSize : 54 <-- 0.630652 s
currentSize : 55 <-- 486.360168 s
currentSize : 56 <-- 486.360565 s
currentSize : 57 <-- 487.096893 s
currentSize : 58 <-- 487.097076 s

TIMEOUT
maxsize : 58
nodes : 197118809.000000
filtered : 702450582.000000
time : 1000.000122
