Parameters: GAD=1 vflib=1 dir=0 label=0 vlabel=1 lowerbound=1 fileNameGp=../../cp2016-max-common-connected-subgraph-paper/datasets/graphsdb/mcs70/rand/r01/mcs70_r01_s90.A00 fileNameGt=../../cp2016-max-common-connected-subgraph-paper/datasets/graphsdb/mcs70/rand/r01/mcs70_r01_s90.B00
Reading graphs...
90 :  759
90 :  773
Initializing...
maxdom : 10
D->valSize : 585
Solving...
Blb : 2 (clique : 16)
currentSize : 16 <-- 0.006891 s
currentSize : 17 <-- 0.007504 s
currentSize : 18 <-- 0.010531 s
currentSize : 19 <-- 0.011382 s
currentSize : 20 <-- 0.026590 s
currentSize : 22 <-- 0.077754 s
currentSize : 23 <-- 0.079859 s
currentSize : 25 <-- 0.102572 s
currentSize : 26 <-- 0.115932 s
currentSize : 28 <-- 0.161680 s
currentSize : 32 <-- 0.163482 s
currentSize : 33 <-- 0.183873 s
currentSize : 42 <-- 0.189189 s
currentSize : 50 <-- 0.220143 s
currentSize : 63 <-- 0.258169 s

maxsize : 63
nodes : 63364.000000
filtered : 727751.000000
time : 0.425187
