Parameters: GAD=1 vflib=1 dir=0 label=0 vlabel=1 lowerbound=1 fileNameGp=../../cp2016-max-common-connected-subgraph-paper/datasets/graphsdb/mcs70/rand/r02/mcs70_r02_s40.A09 fileNameGt=../../cp2016-max-common-connected-subgraph-paper/datasets/graphsdb/mcs70/rand/r02/mcs70_r02_s40.B09
Reading graphs...
40 :  277
40 :  277
Initializing...
maxdom : 8
D->valSize : 239
Solving...
Blb : 2 (clique : 8)
currentSize : 8 <-- 0.001464 s
currentSize : 9 <-- 0.001785 s
currentSize : 10 <-- 0.002554 s
currentSize : 11 <-- 0.002583 s
currentSize : 12 <-- 0.005641 s
currentSize : 16 <-- 0.005740 s
currentSize : 18 <-- 0.005850 s
currentSize : 20 <-- 0.014091 s
currentSize : 21 <-- 0.017730 s
currentSize : 28 <-- 0.017875 s

maxsize : 28
nodes : 4217.000000
filtered : 46504.000000
time : 0.019452
