Parameters: GAD=1 vflib=1 dir=0 label=0 vlabel=1 lowerbound=1 fileNameGp=../../cp2016-max-common-connected-subgraph-paper/datasets/graphsdb/mcs70/m2D/m2D/mcs70_m2D_s80.A07 fileNameGt=../../cp2016-max-common-connected-subgraph-paper/datasets/graphsdb/mcs70/m2D/m2D/mcs70_m2D_s80.B07
Reading graphs...
80 :  141
80 :  142
Initializing...
maxdom : 8
D->valSize : 423
Solving...
Blb : 2 (clique : 34)
currentSize : 34 <-- 0.004352 s
currentSize : 36 <-- 0.004610 s
currentSize : 37 <-- 0.004814 s
currentSize : 38 <-- 0.004942 s
currentSize : 39 <-- 0.012033 s
currentSize : 41 <-- 0.012097 s
currentSize : 42 <-- 2.093389 s
currentSize : 43 <-- 2.093482 s
currentSize : 45 <-- 2.161924 s
currentSize : 46 <-- 2.176989 s
currentSize : 47 <-- 7.227242 s
currentSize : 48 <-- 7.633182 s
currentSize : 49 <-- 207.142487 s
currentSize : 50 <-- 207.311676 s

maxsize : 50
nodes : 78705667.000000
filtered : 473662376.000000
time : 429.246460
