Parameters: GAD=1 vflib=1 dir=0 label=0 vlabel=1 lowerbound=1 fileNameGp=../../cp2016-max-common-connected-subgraph-paper/datasets/graphsdb/mcs70/bvg/b09/mcs70_b09_s100.A00 fileNameGt=../../cp2016-max-common-connected-subgraph-paper/datasets/graphsdb/mcs70/bvg/b09/mcs70_b09_s100.B00
Reading graphs...
100 :  447
100 :  447
Initializing...
maxdom : 6
D->valSize : 342
Solving...
Blb : 2 (clique : 39)
currentSize : 39 <-- 0.003918 s
currentSize : 42 <-- 0.004307 s
currentSize : 43 <-- 0.004515 s
currentSize : 45 <-- 0.005175 s
currentSize : 46 <-- 0.005382 s
currentSize : 54 <-- 0.006500 s
currentSize : 56 <-- 0.006660 s
currentSize : 57 <-- 0.009005 s
currentSize : 59 <-- 0.009190 s
currentSize : 66 <-- 0.013975 s
currentSize : 70 <-- 0.014477 s

maxsize : 70
nodes : 554861.000000
filtered : 3338642.000000
time : 3.420833
