Parameters: GAD=1 vflib=1 dir=0 label=0 vlabel=1 lowerbound=1 fileNameGp=../../cp2016-max-common-connected-subgraph-paper/datasets/graphsdb/mcs70/m2D/m2Dr6/mcs70_m2Dr6_s70.A03 fileNameGt=../../cp2016-max-common-connected-subgraph-paper/datasets/graphsdb/mcs70/m2D/m2Dr6/mcs70_m2Dr6_s70.B03
Reading graphs...
70 :  163
70 :  162
Initializing...
maxdom : 9
D->valSize : 376
Solving...
Blb : 2 (clique : 30)
currentSize : 30 <-- 0.005537 s
currentSize : 33 <-- 0.006290 s
currentSize : 34 <-- 0.010867 s
currentSize : 36 <-- 0.163828 s
currentSize : 37 <-- 0.165807 s
currentSize : 39 <-- 0.498499 s
currentSize : 40 <-- 0.529045 s
currentSize : 41 <-- 0.533342 s
currentSize : 44 <-- 12.393738 s
currentSize : 45 <-- 20.176592 s
currentSize : 47 <-- 23.049631 s
currentSize : 49 <-- 23.051205 s

maxsize : 49
nodes : 6047927.000000
filtered : 28195251.000000
time : 27.189089
