Parameters: GAD=1 vflib=1 dir=0 label=0 vlabel=1 lowerbound=1 fileNameGp=../../cp2016-max-common-connected-subgraph-paper/datasets/graphsdb/mcs70/bvg/b09m/mcs70_b09m_s90.A04 fileNameGt=../../cp2016-max-common-connected-subgraph-paper/datasets/graphsdb/mcs70/bvg/b09m/mcs70_b09m_s90.B04
Reading graphs...
90 :  403
90 :  403
Initializing...
maxdom : 15
D->valSize : 607
Solving...
Blb : 3 (clique : 38)
currentSize : 38 <-- 0.007248 s
currentSize : 39 <-- 4.117954 s
currentSize : 41 <-- 5.114570 s
currentSize : 45 <-- 5.116757 s
currentSize : 47 <-- 7.737174 s
currentSize : 53 <-- 7.737960 s
currentSize : 57 <-- 8.341683 s
currentSize : 59 <-- 9.512424 s
currentSize : 62 <-- 10.516959 s

maxsize : 62
nodes : 1927365.000000
filtered : 19260555.000000
time : 11.963762
