Parameters: GAD=1 vflib=1 dir=0 label=0 vlabel=1 lowerbound=1 fileNameGp=../../cp2016-max-common-connected-subgraph-paper/datasets/graphsdb/mcs70/bvg/b06m/mcs70_b06m_s100.A00 fileNameGt=../../cp2016-max-common-connected-subgraph-paper/datasets/graphsdb/mcs70/bvg/b06m/mcs70_b06m_s100.B00
Reading graphs...
100 :  296
100 :  297
Initializing...
maxdom : 6
D->valSize : 354
Solving...
Blb : 2 (clique : 51)
currentSize : 51 <-- 0.004040 s
currentSize : 52 <-- 0.004583 s
currentSize : 56 <-- 0.005051 s
currentSize : 57 <-- 0.005688 s
currentSize : 58 <-- 0.005970 s
currentSize : 63 <-- 0.024623 s
currentSize : 64 <-- 0.025253 s
currentSize : 66 <-- 0.025428 s
currentSize : 67 <-- 113.829773 s
currentSize : 68 <-- 113.830429 s
currentSize : 70 <-- 113.830635 s

maxsize : 70
nodes : 36736120.000000
filtered : 154467983.000000
time : 199.977509
