Parameters: GAD=1 vflib=1 dir=0 label=0 vlabel=1 lowerbound=1 fileNameGp=../../cp2016-max-common-connected-subgraph-paper/datasets/graphsdb/mcs70/bvg/b09m/mcs70_b09m_s80.A07 fileNameGt=../../cp2016-max-common-connected-subgraph-paper/datasets/graphsdb/mcs70/bvg/b09m/mcs70_b09m_s80.B07
Reading graphs...
80 :  355
80 :  354
Initializing...
maxdom : 10
D->valSize : 476
Solving...
Blb : 2 (clique : 24)
currentSize : 24 <-- 0.007874 s
currentSize : 25 <-- 0.008190 s
currentSize : 29 <-- 0.008285 s
currentSize : 31 <-- 0.008844 s
currentSize : 33 <-- 0.010206 s
currentSize : 36 <-- 0.010840 s
currentSize : 37 <-- 0.014412 s
currentSize : 38 <-- 0.014895 s
currentSize : 39 <-- 0.015203 s
currentSize : 42 <-- 0.046843 s
currentSize : 44 <-- 0.066636 s
currentSize : 46 <-- 0.067425 s
currentSize : 51 <-- 0.069628 s
currentSize : 54 <-- 0.070057 s
currentSize : 56 <-- 2.436704 s

maxsize : 56
nodes : 605349.000000
filtered : 4169223.000000
time : 3.362325
