Parameters: GAD=1 vflib=1 dir=0 label=0 vlabel=1 lowerbound=1 fileNameGp=../../cp2016-max-common-connected-subgraph-paper/datasets/graphsdb/mcs70/rand/r01/mcs70_r01_s90.A05 fileNameGt=../../cp2016-max-common-connected-subgraph-paper/datasets/graphsdb/mcs70/rand/r01/mcs70_r01_s90.B05
Reading graphs...
90 :  758
90 :  766
Initializing...
maxdom : 10
D->valSize : 576
Solving...
Blb : 2 (clique : 18)
currentSize : 18 <-- 0.006621 s
currentSize : 19 <-- 0.007095 s
currentSize : 20 <-- 0.010150 s
currentSize : 21 <-- 0.022210 s
currentSize : 23 <-- 0.027943 s
currentSize : 24 <-- 0.031061 s
currentSize : 25 <-- 0.031444 s
currentSize : 26 <-- 0.045789 s
currentSize : 28 <-- 0.046282 s
currentSize : 29 <-- 0.074070 s
currentSize : 32 <-- 0.075214 s
currentSize : 34 <-- 0.216373 s
currentSize : 36 <-- 0.568272 s
currentSize : 38 <-- 0.576728 s
currentSize : 45 <-- 0.577098 s
currentSize : 51 <-- 0.731064 s
currentSize : 63 <-- 0.805275 s

maxsize : 63
nodes : 115617.000000
filtered : 1618951.000000
time : 0.844541
