Parameters: GAD=1 vflib=1 dir=0 label=0 vlabel=1 lowerbound=1 fileNameGp=../../cp2016-max-common-connected-subgraph-paper/datasets/graphsdb/mcs70/rand/r005/mcs70_r005_s40.A05 fileNameGt=../../cp2016-max-common-connected-subgraph-paper/datasets/graphsdb/mcs70/rand/r005/mcs70_r005_s40.B05
Reading graphs...
40 :  77
40 :  77
Initializing...
maxdom : 7
D->valSize : 196
Solving...
Blb : 2 (clique : 18)
currentSize : 18 <-- 0.001226 s
currentSize : 19 <-- 0.001568 s
currentSize : 20 <-- 0.001676 s
currentSize : 21 <-- 0.010392 s
currentSize : 22 <-- 0.010591 s
currentSize : 23 <-- 0.010906 s
currentSize : 24 <-- 0.020083 s
currentSize : 25 <-- 0.021215 s
currentSize : 26 <-- 0.021367 s
currentSize : 28 <-- 0.031110 s

maxsize : 28
nodes : 5570.000000
filtered : 49094.000000
time : 0.034512
