Parameters: GAD=1 vflib=1 dir=0 label=0 vlabel=1 lowerbound=1 fileNameGp=../../cp2016-max-common-connected-subgraph-paper/datasets/graphsdb/mcs70/bvg/b09m/mcs70_b09m_s50.A00 fileNameGt=../../cp2016-max-common-connected-subgraph-paper/datasets/graphsdb/mcs70/bvg/b09m/mcs70_b09m_s50.B00
Reading graphs...
50 :  221
50 :  219
Initializing...
maxdom : 10
D->valSize : 346
Solving...
Blb : 5 (clique : 16)
currentSize : 16 <-- 0.003976 s
currentSize : 17 <-- 0.006021 s
currentSize : 19 <-- 0.036470 s
currentSize : 20 <-- 0.043363 s
currentSize : 21 <-- 0.097590 s
currentSize : 27 <-- 0.122462 s
currentSize : 28 <-- 0.122544 s
currentSize : 31 <-- 0.165752 s
currentSize : 32 <-- 0.165809 s
currentSize : 33 <-- 0.166153 s
currentSize : 34 <-- 0.166201 s

maxsize : 34
nodes : 52197.000000
filtered : 466342.000000
time : 0.233479
