Parameters: GAD=1 vflib=1 dir=0 label=0 vlabel=1 lowerbound=1 fileNameGp=../../cp2016-max-common-connected-subgraph-paper/datasets/graphsdb/mcs70/rand/r005/mcs70_r005_s70.A05 fileNameGt=../../cp2016-max-common-connected-subgraph-paper/datasets/graphsdb/mcs70/rand/r005/mcs70_r005_s70.B05
Reading graphs...
70 :  234
70 :  235
Initializing...
maxdom : 7
D->valSize : 340
Solving...
Blb : 2 (clique : 31)
currentSize : 31 <-- 0.002964 s
currentSize : 33 <-- 0.003150 s
currentSize : 36 <-- 0.003235 s
currentSize : 37 <-- 0.003492 s
currentSize : 38 <-- 0.033722 s
currentSize : 39 <-- 0.034339 s
currentSize : 42 <-- 0.034483 s
currentSize : 44 <-- 0.130399 s
currentSize : 49 <-- 0.150159 s

maxsize : 49
nodes : 66054.000000
filtered : 443706.000000
time : 0.334226
