Parameters: GAD=1 vflib=1 dir=0 label=0 vlabel=1 lowerbound=1 fileNameGp=../../cp2016-max-common-connected-subgraph-paper/datasets/graphsdb/mcs70/bvg/b06/mcs70_b06_s60.A00 fileNameGt=../../cp2016-max-common-connected-subgraph-paper/datasets/graphsdb/mcs70/bvg/b06/mcs70_b06_s60.B00
Reading graphs...
60 :  180
60 :  179
Initializing...
maxdom : 7
D->valSize : 226
Solving...
Blb : 2 (clique : 19)
currentSize : 19 <-- 0.001688 s
currentSize : 20 <-- 0.001837 s
currentSize : 21 <-- 0.050771 s
currentSize : 22 <-- 0.051048 s
currentSize : 23 <-- 0.060410 s
currentSize : 28 <-- 0.138911 s
currentSize : 29 <-- 0.469310 s
currentSize : 30 <-- 0.666257 s
currentSize : 34 <-- 0.747740 s
currentSize : 35 <-- 0.747958 s
currentSize : 36 <-- 0.751668 s
currentSize : 37 <-- 1.062858 s
currentSize : 39 <-- 1.063039 s
currentSize : 41 <-- 1.077381 s
currentSize : 42 <-- 1.088919 s

maxsize : 42
nodes : 301901.000000
filtered : 1168811.000000
time : 1.176325
