Parameters: GAD=1 vflib=1 dir=0 label=0 vlabel=1 lowerbound=1 fileNameGp=../../cp2016-max-common-connected-subgraph-paper/datasets/graphsdb/mcs70/bvg/b03/mcs70_b03_s90.A06 fileNameGt=../../cp2016-max-common-connected-subgraph-paper/datasets/graphsdb/mcs70/bvg/b03/mcs70_b03_s90.B06
Reading graphs...
90 :  135
90 :  135
Initializing...
maxdom : 9
D->valSize : 567
Solving...
Blb : 2 (clique : 42)
currentSize : 42 <-- 0.006962 s
currentSize : 43 <-- 0.018831 s
currentSize : 44 <-- 11.475932 s
currentSize : 45 <-- 11.479737 s
currentSize : 46 <-- 78.962074 s
currentSize : 47 <-- 957.444397 s

TIMEOUT
maxsize : 47
nodes : 156647926.000000
filtered : 1346289309.000000
time : 1000.000061
