Parameters: GAD=1 vflib=1 dir=0 label=0 vlabel=1 lowerbound=1 fileNameGp=../../cp2016-max-common-connected-subgraph-paper/datasets/graphsdb/mcs70/bvg/b06/mcs70_b06_s60.A03 fileNameGt=../../cp2016-max-common-connected-subgraph-paper/datasets/graphsdb/mcs70/bvg/b06/mcs70_b06_s60.B03
Reading graphs...
60 :  179
60 :  180
Initializing...
maxdom : 7
D->valSize : 270
Solving...
Blb : 5 (clique : 18)
currentSize : 18 <-- 0.003026 s
currentSize : 19 <-- 0.003163 s
currentSize : 21 <-- 0.003290 s
currentSize : 24 <-- 0.003626 s
currentSize : 25 <-- 0.005749 s
currentSize : 27 <-- 0.005907 s
currentSize : 28 <-- 0.006413 s
currentSize : 29 <-- 0.025192 s
currentSize : 30 <-- 0.026977 s
currentSize : 31 <-- 0.027067 s
currentSize : 33 <-- 0.061432 s
currentSize : 36 <-- 0.398604 s
currentSize : 38 <-- 0.416559 s
currentSize : 41 <-- 0.422637 s
currentSize : 42 <-- 0.636853 s

maxsize : 42
nodes : 181534.000000
filtered : 1024403.000000
time : 0.799231
