Parameters: GAD=1 vflib=1 dir=0 label=0 vlabel=1 lowerbound=1 fileNameGp=../../cp2016-max-common-connected-subgraph-paper/datasets/graphsdb/mcs70/m2D/m2Dr2/mcs70_m2Dr2_s50.A08 fileNameGt=../../cp2016-max-common-connected-subgraph-paper/datasets/graphsdb/mcs70/m2D/m2Dr2/mcs70_m2Dr2_s50.B08
Reading graphs...
50 :  95
50 :  95
Initializing...
maxdom : 9
D->valSize : 340
Solving...
Blb : 2 (clique : 24)
currentSize : 24 <-- 0.004121 s
currentSize : 25 <-- 0.106392 s
currentSize : 26 <-- 0.107398 s
currentSize : 27 <-- 0.175753 s
currentSize : 28 <-- 1.080878 s
currentSize : 30 <-- 3.291619 s
currentSize : 31 <-- 3.291802 s
currentSize : 32 <-- 3.292725 s
currentSize : 33 <-- 3.294127 s
currentSize : 35 <-- 3.294201 s
currentSize : 36 <-- 3.294491 s

maxsize : 36
nodes : 747488.000000
filtered : 7835232.000000
time : 3.621708
