Parameters: GAD=1 vflib=1 dir=0 label=0 vlabel=1 lowerbound=1 fileNameGp=../../cp2016-max-common-connected-subgraph-paper/datasets/graphsdb/mcs70/m2D/m2Dr6/mcs70_m2Dr6_s90.A07 fileNameGt=../../cp2016-max-common-connected-subgraph-paper/datasets/graphsdb/mcs70/m2D/m2Dr6/mcs70_m2Dr6_s90.B07
Reading graphs...
90 :  214
90 :  213
Initializing...
maxdom : 10
D->valSize : 575
Solving...
Blb : 2 (clique : 42)
currentSize : 42 <-- 0.007054 s
currentSize : 43 <-- 0.007426 s
currentSize : 47 <-- 0.007605 s
currentSize : 50 <-- 0.007744 s
currentSize : 51 <-- 0.008225 s
currentSize : 52 <-- 0.008782 s
currentSize : 54 <-- 0.008944 s
currentSize : 55 <-- 0.009777 s
currentSize : 56 <-- 0.010336 s
currentSize : 57 <-- 0.010771 s
currentSize : 58 <-- 0.018032 s
currentSize : 59 <-- 0.018593 s
currentSize : 60 <-- 0.019048 s
currentSize : 61 <-- 0.019510 s
currentSize : 63 <-- 0.087403 s
currentSize : 65 <-- 0.087628 s

maxsize : 65
nodes : 6920350.000000
filtered : 45716042.000000
time : 40.671528
