Parameters: GAD=1 vflib=1 dir=0 label=0 vlabel=1 lowerbound=1 fileNameGp=../../cp2016-max-common-connected-subgraph-paper/datasets/graphsdb/mcs70/bvg/b06/mcs70_b06_s90.A07 fileNameGt=../../cp2016-max-common-connected-subgraph-paper/datasets/graphsdb/mcs70/bvg/b06/mcs70_b06_s90.B07
Reading graphs...
90 :  270
90 :  270
Initializing...
maxdom : 10
D->valSize : 544
Solving...
Blb : 3 (clique : 38)
currentSize : 38 <-- 0.006468 s
currentSize : 39 <-- 0.257449 s
currentSize : 40 <-- 1.596016 s
currentSize : 41 <-- 2.135983 s
currentSize : 42 <-- 2.138284 s
currentSize : 43 <-- 4.445399 s
currentSize : 44 <-- 4.451911 s
currentSize : 45 <-- 81.343094 s
currentSize : 46 <-- 426.764862 s
currentSize : 47 <-- 426.765381 s
currentSize : 48 <-- 904.577820 s
currentSize : 49 <-- 904.580444 s
currentSize : 50 <-- 907.914734 s

TIMEOUT
maxsize : 50
nodes : 174863435.000000
filtered : 1225292354.000000
time : 1000.000122
