Parameters: GAD=1 vflib=1 dir=0 label=0 vlabel=1 lowerbound=1 fileNameGp=../../cp2016-max-common-connected-subgraph-paper/datasets/graphsdb/mcs70/bvg/b06m/mcs70_b06m_s50.A00 fileNameGt=../../cp2016-max-common-connected-subgraph-paper/datasets/graphsdb/mcs70/bvg/b06m/mcs70_b06m_s50.B00
Reading graphs...
50 :  150
50 :  150
Initializing...
maxdom : 12
D->valSize : 347
Solving...
Blb : 2 (clique : 16)
currentSize : 16 <-- 0.004208 s
currentSize : 18 <-- 0.004380 s
currentSize : 19 <-- 0.004521 s
currentSize : 20 <-- 0.062447 s
currentSize : 21 <-- 0.079766 s
currentSize : 23 <-- 0.297676 s
currentSize : 25 <-- 0.499742 s
currentSize : 26 <-- 0.688203 s
currentSize : 30 <-- 0.690121 s
currentSize : 33 <-- 0.820598 s
currentSize : 35 <-- 0.898898 s

maxsize : 35
nodes : 190926.000000
filtered : 2285924.000000
time : 0.991689
