Parameters: GAD=1 vflib=1 dir=0 label=0 vlabel=1 lowerbound=1 fileNameGp=../../cp2016-max-common-connected-subgraph-paper/datasets/graphsdb/mcs70/rand/r02/mcs70_r02_s70.A09 fileNameGt=../../cp2016-max-common-connected-subgraph-paper/datasets/graphsdb/mcs70/rand/r02/mcs70_r02_s70.B09
Reading graphs...
70 :  856
70 :  866
Initializing...
maxdom : 9
D->valSize : 359
Solving...
Blb : 2 (clique : 10)
currentSize : 10 <-- 0.003061 s
currentSize : 11 <-- 0.003171 s
currentSize : 12 <-- 0.003267 s
currentSize : 13 <-- 0.005135 s
currentSize : 14 <-- 0.005223 s
currentSize : 15 <-- 0.005329 s
currentSize : 19 <-- 0.005558 s
currentSize : 30 <-- 0.006910 s
currentSize : 49 <-- 0.007226 s

maxsize : 49
nodes : 1298.000000
filtered : 18674.000000
time : 0.010654
