Parameters: GAD=1 vflib=1 dir=0 label=0 vlabel=1 lowerbound=1 fileNameGp=../../cp2016-max-common-connected-subgraph-paper/datasets/graphsdb/mcs70/m3D/m3D/mcs70_m3D_s90.A03 fileNameGt=../../cp2016-max-common-connected-subgraph-paper/datasets/graphsdb/mcs70/m3D/m3D/mcs70_m3D_s90.B03
Reading graphs...
90 :  208
90 :  208
Initializing...
maxdom : 10
D->valSize : 570
Solving...
Blb : 2 (clique : 54)
currentSize : 54 <-- 0.007053 s
currentSize : 55 <-- 0.007504 s
currentSize : 59 <-- 11.669559 s
currentSize : 60 <-- 11.707205 s
currentSize : 63 <-- 37.751793 s
currentSize : 64 <-- 37.992332 s

maxsize : 64
nodes : 70367678.000000
filtered : 468997555.000000
time : 394.936005
