Parameters: GAD=1 vflib=1 dir=0 label=0 vlabel=1 lowerbound=1 fileNameGp=../../cp2016-max-common-connected-subgraph-paper/datasets/graphsdb/mcs70/m2D/m2Dr2/mcs70_m2Dr2_s40.A01 fileNameGt=../../cp2016-max-common-connected-subgraph-paper/datasets/graphsdb/mcs70/m2D/m2Dr2/mcs70_m2Dr2_s40.B01
Reading graphs...
40 :  75
40 :  74
Initializing...
maxdom : 8
D->valSize : 216
Solving...
Blb : 5 (clique : 16)
currentSize : 16 <-- 0.001302 s
currentSize : 17 <-- 0.003082 s
currentSize : 18 <-- 0.003131 s
currentSize : 19 <-- 0.004405 s
currentSize : 20 <-- 0.010538 s
currentSize : 21 <-- 0.022726 s
currentSize : 22 <-- 0.035169 s
currentSize : 23 <-- 0.056438 s
currentSize : 24 <-- 0.073524 s
currentSize : 25 <-- 0.154025 s
currentSize : 26 <-- 0.154124 s

maxsize : 26
nodes : 40986.000000
filtered : 458533.000000
time : 0.207207
