Parameters: GAD=1 vflib=1 dir=0 label=0 vlabel=1 lowerbound=1 fileNameGp=../../cp2016-max-common-connected-subgraph-paper/datasets/graphsdb/mcs70/bvg/b06m/mcs70_b06m_s70.A00 fileNameGt=../../cp2016-max-common-connected-subgraph-paper/datasets/graphsdb/mcs70/bvg/b06m/mcs70_b06m_s70.B00
Reading graphs...
70 :  207
70 :  207
Initializing...
maxdom : 7
D->valSize : 369
Solving...
Blb : 3 (clique : 33)
currentSize : 33 <-- 0.003481 s
currentSize : 34 <-- 9.757969 s
currentSize : 35 <-- 15.396042 s
currentSize : 36 <-- 15.407671 s
currentSize : 37 <-- 23.318172 s
currentSize : 44 <-- 27.058432 s
currentSize : 46 <-- 27.058821 s
currentSize : 47 <-- 27.059088 s
currentSize : 48 <-- 27.060448 s
currentSize : 49 <-- 27.060738 s

maxsize : 49
nodes : 5921351.000000
filtered : 33096255.000000
time : 28.387745
