Parameters: GAD=1 vflib=1 dir=0 label=0 vlabel=1 lowerbound=1 fileNameGp=../../cp2016-max-common-connected-subgraph-paper/datasets/graphsdb/mcs70/m2D/m2Dr2/mcs70_m2Dr2_s100.A05 fileNameGt=../../cp2016-max-common-connected-subgraph-paper/datasets/graphsdb/mcs70/m2D/m2Dr2/mcs70_m2Dr2_s100.B05
Reading graphs...
100 :  199
100 :  199
Initializing...
maxdom : 7
D->valSize : 395
Solving...
Blb : 2 (clique : 39)
currentSize : 39 <-- 0.004316 s
currentSize : 43 <-- 0.004639 s
currentSize : 44 <-- 0.005223 s
currentSize : 48 <-- 0.005291 s
currentSize : 50 <-- 0.006666 s
currentSize : 52 <-- 2.126731 s
currentSize : 53 <-- 2.127724 s
currentSize : 54 <-- 2.128162 s
currentSize : 55 <-- 3.350143 s
currentSize : 57 <-- 3.351520 s
currentSize : 58 <-- 26.141020 s
currentSize : 60 <-- 26.273838 s
currentSize : 61 <-- 101.112755 s
currentSize : 63 <-- 101.124733 s
currentSize : 65 <-- 275.638550 s
currentSize : 66 <-- 307.191284 s

maxsize : 66
nodes : 66208192.000000
filtered : 308007418.000000
time : 383.874207
