Parameters: GAD=1 vflib=1 dir=0 label=0 vlabel=1 lowerbound=1 fileNameGp=../../cp2016-max-common-connected-subgraph-paper/datasets/graphsdb/mcs70/rand/r01/mcs70_r01_s100.A00 fileNameGt=../../cp2016-max-common-connected-subgraph-paper/datasets/graphsdb/mcs70/rand/r01/mcs70_r01_s100.B00
Reading graphs...
100 :  948
100 :  933
Initializing...
maxdom : 6
D->valSize : 397
Solving...
Blb : 2 (clique : 19)
currentSize : 19 <-- 0.006367 s
currentSize : 21 <-- 0.007377 s
currentSize : 26 <-- 0.014837 s
currentSize : 27 <-- 0.018106 s
currentSize : 30 <-- 0.018505 s
currentSize : 31 <-- 0.097512 s
currentSize : 34 <-- 0.099271 s
currentSize : 37 <-- 0.103157 s
currentSize : 38 <-- 0.104254 s
currentSize : 39 <-- 0.104984 s
currentSize : 46 <-- 0.105382 s
currentSize : 54 <-- 0.220140 s
currentSize : 58 <-- 0.279123 s
currentSize : 62 <-- 0.279649 s
currentSize : 70 <-- 0.280051 s

maxsize : 70
nodes : 38922.000000
filtered : 436169.000000
time : 0.308979
