Parameters: GAD=1 vflib=1 dir=0 label=0 vlabel=1 lowerbound=1 fileNameGp=../../cp2016-max-common-connected-subgraph-paper/datasets/graphsdb/mcs70/bvg/b06m/mcs70_b06m_s60.A03 fileNameGt=../../cp2016-max-common-connected-subgraph-paper/datasets/graphsdb/mcs70/bvg/b06m/mcs70_b06m_s60.B03
Reading graphs...
60 :  177
60 :  177
Initializing...
maxdom : 6
D->valSize : 253
Solving...
Blb : 3 (clique : 30)
currentSize : 30 <-- 0.001878 s
currentSize : 32 <-- 0.013341 s
currentSize : 34 <-- 0.013415 s
currentSize : 35 <-- 0.013578 s
currentSize : 36 <-- 0.051236 s
currentSize : 37 <-- 0.051564 s
currentSize : 38 <-- 0.051876 s
currentSize : 40 <-- 0.052010 s
currentSize : 41 <-- 0.052325 s
currentSize : 42 <-- 0.073752 s

maxsize : 42
nodes : 30408.000000
filtered : 151692.000000
time : 0.132638
