Parameters: GAD=1 vflib=1 dir=0 label=0 vlabel=1 lowerbound=1 fileNameGp=../../cp2016-max-common-connected-subgraph-paper/datasets/graphsdb/mcs70/m3D/m3Dr6/mcs70_m3Dr6_s35.A00 fileNameGt=../../cp2016-max-common-connected-subgraph-paper/datasets/graphsdb/mcs70/m3D/m3Dr6/mcs70_m3Dr6_s35.B00
Reading graphs...
35 :  91
35 :  89
Initializing...
maxdom : 7
D->valSize : 159
Solving...
Blb : 2 (clique : 13)
currentSize : 13 <-- 0.000925 s
currentSize : 14 <-- 0.001593 s
currentSize : 15 <-- 0.003977 s
currentSize : 16 <-- 0.006052 s
currentSize : 17 <-- 0.006635 s
currentSize : 18 <-- 0.007626 s
currentSize : 19 <-- 0.008839 s
currentSize : 20 <-- 0.013553 s
currentSize : 21 <-- 0.013632 s
currentSize : 24 <-- 0.018045 s
currentSize : 27 <-- 0.018105 s

maxsize : 27
nodes : 4925.000000
filtered : 31295.000000
time : 0.018844
