Parameters: GAD=1 vflib=1 dir=0 label=0 vlabel=1 lowerbound=1 fileNameGp=../../cp2016-max-common-connected-subgraph-paper/datasets/graphsdb/mcs70/bvg/b03/mcs70_b03_s60.A07 fileNameGt=../../cp2016-max-common-connected-subgraph-paper/datasets/graphsdb/mcs70/bvg/b03/mcs70_b03_s60.B07
Reading graphs...
60 :  90
60 :  90
Initializing...
maxdom : 6
D->valSize : 251
Solving...
Blb : 2 (clique : 31)
currentSize : 31 <-- 0.001936 s
currentSize : 32 <-- 0.054001 s
currentSize : 33 <-- 0.077557 s
currentSize : 34 <-- 0.142267 s
currentSize : 35 <-- 0.142448 s
currentSize : 36 <-- 0.168202 s
currentSize : 37 <-- 0.168545 s
currentSize : 38 <-- 0.172488 s
currentSize : 39 <-- 0.178100 s
currentSize : 40 <-- 0.178277 s
currentSize : 41 <-- 0.178511 s
currentSize : 42 <-- 0.254880 s

maxsize : 42
nodes : 61239.000000
filtered : 255693.000000
time : 0.270771
