Parameters: GAD=1 vflib=1 dir=0 label=0 vlabel=1 lowerbound=1 fileNameGp=../../cp2016-max-common-connected-subgraph-paper/datasets/graphsdb/mcs70/bvg/b03m/mcs70_b03m_s60.A02 fileNameGt=../../cp2016-max-common-connected-subgraph-paper/datasets/graphsdb/mcs70/bvg/b03m/mcs70_b03m_s60.B02
Reading graphs...
60 :  90
60 :  90
Initializing...
maxdom : 7
D->valSize : 256
Solving...
Blb : 3 (clique : 33)
currentSize : 33 <-- 0.003130 s
currentSize : 34 <-- 1.198003 s
currentSize : 35 <-- 1.198348 s
currentSize : 36 <-- 1.615316 s
currentSize : 37 <-- 2.431008 s
currentSize : 38 <-- 2.431541 s
currentSize : 39 <-- 2.510837 s
currentSize : 40 <-- 2.510914 s
currentSize : 41 <-- 4.447040 s
currentSize : 42 <-- 6.251225 s
currentSize : 43 <-- 6.251322 s

maxsize : 43
nodes : 1650140.000000
filtered : 6363797.000000
time : 6.825015
