Parameters: GAD=1 vflib=1 dir=0 label=0 vlabel=1 lowerbound=1 fileNameGp=../../cp2016-max-common-connected-subgraph-paper/datasets/graphsdb/mcs70/bvg/b06/mcs70_b06_s100.A05 fileNameGt=../../cp2016-max-common-connected-subgraph-paper/datasets/graphsdb/mcs70/bvg/b06/mcs70_b06_s100.B05
Reading graphs...
100 :  299
100 :  296
Initializing...
maxdom : 6
D->valSize : 357
Solving...
Blb : 3 (clique : 51)
currentSize : 51 <-- 0.006203 s
currentSize : 54 <-- 0.262556 s
currentSize : 55 <-- 0.269350 s
currentSize : 56 <-- 26.201252 s
currentSize : 57 <-- 44.256645 s
currentSize : 58 <-- 44.327976 s
currentSize : 59 <-- 44.332134 s
currentSize : 60 <-- 44.333649 s
currentSize : 61 <-- 44.338902 s
currentSize : 62 <-- 57.309666 s
currentSize : 63 <-- 57.311504 s
currentSize : 64 <-- 57.316010 s
currentSize : 65 <-- 87.270241 s
currentSize : 66 <-- 87.273193 s
currentSize : 67 <-- 87.278870 s
currentSize : 68 <-- 126.284386 s
currentSize : 69 <-- 129.011215 s
currentSize : 70 <-- 129.012329 s

maxsize : 70
nodes : 24476406.000000
filtered : 127472570.000000
time : 142.945419
