Parameters: GAD=1 vflib=1 dir=0 label=0 vlabel=1 lowerbound=1 fileNameGp=../../cp2016-max-common-connected-subgraph-paper/datasets/graphsdb/mcs70/m2D/m2D/mcs70_m2D_s60.A03 fileNameGt=../../cp2016-max-common-connected-subgraph-paper/datasets/graphsdb/mcs70/m2D/m2D/mcs70_m2D_s60.B03
Reading graphs...
60 :  103
60 :  103
Initializing...
maxdom : 8
D->valSize : 240
Solving...
Blb : 2 (clique : 21)
currentSize : 21 <-- 0.001695 s
currentSize : 22 <-- 0.002285 s
currentSize : 23 <-- 0.010989 s
currentSize : 24 <-- 0.684729 s
currentSize : 25 <-- 0.738042 s
currentSize : 26 <-- 1.321354 s
currentSize : 27 <-- 1.376678 s
currentSize : 28 <-- 1.403931 s
currentSize : 29 <-- 2.146892 s
currentSize : 30 <-- 2.779839 s
currentSize : 31 <-- 2.997268 s
currentSize : 32 <-- 4.596396 s
currentSize : 33 <-- 5.623714 s
currentSize : 34 <-- 7.520754 s
currentSize : 36 <-- 7.520792 s

maxsize : 36
nodes : 2065318.000000
filtered : 10733932.000000
time : 8.984063
