Parameters: GAD=1 vflib=1 dir=0 label=0 vlabel=1 lowerbound=1 fileNameGp=../../cp2016-max-common-connected-subgraph-paper/datasets/graphsdb/mcs70/rand/r005/mcs70_r005_s60.A06 fileNameGt=../../cp2016-max-common-connected-subgraph-paper/datasets/graphsdb/mcs70/rand/r005/mcs70_r005_s60.B06
Reading graphs...
60 :  172
60 :  171
Initializing...
maxdom : 7
D->valSize : 261
Solving...
Blb : 2 (clique : 27)
currentSize : 27 <-- 0.001915 s
currentSize : 32 <-- 0.002067 s
currentSize : 34 <-- 0.002186 s
currentSize : 36 <-- 0.002703 s
currentSize : 37 <-- 0.013975 s
currentSize : 38 <-- 0.072600 s
currentSize : 39 <-- 0.090525 s
currentSize : 40 <-- 0.096005 s
currentSize : 42 <-- 0.096082 s

maxsize : 42
nodes : 28707.000000
filtered : 250612.000000
time : 0.139684
