Parameters: GAD=1 vflib=1 dir=0 label=0 vlabel=1 lowerbound=1 fileNameGp=../../cp2016-max-common-connected-subgraph-paper/datasets/graphsdb/mcs70/m3D/m3Dr2/mcs70_m3Dr2_s100.A01 fileNameGt=../../cp2016-max-common-connected-subgraph-paper/datasets/graphsdb/mcs70/m3D/m3Dr2/mcs70_m3Dr2_s100.B01
Reading graphs...
100 :  255
100 :  253
Initializing...
maxdom : 7
D->valSize : 351
Solving...
Blb : 2 (clique : 41)
currentSize : 41 <-- 0.006179 s
currentSize : 42 <-- 0.019943 s
currentSize : 43 <-- 0.350694 s
currentSize : 44 <-- 4.085473 s
currentSize : 45 <-- 4.146812 s
currentSize : 49 <-- 37.153816 s
currentSize : 50 <-- 37.154926 s
currentSize : 51 <-- 37.366135 s
currentSize : 53 <-- 187.170563 s
currentSize : 55 <-- 197.068039 s
currentSize : 56 <-- 197.068420 s
currentSize : 58 <-- 197.440491 s
currentSize : 59 <-- 197.440567 s
currentSize : 63 <-- 299.368683 s
currentSize : 64 <-- 299.369263 s

maxsize : 64
nodes : 88942078.000000
filtered : 377061842.000000
time : 480.264038
