Parameters: GAD=1 vflib=1 dir=0 label=0 vlabel=1 lowerbound=1 fileNameGp=../../cp2016-max-common-connected-subgraph-paper/datasets/graphsdb/mcs70/bvg/b06/mcs70_b06_s60.A09 fileNameGt=../../cp2016-max-common-connected-subgraph-paper/datasets/graphsdb/mcs70/bvg/b06/mcs70_b06_s60.B09
Reading graphs...
60 :  180
60 :  180
Initializing...
maxdom : 8
D->valSize : 262
Solving...
Blb : 3 (clique : 24)
currentSize : 24 <-- 0.002964 s
currentSize : 25 <-- 0.007415 s
currentSize : 26 <-- 0.047125 s
currentSize : 27 <-- 0.047269 s
currentSize : 28 <-- 0.053734 s
currentSize : 29 <-- 0.053998 s
currentSize : 31 <-- 0.244139 s
currentSize : 32 <-- 0.244415 s
currentSize : 33 <-- 0.308980 s
currentSize : 34 <-- 0.334220 s
currentSize : 35 <-- 0.482051 s
currentSize : 36 <-- 0.482315 s
currentSize : 37 <-- 0.510929 s
currentSize : 39 <-- 0.511451 s
currentSize : 42 <-- 0.569198 s

maxsize : 42
nodes : 109708.000000
filtered : 718048.000000
time : 0.594797
