Parameters: GAD=1 vflib=1 dir=0 label=0 vlabel=1 lowerbound=1 fileNameGp=../../cp2016-max-common-connected-subgraph-paper/datasets/graphsdb/mcs70/bvg/b06/mcs70_b06_s90.A02 fileNameGt=../../cp2016-max-common-connected-subgraph-paper/datasets/graphsdb/mcs70/bvg/b06/mcs70_b06_s90.B02
Reading graphs...
90 :  269
90 :  270
Initializing...
maxdom : 11
D->valSize : 571
Solving...
Blb : 2 (clique : 39)
currentSize : 39 <-- 0.011471 s
currentSize : 42 <-- 0.011969 s
currentSize : 43 <-- 0.049237 s
currentSize : 45 <-- 0.133546 s
currentSize : 46 <-- 0.224536 s
currentSize : 47 <-- 1.491020 s
currentSize : 48 <-- 1.501975 s
currentSize : 51 <-- 7.872785 s
currentSize : 52 <-- 7.873003 s
currentSize : 53 <-- 7.873697 s
currentSize : 54 <-- 9.771901 s
currentSize : 56 <-- 9.781845 s
currentSize : 59 <-- 11.394353 s
currentSize : 61 <-- 11.397363 s
currentSize : 63 <-- 11.401442 s

maxsize : 63
nodes : 9004396.000000
filtered : 59929427.000000
time : 50.272121
