Parameters: GAD=1 vflib=1 dir=0 label=0 vlabel=1 lowerbound=1 fileNameGp=../../cp2016-max-common-connected-subgraph-paper/datasets/graphsdb/mcs70/bvg/b06/mcs70_b06_s100.A08 fileNameGt=../../cp2016-max-common-connected-subgraph-paper/datasets/graphsdb/mcs70/bvg/b06/mcs70_b06_s100.B08
Reading graphs...
100 :  299
100 :  296
Initializing...
maxdom : 7
D->valSize : 375
Solving...
Blb : 2 (clique : 46)
currentSize : 46 <-- 0.003917 s
currentSize : 52 <-- 0.004301 s
currentSize : 53 <-- 0.007675 s
currentSize : 54 <-- 0.019506 s
currentSize : 55 <-- 0.019842 s
currentSize : 56 <-- 0.020280 s
currentSize : 63 <-- 47.760323 s
currentSize : 65 <-- 52.179550 s
currentSize : 66 <-- 52.180637 s
currentSize : 69 <-- 54.132759 s
currentSize : 70 <-- 54.172001 s

maxsize : 70
nodes : 16998077.000000
filtered : 68138627.000000
time : 85.770950
