Parameters: GAD=1 vflib=1 dir=0 label=0 vlabel=1 lowerbound=1 fileNameGp=../../cp2016-max-common-connected-subgraph-paper/datasets/graphsdb/mcs70/m2D/m2D/mcs70_m2D_s100.A07 fileNameGt=../../cp2016-max-common-connected-subgraph-paper/datasets/graphsdb/mcs70/m2D/m2D/mcs70_m2D_s100.B07
Reading graphs...
100 :  180
100 :  180
Initializing...
maxdom : 8
D->valSize : 395
Solving...
Blb : 2 (clique : 43)
currentSize : 43 <-- 0.004265 s
currentSize : 44 <-- 0.007687 s
currentSize : 45 <-- 0.097303 s
currentSize : 46 <-- 0.223215 s
currentSize : 47 <-- 0.223415 s
currentSize : 48 <-- 0.254771 s
currentSize : 49 <-- 0.595214 s
currentSize : 50 <-- 0.848937 s
currentSize : 51 <-- 1.054092 s
currentSize : 52 <-- 2.801666 s
currentSize : 54 <-- 2.935585 s
currentSize : 55 <-- 88.550911 s
currentSize : 56 <-- 969.268738 s
currentSize : 57 <-- 969.329712 s
currentSize : 58 <-- 969.493225 s
currentSize : 59 <-- 969.757568 s
currentSize : 60 <-- 970.135620 s

TIMEOUT
maxsize : 60
nodes : 188300210.000000
filtered : 661842570.000000
time : 1000.000122
