Parameters: GAD=1 vflib=1 dir=0 label=0 vlabel=1 lowerbound=1 fileNameGp=../../cp2016-max-common-connected-subgraph-paper/datasets/graphsdb/mcs70/bvg/b06m/mcs70_b06m_s70.A06 fileNameGt=../../cp2016-max-common-connected-subgraph-paper/datasets/graphsdb/mcs70/bvg/b06m/mcs70_b06m_s70.B06
Reading graphs...
70 :  208
70 :  207
Initializing...
maxdom : 7
D->valSize : 354
Solving...
Blb : 3 (clique : 24)
currentSize : 24 <-- 0.003010 s
currentSize : 25 <-- 0.005942 s
currentSize : 26 <-- 0.012004 s
currentSize : 27 <-- 0.037960 s
currentSize : 28 <-- 0.051290 s
currentSize : 29 <-- 0.062470 s
currentSize : 32 <-- 0.311503 s
currentSize : 33 <-- 0.552268 s
currentSize : 35 <-- 0.963914 s
currentSize : 36 <-- 1.326211 s
currentSize : 39 <-- 3.612537 s
currentSize : 41 <-- 5.020215 s
currentSize : 43 <-- 6.177601 s
currentSize : 49 <-- 6.979222 s

maxsize : 49
nodes : 1693390.000000
filtered : 9152574.000000
time : 8.107338
