Parameters: GAD=1 vflib=1 dir=0 label=0 vlabel=1 lowerbound=1 fileNameGp=../../cp2016-max-common-connected-subgraph-paper/datasets/graphsdb/mcs70/m2D/m2Dr6/mcs70_m2Dr6_s60.A08 fileNameGt=../../cp2016-max-common-connected-subgraph-paper/datasets/graphsdb/mcs70/m2D/m2Dr6/mcs70_m2Dr6_s60.B08
Reading graphs...
60 :  137
60 :  134
Initializing...
maxdom : 6
D->valSize : 263
Solving...
Blb : 2 (clique : 21)
currentSize : 21 <-- 0.002048 s
currentSize : 24 <-- 0.002173 s
currentSize : 25 <-- 0.002286 s
currentSize : 26 <-- 2.223439 s
currentSize : 29 <-- 4.926730 s
currentSize : 30 <-- 9.703205 s
currentSize : 32 <-- 11.441332 s
currentSize : 33 <-- 11.448244 s
currentSize : 34 <-- 12.141578 s
currentSize : 35 <-- 12.172830 s
currentSize : 37 <-- 12.187043 s

maxsize : 37
nodes : 2988585.000000
filtered : 19148387.000000
time : 13.470322
