Parameters: GAD=1 vflib=1 dir=0 label=0 vlabel=1 lowerbound=1 fileNameGp=../../cp2016-max-common-connected-subgraph-paper/datasets/graphsdb/mcs70/bvg/b06m/mcs70_b06m_s80.A06 fileNameGt=../../cp2016-max-common-connected-subgraph-paper/datasets/graphsdb/mcs70/bvg/b06m/mcs70_b06m_s80.B06
Reading graphs...
80 :  237
80 :  237
Initializing...
maxdom : 9
D->valSize : 440
Solving...
Blb : 3 (clique : 38)
currentSize : 38 <-- 0.004499 s
currentSize : 39 <-- 1.452200 s
currentSize : 40 <-- 1.452308 s
currentSize : 41 <-- 4.537185 s
currentSize : 43 <-- 4.544310 s
currentSize : 44 <-- 4.544436 s
currentSize : 46 <-- 5.449153 s
currentSize : 48 <-- 5.449232 s
currentSize : 49 <-- 363.942505 s
currentSize : 50 <-- 363.943817 s
currentSize : 51 <-- 363.943939 s
currentSize : 53 <-- 364.210388 s
currentSize : 54 <-- 364.210541 s
currentSize : 55 <-- 364.216644 s
currentSize : 56 <-- 364.216797 s

maxsize : 56
nodes : 87447326.000000
filtered : 410354632.000000
time : 414.797668
