Parameters: GAD=1 vflib=1 dir=0 label=0 vlabel=1 lowerbound=1 fileNameGp=../../cp2016-max-common-connected-subgraph-paper/datasets/graphsdb/mcs70/bvg/b03m/mcs70_b03m_s80.A05 fileNameGt=../../cp2016-max-common-connected-subgraph-paper/datasets/graphsdb/mcs70/bvg/b03m/mcs70_b03m_s80.B05
Reading graphs...
80 :  120
80 :  120
Initializing...
maxdom : 11
D->valSize : 447
Solving...
Blb : 3 (clique : 48)
currentSize : 48 <-- 0.004811 s
currentSize : 52 <-- 0.005114 s
currentSize : 53 <-- 0.064608 s
currentSize : 54 <-- 0.069925 s
currentSize : 55 <-- 620.441956 s
currentSize : 57 <-- 794.966187 s
currentSize : 58 <-- 946.085083 s

TIMEOUT
maxsize : 58
nodes : 225925842.000000
filtered : 872601603.000000
time : 1000.000061
