Parameters: GAD=1 vflib=1 dir=0 label=0 vlabel=1 lowerbound=1 fileNameGp=../../cp2016-max-common-connected-subgraph-paper/datasets/graphsdb/mcs70/bvg/b03m/mcs70_b03m_s80.A07 fileNameGt=../../cp2016-max-common-connected-subgraph-paper/datasets/graphsdb/mcs70/bvg/b03m/mcs70_b03m_s80.B07
Reading graphs...
80 :  120
80 :  120
Initializing...
maxdom : 8
D->valSize : 449
Solving...
Blb : 2 (clique : 49)
currentSize : 49 <-- 0.004815 s
currentSize : 50 <-- 0.005177 s
currentSize : 51 <-- 0.005525 s
currentSize : 52 <-- 0.005584 s
currentSize : 53 <-- 0.010971 s
currentSize : 54 <-- 0.015020 s
currentSize : 55 <-- 0.416854 s
currentSize : 56 <-- 5.798658 s

TIMEOUT
maxsize : 56
nodes : 223663857.000000
filtered : 961627753.000000
time : 1000.000061
