Parameters: GAD=1 vflib=1 dir=0 label=0 vlabel=1 lowerbound=1 fileNameGp=../../cp2016-max-common-connected-subgraph-paper/datasets/graphsdb/mcs70/m2D/m2D/mcs70_m2D_s80.A02 fileNameGt=../../cp2016-max-common-connected-subgraph-paper/datasets/graphsdb/mcs70/m2D/m2D/mcs70_m2D_s80.B02
Reading graphs...
80 :  141
80 :  142
Initializing...
maxdom : 11
D->valSize : 485
Solving...
Blb : 2 (clique : 36)
currentSize : 36 <-- 0.008714 s
currentSize : 37 <-- 0.009166 s
currentSize : 38 <-- 0.009297 s
currentSize : 39 <-- 0.013292 s
currentSize : 40 <-- 0.013922 s
currentSize : 41 <-- 0.088077 s
currentSize : 42 <-- 0.151527 s
currentSize : 43 <-- 0.202416 s
currentSize : 45 <-- 0.204784 s
currentSize : 46 <-- 0.220839 s
currentSize : 47 <-- 15.862902 s
currentSize : 50 <-- 405.784180 s

TIMEOUT
maxsize : 50
nodes : 196921179.000000
filtered : 1240397255.000000
time : 1000.000061
