Parameters: GAD=1 vflib=1 dir=0 label=0 vlabel=1 lowerbound=1 fileNameGp=../../cp2016-max-common-connected-subgraph-paper/datasets/graphsdb/mcs70/bvg/b06m/mcs70_b06m_s70.A02 fileNameGt=../../cp2016-max-common-connected-subgraph-paper/datasets/graphsdb/mcs70/bvg/b06m/mcs70_b06m_s70.B02
Reading graphs...
70 :  206
70 :  206
Initializing...
maxdom : 9
D->valSize : 372
Solving...
Blb : 2 (clique : 30)
currentSize : 30 <-- 0.005235 s
currentSize : 31 <-- 0.007440 s
currentSize : 33 <-- 0.007572 s
currentSize : 34 <-- 0.014882 s
currentSize : 35 <-- 0.015412 s
currentSize : 36 <-- 0.024137 s
currentSize : 37 <-- 0.029591 s
currentSize : 38 <-- 0.030100 s
currentSize : 41 <-- 0.317775 s
currentSize : 42 <-- 0.319812 s
currentSize : 43 <-- 0.320310 s
currentSize : 47 <-- 0.971584 s
currentSize : 48 <-- 0.974147 s
currentSize : 49 <-- 0.974717 s

maxsize : 49
nodes : 328232.000000
filtered : 2296024.000000
time : 1.724793
