Parameters: GAD=1 vflib=1 dir=0 label=0 vlabel=1 lowerbound=1 fileNameGp=../../cp2016-max-common-connected-subgraph-paper/datasets/graphsdb/mcs70/bvg/b06/mcs70_b06_s70.A04 fileNameGt=../../cp2016-max-common-connected-subgraph-paper/datasets/graphsdb/mcs70/bvg/b06/mcs70_b06_s70.B04
Reading graphs...
70 :  209
70 :  210
Initializing...
maxdom : 8
D->valSize : 376
Solving...
Blb : 2 (clique : 34)
currentSize : 34 <-- 0.005558 s
currentSize : 35 <-- 0.005959 s
currentSize : 36 <-- 0.006242 s
currentSize : 37 <-- 0.006479 s
currentSize : 41 <-- 0.007027 s
currentSize : 42 <-- 0.007297 s
currentSize : 43 <-- 0.125317 s
currentSize : 44 <-- 8.021324 s
currentSize : 46 <-- 8.021553 s
currentSize : 47 <-- 8.098701 s
currentSize : 48 <-- 8.214344 s
currentSize : 49 <-- 8.214788 s

maxsize : 49
nodes : 2765989.000000
filtered : 14347216.000000
time : 12.406455
