Parameters: GAD=1 vflib=1 dir=0 label=0 vlabel=1 lowerbound=1 fileNameGp=../../cp2016-max-common-connected-subgraph-paper/datasets/graphsdb/mcs70/m2D/m2Dr4/mcs70_m2Dr4_s60.A05 fileNameGt=../../cp2016-max-common-connected-subgraph-paper/datasets/graphsdb/mcs70/m2D/m2Dr4/mcs70_m2Dr4_s60.B05
Reading graphs...
60 :  125
60 :  125
Initializing...
maxdom : 7
D->valSize : 269
Solving...
Blb : 2 (clique : 24)
currentSize : 24 <-- 0.003203 s
currentSize : 25 <-- 0.015588 s
currentSize : 26 <-- 0.113482 s
currentSize : 27 <-- 0.187083 s
currentSize : 28 <-- 0.187176 s
currentSize : 30 <-- 0.648916 s
currentSize : 31 <-- 0.649090 s
currentSize : 32 <-- 1.396399 s
currentSize : 34 <-- 1.396482 s
currentSize : 35 <-- 1.396904 s
currentSize : 36 <-- 5.165827 s

maxsize : 36
nodes : 2529975.000000
filtered : 12343823.000000
time : 10.582490
