Parameters: GAD=1 vflib=1 dir=0 label=0 vlabel=1 lowerbound=1 fileNameGp=../../cp2016-max-common-connected-subgraph-paper/datasets/graphsdb/mcs70/bvg/b03m/mcs70_b03m_s90.A03 fileNameGt=../../cp2016-max-common-connected-subgraph-paper/datasets/graphsdb/mcs70/bvg/b03m/mcs70_b03m_s90.B03
Reading graphs...
90 :  135
90 :  135
Initializing...
maxdom : 8
D->valSize : 548
Solving...
Blb : 2 (clique : 49)
currentSize : 49 <-- 0.006804 s
currentSize : 50 <-- 0.007248 s
currentSize : 51 <-- 0.007397 s
currentSize : 52 <-- 0.008263 s
currentSize : 53 <-- 0.794430 s
currentSize : 54 <-- 0.797708 s
currentSize : 55 <-- 2.335866 s
currentSize : 56 <-- 2.335959 s
currentSize : 57 <-- 2.336242 s
currentSize : 58 <-- 2.336371 s

TIMEOUT
maxsize : 58
nodes : 188065905.000000
filtered : 982017581.000000
time : 1000.000122
