Parameters: GAD=1 vflib=1 dir=0 label=0 vlabel=1 lowerbound=1 fileNameGp=../../cp2016-max-common-connected-subgraph-paper/datasets/graphsdb/mcs70/bvg/b06/mcs70_b06_s80.A03 fileNameGt=../../cp2016-max-common-connected-subgraph-paper/datasets/graphsdb/mcs70/bvg/b06/mcs70_b06_s80.B03
Reading graphs...
80 :  240
80 :  240
Initializing...
maxdom : 9
D->valSize : 484
Solving...
Blb : 2 (clique : 35)
currentSize : 35 <-- 0.008496 s
currentSize : 37 <-- 0.008921 s
currentSize : 38 <-- 0.009278 s
currentSize : 39 <-- 0.062521 s
currentSize : 40 <-- 0.062648 s
currentSize : 43 <-- 0.062789 s
currentSize : 44 <-- 0.063012 s
currentSize : 45 <-- 0.063279 s
currentSize : 46 <-- 0.063544 s
currentSize : 48 <-- 0.085195 s
currentSize : 54 <-- 0.357654 s
currentSize : 56 <-- 0.372324 s

maxsize : 56
nodes : 897319.000000
filtered : 8296630.000000
time : 5.541250
