Parameters: GAD=1 vflib=1 dir=0 label=0 vlabel=1 lowerbound=1 fileNameGp=../../cp2016-max-common-connected-subgraph-paper/datasets/graphsdb/mcs70/m2D/m2D/mcs70_m2D_s100.A05 fileNameGt=../../cp2016-max-common-connected-subgraph-paper/datasets/graphsdb/mcs70/m2D/m2D/mcs70_m2D_s100.B05
Reading graphs...
100 :  180
100 :  179
Initializing...
maxdom : 7
D->valSize : 345
Solving...
Blb : 2 (clique : 40)
currentSize : 40 <-- 0.003597 s
currentSize : 42 <-- 1.109110 s
currentSize : 43 <-- 8.845298 s
currentSize : 44 <-- 9.059974 s
currentSize : 45 <-- 27.670059 s
currentSize : 46 <-- 27.701580 s
currentSize : 47 <-- 27.802872 s
currentSize : 48 <-- 65.361244 s
currentSize : 49 <-- 71.786011 s
currentSize : 50 <-- 71.834259 s
currentSize : 51 <-- 71.834610 s
currentSize : 52 <-- 126.957664 s
currentSize : 53 <-- 320.660675 s
currentSize : 54 <-- 322.798553 s
currentSize : 56 <-- 491.974609 s
currentSize : 58 <-- 719.174805 s
currentSize : 59 <-- 719.174988 s
currentSize : 60 <-- 791.081787 s
currentSize : 61 <-- 791.082031 s
currentSize : 62 <-- 868.255676 s
currentSize : 63 <-- 938.162048 s
currentSize : 64 <-- 938.162354 s

maxsize : 64
nodes : 196702817.000000
filtered : 656122018.000000
time : 985.269836
