Parameters: GAD=1 vflib=1 dir=0 label=0 vlabel=1 lowerbound=1 fileNameGp=../../cp2016-max-common-connected-subgraph-paper/datasets/graphsdb/mcs70/rand/r02/mcs70_r02_s40.A02 fileNameGt=../../cp2016-max-common-connected-subgraph-paper/datasets/graphsdb/mcs70/rand/r02/mcs70_r02_s40.B02
Reading graphs...
40 :  286
40 :  277
Initializing...
maxdom : 8
D->valSize : 210
Solving...
Blb : 2 (clique : 9)
currentSize : 9 <-- 0.001216 s
currentSize : 10 <-- 0.001314 s
currentSize : 11 <-- 0.003825 s
currentSize : 12 <-- 0.011308 s
currentSize : 13 <-- 0.011391 s
currentSize : 14 <-- 0.016364 s
currentSize : 16 <-- 0.027154 s
currentSize : 19 <-- 0.047302 s
currentSize : 28 <-- 0.054580 s

maxsize : 28
nodes : 11202.000000
filtered : 96329.000000
time : 0.055087
