Parameters: GAD=1 vflib=1 dir=0 label=0 vlabel=1 lowerbound=1 fileNameGp=../../cp2016-max-common-connected-subgraph-paper/datasets/graphsdb/mcs70/m3D/m3D/mcs70_m3D_s90.A02 fileNameGt=../../cp2016-max-common-connected-subgraph-paper/datasets/graphsdb/mcs70/m3D/m3D/mcs70_m3D_s90.B02
Reading graphs...
90 :  209
90 :  209
Initializing...
maxdom : 11
D->valSize : 549
Solving...
Blb : 2 (clique : 34)
currentSize : 34 <-- 0.007593 s
currentSize : 35 <-- 0.019304 s
currentSize : 36 <-- 0.538493 s
currentSize : 37 <-- 1.133894 s
currentSize : 38 <-- 1.134807 s
currentSize : 39 <-- 1.302303 s
currentSize : 40 <-- 2.008474 s
currentSize : 41 <-- 2.008632 s
currentSize : 43 <-- 14.074346 s
currentSize : 44 <-- 21.419792 s
currentSize : 45 <-- 45.251652 s
currentSize : 46 <-- 45.254284 s
currentSize : 47 <-- 268.577209 s
currentSize : 48 <-- 369.899780 s
currentSize : 49 <-- 414.993042 s
currentSize : 50 <-- 741.783508 s
currentSize : 51 <-- 741.783875 s
currentSize : 52 <-- 779.767395 s
currentSize : 53 <-- 796.425842 s
currentSize : 55 <-- 888.917542 s
currentSize : 56 <-- 888.917786 s

TIMEOUT
maxsize : 56
nodes : 186782720.000000
filtered : 1090034207.000000
time : 1000.000061
