Parameters: GAD=1 vflib=1 dir=0 label=0 vlabel=1 lowerbound=1 fileNameGp=../../cp2016-max-common-connected-subgraph-paper/datasets/graphsdb/mcs70/m3D/m3Dr4/mcs70_m3Dr4_s100.A04 fileNameGt=../../cp2016-max-common-connected-subgraph-paper/datasets/graphsdb/mcs70/m3D/m3Dr4/mcs70_m3Dr4_s100.B04
Reading graphs...
100 :  274
100 :  271
Initializing...
maxdom : 6
D->valSize : 352
Solving...
Blb : 3 (clique : 53)
currentSize : 53 <-- 0.003691 s
currentSize : 54 <-- 24.162659 s
currentSize : 55 <-- 31.533819 s
currentSize : 56 <-- 74.107773 s
currentSize : 57 <-- 74.201920 s
currentSize : 58 <-- 384.551086 s
currentSize : 61 <-- 384.604126 s
currentSize : 64 <-- 393.073425 s

maxsize : 64
nodes : 171060557.000000
filtered : 683126602.000000
time : 901.141479
