Parameters: GAD=1 vflib=1 dir=0 label=0 vlabel=1 lowerbound=1 fileNameGp=../../cp2016-max-common-connected-subgraph-paper/datasets/graphsdb/mcs70/rand/r01/mcs70_r01_s90.A03 fileNameGt=../../cp2016-max-common-connected-subgraph-paper/datasets/graphsdb/mcs70/rand/r01/mcs70_r01_s90.B03
Reading graphs...
90 :  766
90 :  766
Initializing...
maxdom : 10
D->valSize : 526
Solving...
Blb : 2 (clique : 14)
currentSize : 14 <-- 0.005797 s
currentSize : 16 <-- 0.005963 s
currentSize : 17 <-- 0.008798 s
currentSize : 18 <-- 0.020210 s
currentSize : 19 <-- 0.024333 s
currentSize : 20 <-- 0.121407 s
currentSize : 21 <-- 0.138631 s
currentSize : 23 <-- 0.589515 s
currentSize : 24 <-- 0.589679 s
currentSize : 25 <-- 0.628258 s
currentSize : 28 <-- 0.628352 s
currentSize : 35 <-- 0.651606 s
currentSize : 39 <-- 0.853045 s
currentSize : 48 <-- 0.915136 s
currentSize : 63 <-- 0.980836 s

maxsize : 63
nodes : 157442.000000
filtered : 1405847.000000
time : 1.024436
