Parameters: GAD=1 vflib=1 dir=0 label=0 vlabel=1 lowerbound=1 fileNameGp=../../cp2016-max-common-connected-subgraph-paper/datasets/graphsdb/mcs70/bvg/b09m/mcs70_b09m_s50.A03 fileNameGt=../../cp2016-max-common-connected-subgraph-paper/datasets/graphsdb/mcs70/bvg/b09m/mcs70_b09m_s50.B03
Reading graphs...
50 :  219
50 :  221
Initializing...
maxdom : 17
D->valSize : 411
Solving...
Blb : 3 (clique : 18)
currentSize : 18 <-- 0.003141 s
currentSize : 20 <-- 0.628499 s
currentSize : 21 <-- 0.695852 s
currentSize : 23 <-- 0.806434 s
currentSize : 24 <-- 0.812681 s
currentSize : 25 <-- 0.890580 s
currentSize : 30 <-- 0.890657 s
currentSize : 32 <-- 0.890779 s
currentSize : 34 <-- 0.890917 s

maxsize : 34
nodes : 181298.000000
filtered : 1805950.000000
time : 0.924684
