Parameters: GAD=1 vflib=1 dir=0 label=0 vlabel=1 lowerbound=1 fileNameGp=../../cp2016-max-common-connected-subgraph-paper/datasets/graphsdb/mcs70/bvg/b06/mcs70_b06_s90.A05 fileNameGt=../../cp2016-max-common-connected-subgraph-paper/datasets/graphsdb/mcs70/bvg/b06/mcs70_b06_s90.B05
Reading graphs...
90 :  270
90 :  270
Initializing...
maxdom : 10
D->valSize : 579
Solving...
Blb : 2 (clique : 37)
currentSize : 37 <-- 0.011686 s
currentSize : 38 <-- 0.019974 s
currentSize : 46 <-- 0.026683 s
currentSize : 49 <-- 0.030286 s
currentSize : 55 <-- 0.081051 s
currentSize : 56 <-- 0.081090 s
currentSize : 62 <-- 0.269525 s
currentSize : 63 <-- 0.269726 s

maxsize : 63
nodes : 3907676.000000
filtered : 33708043.000000
time : 24.211056
