Parameters: GAD=1 vflib=1 dir=0 label=0 vlabel=1 lowerbound=1 fileNameGp=../../cp2016-max-common-connected-subgraph-paper/datasets/graphsdb/mcs70/bvg/b06/mcs70_b06_s100.A09 fileNameGt=../../cp2016-max-common-connected-subgraph-paper/datasets/graphsdb/mcs70/bvg/b06/mcs70_b06_s100.B09
Reading graphs...
100 :  300
100 :  299
Initializing...
maxdom : 7
D->valSize : 391
Solving...
Blb : 2 (clique : 52)
currentSize : 52 <-- 0.007112 s
currentSize : 53 <-- 0.007857 s
currentSize : 54 <-- 0.010066 s
currentSize : 55 <-- 0.010348 s
currentSize : 56 <-- 0.017113 s
currentSize : 57 <-- 0.070971 s
currentSize : 58 <-- 0.077102 s
currentSize : 60 <-- 0.077244 s
currentSize : 62 <-- 0.082363 s
currentSize : 63 <-- 0.106650 s
currentSize : 65 <-- 0.107899 s
currentSize : 67 <-- 0.113920 s
currentSize : 70 <-- 0.132046 s

maxsize : 70
nodes : 5386888.000000
filtered : 30921294.000000
time : 31.602152
