Parameters: GAD=1 vflib=1 dir=0 label=0 vlabel=1 lowerbound=1 fileNameGp=../../cp2016-max-common-connected-subgraph-paper/datasets/graphsdb/mcs70/m2D/m2Dr2/mcs70_m2Dr2_s60.A00 fileNameGt=../../cp2016-max-common-connected-subgraph-paper/datasets/graphsdb/mcs70/m2D/m2Dr2/mcs70_m2Dr2_s60.B00
Reading graphs...
60 :  116
60 :  116
Initializing...
maxdom : 7
D->valSize : 267
Solving...
Blb : 2 (clique : 30)
currentSize : 30 <-- 0.003115 s
currentSize : 31 <-- 15.148528 s
currentSize : 32 <-- 15.155596 s
currentSize : 33 <-- 18.004679 s
currentSize : 34 <-- 18.005396 s
currentSize : 35 <-- 25.017653 s
currentSize : 36 <-- 27.226845 s
currentSize : 37 <-- 28.760838 s
currentSize : 38 <-- 31.649187 s

maxsize : 38
nodes : 8111174.000000
filtered : 41528630.000000
time : 33.556526
