Parameters: GAD=1 vflib=1 dir=0 label=0 vlabel=1 lowerbound=1 fileNameGp=../../cp2016-max-common-connected-subgraph-paper/datasets/graphsdb/mcs70/bvg/b06/mcs70_b06_s70.A02 fileNameGt=../../cp2016-max-common-connected-subgraph-paper/datasets/graphsdb/mcs70/bvg/b06/mcs70_b06_s70.B02
Reading graphs...
70 :  209
70 :  209
Initializing...
maxdom : 7
D->valSize : 336
Solving...
Blb : 3 (clique : 28)
currentSize : 28 <-- 0.004540 s
currentSize : 32 <-- 0.008143 s
currentSize : 33 <-- 0.038165 s
currentSize : 34 <-- 0.143502 s
currentSize : 35 <-- 0.447244 s
currentSize : 37 <-- 1.330844 s
currentSize : 38 <-- 1.640925 s
currentSize : 39 <-- 1.662700 s
currentSize : 40 <-- 2.743028 s
currentSize : 41 <-- 2.743122 s
currentSize : 45 <-- 2.755498 s
currentSize : 49 <-- 4.361578 s

maxsize : 49
nodes : 962650.000000
filtered : 5628593.000000
time : 4.766151
