Parameters: GAD=1 vflib=1 dir=0 label=0 vlabel=1 lowerbound=1 fileNameGp=../../cp2016-max-common-connected-subgraph-paper/datasets/graphsdb/mcs70/rand/r01/mcs70_r01_s70.A06 fileNameGt=../../cp2016-max-common-connected-subgraph-paper/datasets/graphsdb/mcs70/rand/r01/mcs70_r01_s70.B06
Reading graphs...
70 :  460
70 :  465
Initializing...
maxdom : 8
D->valSize : 375
Solving...
Blb : 2 (clique : 22)
currentSize : 22 <-- 0.003100 s
currentSize : 24 <-- 0.008867 s
currentSize : 27 <-- 0.008981 s
currentSize : 29 <-- 0.009031 s
currentSize : 30 <-- 0.032300 s
currentSize : 31 <-- 0.045720 s
currentSize : 34 <-- 0.046808 s
currentSize : 35 <-- 0.049714 s
currentSize : 36 <-- 0.059886 s
currentSize : 39 <-- 0.060079 s
currentSize : 40 <-- 0.120549 s
currentSize : 49 <-- 0.121627 s

maxsize : 49
nodes : 20513.000000
filtered : 297217.000000
time : 0.134877
