Parameters: GAD=1 vflib=1 dir=0 label=0 vlabel=1 lowerbound=1 fileNameGp=../../cp2016-max-common-connected-subgraph-paper/datasets/graphsdb/mcs70/bvg/b03m/mcs70_b03m_s70.A01 fileNameGt=../../cp2016-max-common-connected-subgraph-paper/datasets/graphsdb/mcs70/bvg/b03m/mcs70_b03m_s70.B01
Reading graphs...
70 :  104
70 :  104
Initializing...
maxdom : 8
D->valSize : 338
Solving...
Blb : 2 (clique : 31)
currentSize : 31 <-- 0.005016 s
currentSize : 36 <-- 0.005337 s
currentSize : 37 <-- 0.005609 s
currentSize : 38 <-- 1.196566 s
currentSize : 39 <-- 3.588874 s
currentSize : 41 <-- 3.602007 s
currentSize : 42 <-- 7.331581 s
currentSize : 43 <-- 11.425676 s
currentSize : 44 <-- 23.227768 s
currentSize : 45 <-- 43.604027 s
currentSize : 46 <-- 45.819225 s
currentSize : 47 <-- 53.752998 s
currentSize : 48 <-- 65.278114 s

maxsize : 48
nodes : 15668938.000000
filtered : 84789509.000000
time : 73.013901
