Parameters: GAD=1 vflib=1 dir=0 label=0 vlabel=1 lowerbound=1 fileNameGp=../../cp2016-max-common-connected-subgraph-paper/datasets/graphsdb/mcs70/m2D/m2Dr4/mcs70_m2Dr4_s70.A09 fileNameGt=../../cp2016-max-common-connected-subgraph-paper/datasets/graphsdb/mcs70/m2D/m2Dr4/mcs70_m2Dr4_s70.B09
Reading graphs...
70 :  150
70 :  149
Initializing...
maxdom : 7
D->valSize : 327
Solving...
Blb : 2 (clique : 35)
currentSize : 35 <-- 0.004560 s
currentSize : 36 <-- 0.004951 s
currentSize : 39 <-- 0.005026 s
currentSize : 42 <-- 0.006948 s
currentSize : 44 <-- 0.029350 s
currentSize : 46 <-- 0.580765 s
currentSize : 47 <-- 0.618523 s
currentSize : 49 <-- 0.618911 s

maxsize : 49
nodes : 4697448.000000
filtered : 19542728.000000
time : 20.676291
