Parameters: GAD=1 vflib=1 dir=0 label=0 vlabel=1 lowerbound=1 fileNameGp=../../cp2016-max-common-connected-subgraph-paper/datasets/graphsdb/mcs70/bvg/b09m/mcs70_b09m_s90.A06 fileNameGt=../../cp2016-max-common-connected-subgraph-paper/datasets/graphsdb/mcs70/bvg/b09m/mcs70_b09m_s90.B06
Reading graphs...
90 :  400
90 :  397
Initializing...
maxdom : 10
D->valSize : 558
Solving...
Blb : 3 (clique : 34)
currentSize : 34 <-- 0.006481 s
currentSize : 36 <-- 117.060516 s
currentSize : 38 <-- 239.528641 s
currentSize : 39 <-- 239.534348 s
currentSize : 41 <-- 239.555679 s
currentSize : 43 <-- 239.556580 s
currentSize : 44 <-- 240.478333 s
currentSize : 46 <-- 240.478470 s
currentSize : 47 <-- 293.173553 s
currentSize : 49 <-- 293.173737 s
currentSize : 50 <-- 321.660126 s
currentSize : 51 <-- 321.660522 s
currentSize : 59 <-- 321.969269 s
currentSize : 62 <-- 321.969482 s

maxsize : 62
nodes : 56201199.000000
filtered : 421675104.000000
time : 332.930237
