Parameters: GAD=1 vflib=1 dir=0 label=0 vlabel=1 lowerbound=1 fileNameGp=../../cp2016-max-common-connected-subgraph-paper/datasets/graphsdb/mcs70/rand/r005/mcs70_r005_s90.A02 fileNameGt=../../cp2016-max-common-connected-subgraph-paper/datasets/graphsdb/mcs70/rand/r005/mcs70_r005_s90.B02
Reading graphs...
90 :  387
90 :  385
Initializing...
maxdom : 9
D->valSize : 549
Solving...
Blb : 2 (clique : 43)
currentSize : 43 <-- 0.006562 s
currentSize : 45 <-- 0.006881 s
currentSize : 51 <-- 0.007186 s
currentSize : 54 <-- 0.007657 s
currentSize : 57 <-- 0.072390 s
currentSize : 58 <-- 0.081187 s
currentSize : 63 <-- 0.081504 s

maxsize : 63
nodes : 68202.000000
filtered : 1047623.000000
time : 0.537059
