Parameters: GAD=1 vflib=1 dir=0 label=0 vlabel=1 lowerbound=1 fileNameGp=../../cp2016-max-common-connected-subgraph-paper/datasets/graphsdb/mcs70/rand/r01/mcs70_r01_s50.A01 fileNameGt=../../cp2016-max-common-connected-subgraph-paper/datasets/graphsdb/mcs70/rand/r01/mcs70_r01_s50.B01
Reading graphs...
50 :  232
50 :  235
Initializing...
maxdom : 9
D->valSize : 336
Solving...
Blb : 2 (clique : 18)
currentSize : 18 <-- 0.002510 s
currentSize : 19 <-- 0.174928 s
currentSize : 20 <-- 0.180928 s
currentSize : 21 <-- 0.353161 s
currentSize : 22 <-- 0.427813 s
currentSize : 24 <-- 0.428102 s
currentSize : 29 <-- 0.631816 s
currentSize : 35 <-- 0.639291 s

maxsize : 35
nodes : 103801.000000
filtered : 1116371.000000
time : 0.656565
