Parameters: GAD=1 vflib=1 dir=0 label=0 vlabel=1 lowerbound=1 fileNameGp=../../cp2016-max-common-connected-subgraph-paper/datasets/graphsdb/mcs70/rand/r001/mcs70_r001_s100.A01 fileNameGt=../../cp2016-max-common-connected-subgraph-paper/datasets/graphsdb/mcs70/rand/r001/mcs70_r001_s100.B01
Reading graphs...
100 :  120
100 :  120
Initializing...
maxdom : 8
D->valSize : 401
Solving...
Blb : 2 (clique : 62)
currentSize : 62 <-- 0.004649 s
currentSize : 63 <-- 0.005261 s
currentSize : 64 <-- 0.005638 s
currentSize : 65 <-- 0.410241 s
currentSize : 66 <-- 0.412263 s
currentSize : 67 <-- 89.693604 s
currentSize : 68 <-- 89.714050 s
currentSize : 69 <-- 89.714546 s

TIMEOUT
maxsize : 69
nodes : 192660146.000000
filtered : 679294530.000000
time : 1000.000122
