Parameters: GAD=1 vflib=1 dir=0 label=0 vlabel=1 lowerbound=1 fileNameGp=../../cp2016-max-common-connected-subgraph-paper/datasets/graphsdb/mcs70/m2D/m2Dr2/mcs70_m2Dr2_s50.A01 fileNameGt=../../cp2016-max-common-connected-subgraph-paper/datasets/graphsdb/mcs70/m2D/m2Dr2/mcs70_m2Dr2_s50.B01
Reading graphs...
50 :  94
50 :  94
Initializing...
maxdom : 13
D->valSize : 388
Solving...
Blb : 2 (clique : 21)
currentSize : 21 <-- 0.003048 s
currentSize : 22 <-- 0.003371 s
currentSize : 23 <-- 0.004102 s
currentSize : 24 <-- 0.071624 s
currentSize : 25 <-- 0.991028 s
currentSize : 26 <-- 2.600076 s
currentSize : 27 <-- 4.195946 s
currentSize : 28 <-- 5.840102 s
currentSize : 29 <-- 5.840184 s
currentSize : 30 <-- 6.987466 s
currentSize : 32 <-- 7.742299 s
currentSize : 33 <-- 8.067887 s
currentSize : 35 <-- 8.591126 s
currentSize : 36 <-- 8.591213 s

maxsize : 36
nodes : 1937400.000000
filtered : 18416728.000000
time : 8.997909
