Parameters: GAD=1 vflib=1 dir=0 label=0 vlabel=1 lowerbound=1 fileNameGp=../../cp2016-max-common-connected-subgraph-paper/datasets/graphsdb/mcs70/m2D/m2Dr6/mcs70_m2Dr6_s90.A04 fileNameGt=../../cp2016-max-common-connected-subgraph-paper/datasets/graphsdb/mcs70/m2D/m2Dr6/mcs70_m2Dr6_s90.B04
Reading graphs...
90 :  214
90 :  214
Initializing...
maxdom : 11
D->valSize : 581
Solving...
Blb : 2 (clique : 56)
currentSize : 56 <-- 0.007224 s
currentSize : 58 <-- 0.007806 s
currentSize : 59 <-- 0.008306 s
currentSize : 60 <-- 0.008691 s
currentSize : 61 <-- 0.008844 s
currentSize : 62 <-- 21.811300 s
currentSize : 63 <-- 21.861320 s
currentSize : 64 <-- 21.861565 s

maxsize : 64
nodes : 137033747.000000
filtered : 552705684.000000
time : 632.333679
