Parameters: GAD=1 vflib=1 dir=0 label=0 vlabel=1 lowerbound=1 fileNameGp=../../cp2016-max-common-connected-subgraph-paper/datasets/graphsdb/mcs70/m3D/m3Dr6/mcs70_m3Dr6_s100.A02 fileNameGt=../../cp2016-max-common-connected-subgraph-paper/datasets/graphsdb/mcs70/m3D/m3Dr6/mcs70_m3Dr6_s100.B02
Reading graphs...
100 :  292
100 :  291
Initializing...
maxdom : 6
D->valSize : 355
Solving...
Blb : 2 (clique : 41)
currentSize : 41 <-- 0.004694 s
currentSize : 43 <-- 0.004970 s
currentSize : 44 <-- 0.006336 s
currentSize : 45 <-- 0.029324 s
currentSize : 46 <-- 0.315085 s
currentSize : 47 <-- 0.389496 s
currentSize : 48 <-- 44.237492 s
currentSize : 49 <-- 248.651398 s
currentSize : 51 <-- 249.493118 s
currentSize : 52 <-- 249.505005 s
currentSize : 53 <-- 250.287323 s
currentSize : 54 <-- 250.287567 s
currentSize : 56 <-- 250.301620 s
currentSize : 57 <-- 250.473755 s
currentSize : 58 <-- 280.909119 s
currentSize : 59 <-- 280.909454 s
currentSize : 60 <-- 490.542633 s
currentSize : 63 <-- 490.548401 s
currentSize : 64 <-- 491.411346 s

maxsize : 64
nodes : 168167048.000000
filtered : 597024128.000000
time : 881.554810
