Parameters: GAD=1 vflib=1 dir=0 label=0 vlabel=1 lowerbound=1 fileNameGp=../../cp2016-max-common-connected-subgraph-paper/datasets/graphsdb/mcs70/bvg/b03m/mcs70_b03m_s90.A06 fileNameGt=../../cp2016-max-common-connected-subgraph-paper/datasets/graphsdb/mcs70/bvg/b03m/mcs70_b03m_s90.B06
Reading graphs...
90 :  135
90 :  135
Initializing...
maxdom : 11
D->valSize : 585
Solving...
Blb : 2 (clique : 56)
currentSize : 56 <-- 0.008004 s
currentSize : 57 <-- 0.012266 s
currentSize : 58 <-- 0.012516 s
currentSize : 59 <-- 161.697113 s
currentSize : 60 <-- 300.408020 s
currentSize : 61 <-- 884.379089 s
currentSize : 62 <-- 884.393738 s

TIMEOUT
maxsize : 62
nodes : 195359098.000000
filtered : 963353624.000000
time : 1000.000122
