Parameters: GAD=1 vflib=1 dir=0 label=0 vlabel=1 lowerbound=1 fileNameGp=../../cp2016-max-common-connected-subgraph-paper/datasets/graphsdb/mcs70/m2D/m2D/mcs70_m2D_s100.A08 fileNameGt=../../cp2016-max-common-connected-subgraph-paper/datasets/graphsdb/mcs70/m2D/m2D/mcs70_m2D_s100.B08
Reading graphs...
100 :  179
100 :  180
Initializing...
maxdom : 8
D->valSize : 360
Solving...
Blb : 5 (clique : 42)
currentSize : 42 <-- 0.003898 s
currentSize : 43 <-- 0.004280 s
currentSize : 44 <-- 0.004551 s
currentSize : 47 <-- 0.005595 s
currentSize : 49 <-- 0.029318 s
currentSize : 50 <-- 0.040881 s
currentSize : 52 <-- 4.701442 s
currentSize : 53 <-- 4.703103 s
currentSize : 54 <-- 6.763666 s
currentSize : 57 <-- 7.816355 s
currentSize : 58 <-- 7.816836 s
currentSize : 59 <-- 12.382387 s
currentSize : 61 <-- 38.483715 s
currentSize : 62 <-- 38.490131 s
currentSize : 63 <-- 44.729321 s
currentSize : 64 <-- 44.734528 s

maxsize : 64
nodes : 37085437.000000
filtered : 133777167.000000
time : 201.481033
