Parameters: GAD=1 vflib=1 dir=0 label=0 vlabel=1 lowerbound=1 fileNameGp=../../cp2016-max-common-connected-subgraph-paper/datasets/graphsdb/mcs70/m3D/m3D/mcs70_m3D_s90.A05 fileNameGt=../../cp2016-max-common-connected-subgraph-paper/datasets/graphsdb/mcs70/m3D/m3D/mcs70_m3D_s90.B05
Reading graphs...
90 :  209
90 :  208
Initializing...
maxdom : 10
D->valSize : 583
Solving...
Blb : 2 (clique : 43)
currentSize : 43 <-- 0.012268 s
currentSize : 44 <-- 0.991490 s
currentSize : 45 <-- 1.813268 s
currentSize : 46 <-- 1.824378 s
currentSize : 47 <-- 1.825065 s
currentSize : 48 <-- 2.250478 s
currentSize : 49 <-- 2.997539 s
currentSize : 50 <-- 3.006709 s
currentSize : 51 <-- 9.366830 s
currentSize : 52 <-- 59.146694 s
currentSize : 54 <-- 103.840881 s
currentSize : 55 <-- 429.110199 s
currentSize : 56 <-- 499.567139 s
currentSize : 58 <-- 543.506714 s
currentSize : 60 <-- 572.083496 s
currentSize : 61 <-- 572.083862 s
currentSize : 62 <-- 871.752258 s

TIMEOUT
maxsize : 62
nodes : 208047196.000000
filtered : 930739110.000000
time : 1000.000122
