Parameters: GAD=1 vflib=1 dir=0 label=0 vlabel=1 lowerbound=1 fileNameGp=../../cp2016-max-common-connected-subgraph-paper/datasets/graphsdb/mcs70/bvg/b03/mcs70_b03_s80.A03 fileNameGt=../../cp2016-max-common-connected-subgraph-paper/datasets/graphsdb/mcs70/bvg/b03/mcs70_b03_s80.B03
Reading graphs...
80 :  120
80 :  120
Initializing...
maxdom : 9
D->valSize : 461
Solving...
Blb : 2 (clique : 48)
currentSize : 48 <-- 0.005120 s
currentSize : 49 <-- 0.005457 s
currentSize : 50 <-- 0.006079 s
currentSize : 54 <-- 0.012478 s
currentSize : 55 <-- 34.559872 s
currentSize : 56 <-- 34.560024 s

maxsize : 56
nodes : 57051767.000000
filtered : 351690734.000000
time : 317.655975
