Parameters: GAD=1 vflib=1 dir=0 label=0 vlabel=1 lowerbound=1 fileNameGp=../../cp2016-max-common-connected-subgraph-paper/datasets/graphsdb/mcs70/m2D/m2D/mcs70_m2D_s90.A06 fileNameGt=../../cp2016-max-common-connected-subgraph-paper/datasets/graphsdb/mcs70/m2D/m2D/mcs70_m2D_s90.B06
Reading graphs...
90 :  160
90 :  161
Initializing...
maxdom : 9
D->valSize : 539
Solving...
Blb : 2 (clique : 46)
currentSize : 46 <-- 0.010947 s
currentSize : 47 <-- 0.698807 s
currentSize : 48 <-- 42.192215 s
currentSize : 49 <-- 42.195393 s
currentSize : 50 <-- 67.886299 s
currentSize : 51 <-- 87.873360 s
currentSize : 52 <-- 87.873985 s
currentSize : 53 <-- 144.839767 s
currentSize : 54 <-- 209.565247 s
currentSize : 55 <-- 290.844788 s
currentSize : 56 <-- 290.854462 s
currentSize : 58 <-- 843.928162 s

TIMEOUT
maxsize : 58
nodes : 195156405.000000
filtered : 950005788.000000
time : 1000.000061
