Parameters: GAD=1 vflib=1 dir=0 label=0 vlabel=1 lowerbound=1 fileNameGp=../../cp2016-max-common-connected-subgraph-paper/datasets/graphsdb/mcs70/bvg/b03/mcs70_b03_s60.A03 fileNameGt=../../cp2016-max-common-connected-subgraph-paper/datasets/graphsdb/mcs70/bvg/b03/mcs70_b03_s60.B03
Reading graphs...
60 :  90
60 :  90
Initializing...
maxdom : 8
D->valSize : 294
Solving...
Blb : 2 (clique : 27)
currentSize : 27 <-- 0.002289 s
currentSize : 28 <-- 0.020691 s
currentSize : 30 <-- 0.200820 s
currentSize : 31 <-- 0.202109 s
currentSize : 32 <-- 0.281120 s
currentSize : 34 <-- 0.314734 s
currentSize : 35 <-- 0.670250 s
currentSize : 36 <-- 0.670385 s
currentSize : 38 <-- 0.693220 s
currentSize : 39 <-- 0.837236 s
currentSize : 40 <-- 0.837392 s
currentSize : 44 <-- 1.723709 s

maxsize : 44
nodes : 494571.000000
filtered : 2326749.000000
time : 2.095025
