Parameters: GAD=1 vflib=1 dir=0 label=0 vlabel=1 lowerbound=1 fileNameGp=../../cp2016-max-common-connected-subgraph-paper/datasets/graphsdb/mcs70/bvg/b03/mcs70_b03_s80.A01 fileNameGt=../../cp2016-max-common-connected-subgraph-paper/datasets/graphsdb/mcs70/bvg/b03/mcs70_b03_s80.B01
Reading graphs...
80 :  120
80 :  120
Initializing...
maxdom : 9
D->valSize : 447
Solving...
Blb : 2 (clique : 51)
currentSize : 51 <-- 0.004785 s
currentSize : 52 <-- 0.005206 s
currentSize : 53 <-- 0.005354 s
currentSize : 54 <-- 0.005628 s
currentSize : 55 <-- 0.008477 s
currentSize : 56 <-- 0.010160 s
currentSize : 57 <-- 0.010325 s
currentSize : 58 <-- 0.016961 s

maxsize : 58
nodes : 24816807.000000
filtered : 132083105.000000
time : 124.713959
