Parameters: GAD=1 vflib=1 dir=0 label=0 vlabel=1 lowerbound=1 fileNameGp=../../cp2016-max-common-connected-subgraph-paper/datasets/graphsdb/mcs70/m3D/m3Dr6/mcs70_m3Dr6_s40.A03 fileNameGt=../../cp2016-max-common-connected-subgraph-paper/datasets/graphsdb/mcs70/m3D/m3Dr6/mcs70_m3Dr6_s40.B03
Reading graphs...
40 :  106
40 :  101
Initializing...
maxdom : 8
D->valSize : 214
Solving...
Blb : 2 (clique : 13)
currentSize : 13 <-- 0.001229 s
currentSize : 14 <-- 0.001295 s
currentSize : 15 <-- 0.001465 s
currentSize : 16 <-- 0.001668 s
currentSize : 17 <-- 0.021307 s
currentSize : 18 <-- 0.071873 s
currentSize : 19 <-- 0.072189 s
currentSize : 20 <-- 0.242076 s
currentSize : 21 <-- 0.289816 s
currentSize : 22 <-- 0.289882 s
currentSize : 24 <-- 0.302483 s
currentSize : 26 <-- 0.313017 s
currentSize : 27 <-- 0.326685 s

maxsize : 27
nodes : 89694.000000
filtered : 626398.000000
time : 0.341707
