Parameters: GAD=1 vflib=1 dir=0 label=0 vlabel=1 lowerbound=1 fileNameGp=../../cp2016-max-common-connected-subgraph-paper/datasets/graphsdb/mcs70/bvg/b06/mcs70_b06_s50.A03 fileNameGt=../../cp2016-max-common-connected-subgraph-paper/datasets/graphsdb/mcs70/bvg/b06/mcs70_b06_s50.B03
Reading graphs...
50 :  150
50 :  149
Initializing...
maxdom : 9
D->valSize : 335
Solving...
Blb : 2 (clique : 19)
currentSize : 19 <-- 0.002354 s
currentSize : 20 <-- 0.004179 s
currentSize : 21 <-- 0.013903 s
currentSize : 22 <-- 0.050888 s
currentSize : 23 <-- 1.394743 s
currentSize : 24 <-- 4.843520 s
currentSize : 25 <-- 4.984679 s
currentSize : 33 <-- 6.217477 s
currentSize : 35 <-- 6.217824 s

maxsize : 35
nodes : 1319878.000000
filtered : 12516686.000000
time : 6.356252
