Parameters: GAD=1 vflib=1 dir=0 label=0 vlabel=1 lowerbound=1 fileNameGp=../../cp2016-max-common-connected-subgraph-paper/datasets/graphsdb/mcs70/bvg/b09/mcs70_b09_s60.A08 fileNameGt=../../cp2016-max-common-connected-subgraph-paper/datasets/graphsdb/mcs70/bvg/b09/mcs70_b09_s60.B08
Reading graphs...
60 :  267
60 :  269
Initializing...
maxdom : 6
D->valSize : 250
Solving...
Blb : 3 (clique : 17)
currentSize : 17 <-- 0.002727 s
currentSize : 18 <-- 0.022468 s
currentSize : 19 <-- 0.036432 s
currentSize : 20 <-- 0.121717 s
currentSize : 22 <-- 0.121832 s
currentSize : 23 <-- 0.121947 s
currentSize : 24 <-- 0.128114 s
currentSize : 25 <-- 0.128348 s
currentSize : 26 <-- 0.131843 s
currentSize : 30 <-- 0.194716 s
currentSize : 31 <-- 0.256915 s
currentSize : 32 <-- 0.276271 s
currentSize : 33 <-- 0.314965 s
currentSize : 34 <-- 0.315549 s
currentSize : 36 <-- 0.315645 s
currentSize : 39 <-- 0.315899 s
currentSize : 42 <-- 0.315998 s

maxsize : 42
nodes : 66392.000000
filtered : 322479.000000
time : 0.332603
