Parameters: GAD=1 vflib=1 dir=0 label=0 vlabel=1 lowerbound=1 fileNameGp=../../cp2016-max-common-connected-subgraph-paper/datasets/graphsdb/mcs70/rand/r005/mcs70_r005_s60.A09 fileNameGt=../../cp2016-max-common-connected-subgraph-paper/datasets/graphsdb/mcs70/rand/r005/mcs70_r005_s60.B09
Reading graphs...
60 :  169
60 :  171
Initializing...
maxdom : 7
D->valSize : 259
Solving...
Blb : 2 (clique : 22)
currentSize : 22 <-- 0.001850 s
currentSize : 23 <-- 0.002073 s
currentSize : 24 <-- 0.006509 s
currentSize : 25 <-- 0.008200 s
currentSize : 26 <-- 0.081998 s
currentSize : 28 <-- 0.144503 s
currentSize : 30 <-- 0.155208 s
currentSize : 31 <-- 0.250276 s
currentSize : 34 <-- 0.265403 s
currentSize : 36 <-- 0.395816 s
currentSize : 37 <-- 0.425327 s
currentSize : 39 <-- 0.425459 s
currentSize : 42 <-- 0.425541 s

maxsize : 42
nodes : 104704.000000
filtered : 620275.000000
time : 0.468680
