Parameters: GAD=1 vflib=1 dir=0 label=0 vlabel=1 lowerbound=1 fileNameGp=../../cp2016-max-common-connected-subgraph-paper/datasets/graphsdb/mcs70/m2D/m2Dr4/mcs70_m2Dr4_s90.A03 fileNameGt=../../cp2016-max-common-connected-subgraph-paper/datasets/graphsdb/mcs70/m2D/m2Dr4/mcs70_m2Dr4_s90.B03
Reading graphs...
90 :  195
90 :  192
Initializing...
maxdom : 11
D->valSize : 577
Solving...
Blb : 2 (clique : 54)
currentSize : 54 <-- 0.007292 s
currentSize : 55 <-- 0.015316 s
currentSize : 56 <-- 0.015429 s
currentSize : 57 <-- 0.062864 s
currentSize : 58 <-- 0.078743 s
currentSize : 59 <-- 0.078792 s
currentSize : 60 <-- 0.184153 s
currentSize : 61 <-- 0.192029 s
currentSize : 62 <-- 0.192084 s
currentSize : 63 <-- 134.906113 s
currentSize : 64 <-- 134.922318 s
currentSize : 65 <-- 134.922363 s

maxsize : 65
nodes : 47224032.000000
filtered : 261812549.000000
time : 248.862946
