Parameters: GAD=1 vflib=1 dir=0 label=0 vlabel=1 lowerbound=1 fileNameGp=../../cp2016-max-common-connected-subgraph-paper/datasets/graphsdb/mcs70/m2D/m2Dr4/mcs70_m2Dr4_s40.A00 fileNameGt=../../cp2016-max-common-connected-subgraph-paper/datasets/graphsdb/mcs70/m2D/m2Dr4/mcs70_m2Dr4_s40.B00
Reading graphs...
40 :  80
40 :  82
Initializing...
maxdom : 10
D->valSize : 239
Solving...
Blb : 2 (clique : 17)
currentSize : 17 <-- 0.002308 s
currentSize : 18 <-- 0.003679 s
currentSize : 19 <-- 0.047637 s
currentSize : 20 <-- 0.076505 s
currentSize : 21 <-- 0.076602 s
currentSize : 22 <-- 0.077668 s
currentSize : 23 <-- 0.391699 s
currentSize : 24 <-- 0.394018 s
currentSize : 25 <-- 0.537887 s

maxsize : 25
nodes : 156884.000000
filtered : 1102704.000000
time : 0.748835
