Parameters: GAD=1 vflib=1 dir=0 label=0 vlabel=1 lowerbound=1 fileNameGp=../../cp2016-max-common-connected-subgraph-paper/datasets/graphsdb/mcs70/bvg/b03m/mcs70_b03m_s100.A00 fileNameGt=../../cp2016-max-common-connected-subgraph-paper/datasets/graphsdb/mcs70/bvg/b03m/mcs70_b03m_s100.B00
Reading graphs...
100 :  150
100 :  150
Initializing...
maxdom : 6
D->valSize : 348
Solving...
Blb : 3 (clique : 55)
currentSize : 55 <-- 0.003979 s
currentSize : 56 <-- 0.035888 s
currentSize : 57 <-- 38.090439 s
currentSize : 58 <-- 38.091087 s
currentSize : 59 <-- 38.092552 s
currentSize : 60 <-- 125.918816 s
currentSize : 61 <-- 125.923836 s
currentSize : 62 <-- 243.831390 s
currentSize : 63 <-- 243.836349 s
currentSize : 64 <-- 426.150269 s
currentSize : 66 <-- 435.192505 s
currentSize : 67 <-- 440.151154 s
currentSize : 70 <-- 489.024200 s
currentSize : 71 <-- 492.407227 s

maxsize : 71
nodes : 107239541.000000
filtered : 296111471.000000
time : 544.660034
