Parameters: GAD=1 vflib=1 dir=0 label=0 vlabel=1 lowerbound=1 fileNameGp=../../cp2016-max-common-connected-subgraph-paper/datasets/graphsdb/mcs70/m3D/m3D/mcs70_m3D_s100.A05 fileNameGt=../../cp2016-max-common-connected-subgraph-paper/datasets/graphsdb/mcs70/m3D/m3D/mcs70_m3D_s100.B05
Reading graphs...
100 :  234
100 :  234
Initializing...
maxdom : 8
D->valSize : 371
Solving...
Blb : 2 (clique : 47)
currentSize : 47 <-- 0.006552 s
currentSize : 48 <-- 0.007280 s
currentSize : 50 <-- 0.008150 s
currentSize : 51 <-- 0.008557 s
currentSize : 52 <-- 0.009689 s
currentSize : 53 <-- 0.010080 s
currentSize : 55 <-- 0.012824 s
currentSize : 56 <-- 0.013313 s
currentSize : 58 <-- 0.014468 s
currentSize : 59 <-- 0.014948 s
currentSize : 60 <-- 0.395658 s
currentSize : 61 <-- 0.395988 s
currentSize : 62 <-- 0.396428 s
currentSize : 63 <-- 3.486648 s
currentSize : 64 <-- 101.514954 s

maxsize : 64
nodes : 81908687.000000
filtered : 334225484.000000
time : 432.377014
