Parameters: GAD=1 vflib=1 dir=0 label=0 vlabel=1 lowerbound=1 fileNameGp=../../cp2016-max-common-connected-subgraph-paper/datasets/graphsdb/mcs70/bvg/b09m/mcs70_b09m_s70.A02 fileNameGt=../../cp2016-max-common-connected-subgraph-paper/datasets/graphsdb/mcs70/bvg/b09m/mcs70_b09m_s70.B02
Reading graphs...
70 :  308
70 :  311
Initializing...
maxdom : 8
D->valSize : 323
Solving...
Blb : 3 (clique : 22)
currentSize : 22 <-- 0.002526 s
currentSize : 23 <-- 0.110703 s
currentSize : 25 <-- 0.110768 s
currentSize : 26 <-- 0.299591 s
currentSize : 27 <-- 0.335299 s
currentSize : 28 <-- 0.435074 s
currentSize : 30 <-- 0.435154 s
currentSize : 31 <-- 0.475461 s
currentSize : 34 <-- 0.530169 s
currentSize : 36 <-- 0.530278 s
currentSize : 38 <-- 0.616604 s
currentSize : 39 <-- 0.705026 s
currentSize : 41 <-- 0.705134 s
currentSize : 44 <-- 0.931524 s
currentSize : 45 <-- 1.019473 s
currentSize : 46 <-- 1.459510 s
currentSize : 48 <-- 1.459668 s

maxsize : 48
nodes : 329913.000000
filtered : 2111441.000000
time : 1.618732
