Parameters: GAD=1 vflib=1 dir=0 label=0 vlabel=1 lowerbound=1 fileNameGp=../../cp2016-max-common-connected-subgraph-paper/datasets/graphsdb/mcs70/bvg/b03/mcs70_b03_s60.A08 fileNameGt=../../cp2016-max-common-connected-subgraph-paper/datasets/graphsdb/mcs70/bvg/b03/mcs70_b03_s60.B08
Reading graphs...
60 :  90
60 :  90
Initializing...
maxdom : 7
D->valSize : 256
Solving...
Blb : 2 (clique : 30)
currentSize : 30 <-- 0.001897 s
currentSize : 31 <-- 3.325671 s
currentSize : 32 <-- 4.115219 s
currentSize : 33 <-- 4.115753 s
currentSize : 34 <-- 4.497273 s
currentSize : 35 <-- 7.054287 s
currentSize : 36 <-- 7.415009 s
currentSize : 37 <-- 7.415258 s
currentSize : 38 <-- 9.130731 s
currentSize : 39 <-- 9.130895 s
currentSize : 40 <-- 9.148928 s
currentSize : 41 <-- 9.149154 s
currentSize : 42 <-- 9.311589 s

maxsize : 42
nodes : 2181783.000000
filtered : 11098887.000000
time : 9.392046
