Parameters: GAD=1 vflib=1 dir=0 label=0 vlabel=1 lowerbound=1 fileNameGp=../../cp2016-max-common-connected-subgraph-paper/datasets/graphsdb/mcs70/m2D/m2Dr6/mcs70_m2Dr6_s100.A07 fileNameGt=../../cp2016-max-common-connected-subgraph-paper/datasets/graphsdb/mcs70/m2D/m2Dr6/mcs70_m2Dr6_s100.B07
Reading graphs...
100 :  240
100 :  237
Initializing...
maxdom : 9
D->valSize : 397
Solving...
Blb : 2 (clique : 40)
currentSize : 40 <-- 0.004330 s
currentSize : 41 <-- 0.004764 s
currentSize : 43 <-- 0.007075 s
currentSize : 44 <-- 0.007229 s
currentSize : 45 <-- 0.009441 s
currentSize : 46 <-- 0.009586 s
currentSize : 48 <-- 0.012041 s
currentSize : 49 <-- 0.015152 s
currentSize : 50 <-- 0.426240 s
currentSize : 51 <-- 1.854376 s
currentSize : 52 <-- 3.425640 s
currentSize : 56 <-- 3.425884 s
currentSize : 57 <-- 3.651929 s
currentSize : 58 <-- 8.480339 s
currentSize : 60 <-- 8.480578 s
currentSize : 61 <-- 8.481021 s
currentSize : 63 <-- 9.078059 s
currentSize : 66 <-- 20.584480 s

maxsize : 66
nodes : 7456716.000000
filtered : 35936679.000000
time : 40.835011
