Parameters: GAD=1 vflib=1 dir=0 label=0 vlabel=1 lowerbound=1 fileNameGp=../../cp2016-max-common-connected-subgraph-paper/datasets/graphsdb/mcs70/m2D/m2Dr4/mcs70_m2Dr4_s90.A05 fileNameGt=../../cp2016-max-common-connected-subgraph-paper/datasets/graphsdb/mcs70/m2D/m2Dr4/mcs70_m2Dr4_s90.B05
Reading graphs...
90 :  196
90 :  196
Initializing...
maxdom : 11
D->valSize : 570
Solving...
Blb : 2 (clique : 42)
currentSize : 42 <-- 0.007041 s
currentSize : 43 <-- 0.007471 s
currentSize : 44 <-- 0.012878 s
currentSize : 45 <-- 0.013091 s
currentSize : 46 <-- 0.039637 s
currentSize : 47 <-- 0.045970 s
currentSize : 49 <-- 0.154416 s
currentSize : 50 <-- 0.400705 s
currentSize : 51 <-- 0.401017 s
currentSize : 53 <-- 2.832995 s
currentSize : 55 <-- 2.995451 s
currentSize : 56 <-- 70.118065 s
currentSize : 58 <-- 71.609261 s
currentSize : 60 <-- 71.775330 s
currentSize : 61 <-- 453.123810 s
currentSize : 62 <-- 453.321625 s
currentSize : 64 <-- 453.334442 s

TIMEOUT
maxsize : 64
nodes : 188030368.000000
filtered : 1050392210.000000
time : 1000.000122
