Parameters: GAD=1 vflib=1 dir=0 label=0 vlabel=1 lowerbound=1 fileNameGp=../../cp2016-max-common-connected-subgraph-paper/datasets/graphsdb/mcs70/m2D/m2Dr4/mcs70_m2Dr4_s100.A00 fileNameGt=../../cp2016-max-common-connected-subgraph-paper/datasets/graphsdb/mcs70/m2D/m2Dr4/mcs70_m2Dr4_s100.B00
Reading graphs...
100 :  220
100 :  219
Initializing...
maxdom : 8
D->valSize : 437
Solving...
Blb : 2 (clique : 49)
currentSize : 49 <-- 0.005174 s
currentSize : 52 <-- 0.005589 s
currentSize : 55 <-- 0.019447 s
currentSize : 56 <-- 0.653641 s
currentSize : 57 <-- 0.653878 s
currentSize : 58 <-- 13.149428 s
currentSize : 59 <-- 14.361401 s
currentSize : 60 <-- 14.403536 s
currentSize : 61 <-- 22.252289 s
currentSize : 62 <-- 25.962990 s
currentSize : 63 <-- 25.963451 s
currentSize : 64 <-- 27.010036 s
currentSize : 65 <-- 27.010536 s

maxsize : 65
nodes : 19831784.000000
filtered : 106767058.000000
time : 119.498047
