Parameters: GAD=1 vflib=1 dir=0 label=0 vlabel=1 lowerbound=1 fileNameGp=../../cp2016-max-common-connected-subgraph-paper/datasets/graphsdb/mcs70/bvg/b03m/mcs70_b03m_s70.A07 fileNameGt=../../cp2016-max-common-connected-subgraph-paper/datasets/graphsdb/mcs70/bvg/b03m/mcs70_b03m_s70.B07
Reading graphs...
70 :  104
70 :  104
Initializing...
maxdom : 10
D->valSize : 369
Solving...
Blb : 2 (clique : 41)
currentSize : 41 <-- 0.003541 s
currentSize : 42 <-- 0.003808 s
currentSize : 43 <-- 0.004135 s
currentSize : 44 <-- 0.018301 s
currentSize : 45 <-- 14.881879 s
currentSize : 46 <-- 44.675087 s
currentSize : 47 <-- 48.862934 s
currentSize : 48 <-- 57.451454 s

maxsize : 48
nodes : 21499986.000000
filtered : 97130538.000000
time : 91.024513
