Parameters: GAD=1 vflib=1 dir=0 label=0 vlabel=1 lowerbound=1 fileNameGp=../../cp2016-max-common-connected-subgraph-paper/datasets/graphsdb/mcs70/bvg/b06/mcs70_b06_s70.A06 fileNameGt=../../cp2016-max-common-connected-subgraph-paper/datasets/graphsdb/mcs70/bvg/b06/mcs70_b06_s70.B06
Reading graphs...
70 :  209
70 :  209
Initializing...
maxdom : 7
D->valSize : 342
Solving...
Blb : 2 (clique : 28)
currentSize : 28 <-- 0.004642 s
currentSize : 29 <-- 0.005049 s
currentSize : 30 <-- 0.010925 s
currentSize : 31 <-- 0.027257 s
currentSize : 32 <-- 10.029508 s
currentSize : 33 <-- 11.173910 s
currentSize : 34 <-- 15.124927 s
currentSize : 35 <-- 15.125039 s
currentSize : 36 <-- 26.589767 s
currentSize : 37 <-- 26.735325 s
currentSize : 38 <-- 26.868830 s
currentSize : 39 <-- 26.899071 s
currentSize : 40 <-- 26.901396 s
currentSize : 42 <-- 26.932533 s
currentSize : 45 <-- 30.251562 s
currentSize : 49 <-- 30.397877 s

maxsize : 49
nodes : 7548117.000000
filtered : 33243047.000000
time : 31.571730
