Parameters: GAD=1 vflib=1 dir=0 label=0 vlabel=1 lowerbound=1 fileNameGp=../../cp2016-max-common-connected-subgraph-paper/datasets/graphsdb/mcs70/m2D/m2Dr6/mcs70_m2Dr6_s70.A06 fileNameGt=../../cp2016-max-common-connected-subgraph-paper/datasets/graphsdb/mcs70/m2D/m2Dr6/mcs70_m2Dr6_s70.B06
Reading graphs...
70 :  164
70 :  164
Initializing...
maxdom : 8
D->valSize : 346
Solving...
Blb : 3 (clique : 35)
currentSize : 35 <-- 0.003000 s
currentSize : 36 <-- 0.003345 s
currentSize : 37 <-- 0.003694 s
currentSize : 38 <-- 0.003906 s
currentSize : 39 <-- 0.008536 s
currentSize : 40 <-- 0.008919 s
currentSize : 42 <-- 0.014380 s
currentSize : 44 <-- 0.014628 s
currentSize : 45 <-- 0.031575 s
currentSize : 47 <-- 0.031659 s
currentSize : 49 <-- 0.032256 s

maxsize : 49
nodes : 259619.000000
filtered : 1672463.000000
time : 1.257513
