Parameters: GAD=1 vflib=1 dir=0 label=0 vlabel=1 lowerbound=1 fileNameGp=../../cp2016-max-common-connected-subgraph-paper/datasets/graphsdb/mcs70/m2D/m2Dr4/mcs70_m2Dr4_s50.A04 fileNameGt=../../cp2016-max-common-connected-subgraph-paper/datasets/graphsdb/mcs70/m2D/m2Dr4/mcs70_m2Dr4_s50.B04
Reading graphs...
50 :  105
50 :  104
Initializing...
maxdom : 12
D->valSize : 363
Solving...
Blb : 2 (clique : 26)
currentSize : 26 <-- 0.004484 s
currentSize : 27 <-- 0.004881 s
currentSize : 28 <-- 0.009111 s
currentSize : 29 <-- 0.019072 s
currentSize : 30 <-- 0.020222 s
currentSize : 32 <-- 0.052447 s
currentSize : 35 <-- 0.058624 s
currentSize : 36 <-- 0.058914 s

maxsize : 36
nodes : 18337.000000
filtered : 157923.000000
time : 0.130270
