Parameters: GAD=1 vflib=1 dir=0 label=0 vlabel=1 lowerbound=1 fileNameGp=../../cp2016-max-common-connected-subgraph-paper/datasets/graphsdb/mcs70/rand/r02/mcs70_r02_s50.A02 fileNameGt=../../cp2016-max-common-connected-subgraph-paper/datasets/graphsdb/mcs70/rand/r02/mcs70_r02_s50.B02
Reading graphs...
50 :  435
50 :  433
Initializing...
maxdom : 10
D->valSize : 360
Solving...
Blb : 2 (clique : 11)
currentSize : 11 <-- 0.002520 s
currentSize : 12 <-- 0.002628 s
currentSize : 13 <-- 0.002695 s
currentSize : 14 <-- 0.002799 s
currentSize : 15 <-- 0.003256 s
currentSize : 17 <-- 0.003402 s
currentSize : 22 <-- 0.009841 s
currentSize : 28 <-- 0.011688 s
currentSize : 35 <-- 0.012536 s

maxsize : 35
nodes : 3343.000000
filtered : 59360.000000
time : 0.020227
