Parameters: GAD=1 vflib=1 dir=0 label=0 vlabel=1 lowerbound=1 fileNameGp=../../cp2016-max-common-connected-subgraph-paper/datasets/graphsdb/mcs70/bvg/b03m/mcs70_b03m_s100.A03 fileNameGt=../../cp2016-max-common-connected-subgraph-paper/datasets/graphsdb/mcs70/bvg/b03m/mcs70_b03m_s100.B03
Reading graphs...
100 :  150
100 :  150
Initializing...
maxdom : 7
D->valSize : 390
Solving...
Blb : 2 (clique : 56)
currentSize : 56 <-- 0.004743 s
currentSize : 57 <-- 0.005199 s
currentSize : 58 <-- 0.006172 s
currentSize : 59 <-- 0.035198 s
currentSize : 60 <-- 0.035495 s
currentSize : 62 <-- 3.749741 s
currentSize : 63 <-- 3.750088 s

TIMEOUT
maxsize : 63
nodes : 242935073.000000
filtered : 337902978.000000
time : 1000.000122
