Parameters: GAD=1 vflib=1 dir=0 label=0 vlabel=1 lowerbound=1 fileNameGp=../../cp2016-max-common-connected-subgraph-paper/datasets/graphsdb/mcs70/m3D/m3Dr4/mcs70_m3Dr4_s90.A03 fileNameGt=../../cp2016-max-common-connected-subgraph-paper/datasets/graphsdb/mcs70/m3D/m3Dr4/mcs70_m3Dr4_s90.B03
Reading graphs...
90 :  242
90 :  241
Initializing...
maxdom : 10
D->valSize : 592
Solving...
Blb : 2 (clique : 37)
currentSize : 37 <-- 0.007310 s
currentSize : 47 <-- 0.007608 s
currentSize : 49 <-- 0.007683 s
currentSize : 56 <-- 0.055857 s
currentSize : 58 <-- 0.055959 s
currentSize : 59 <-- 0.083237 s
currentSize : 61 <-- 0.083347 s
currentSize : 64 <-- 0.130359 s

maxsize : 64
nodes : 1999024.000000
filtered : 14844323.000000
time : 11.704265
