Parameters: GAD=1 vflib=1 dir=0 label=0 vlabel=1 lowerbound=1 fileNameGp=../../cp2016-max-common-connected-subgraph-paper/datasets/graphsdb/mcs70/m2D/m2Dr6/mcs70_m2Dr6_s70.A09 fileNameGt=../../cp2016-max-common-connected-subgraph-paper/datasets/graphsdb/mcs70/m2D/m2Dr6/mcs70_m2Dr6_s70.B09
Reading graphs...
70 :  164
70 :  163
Initializing...
maxdom : 7
D->valSize : 327
Solving...
Blb : 2 (clique : 32)
currentSize : 32 <-- 0.004514 s
currentSize : 33 <-- 0.004996 s
currentSize : 34 <-- 0.008126 s
currentSize : 35 <-- 0.591736 s
currentSize : 37 <-- 2.997315 s
currentSize : 38 <-- 2.998112 s
currentSize : 41 <-- 5.390795 s
currentSize : 42 <-- 5.391175 s
currentSize : 43 <-- 8.193440 s
currentSize : 45 <-- 9.022774 s
currentSize : 46 <-- 9.023290 s
currentSize : 47 <-- 11.593797 s
currentSize : 48 <-- 16.123655 s
currentSize : 49 <-- 16.124298 s

maxsize : 49
nodes : 4194533.000000
filtered : 23267190.000000
time : 19.769287
