Parameters: GAD=1 vflib=1 dir=0 label=0 vlabel=1 lowerbound=1 fileNameGp=../../cp2016-max-common-connected-subgraph-paper/datasets/graphsdb/mcs70/m2D/m2D/mcs70_m2D_s80.A01 fileNameGt=../../cp2016-max-common-connected-subgraph-paper/datasets/graphsdb/mcs70/m2D/m2D/mcs70_m2D_s80.B01
Reading graphs...
80 :  141
80 :  142
Initializing...
maxdom : 11
D->valSize : 421
Solving...
Blb : 2 (clique : 38)
currentSize : 38 <-- 0.006996 s
currentSize : 39 <-- 0.015215 s
currentSize : 40 <-- 0.028778 s
currentSize : 41 <-- 0.039712 s
currentSize : 42 <-- 0.039984 s
currentSize : 43 <-- 0.573211 s
currentSize : 44 <-- 0.585026 s
currentSize : 45 <-- 0.585618 s
currentSize : 46 <-- 0.967870 s
currentSize : 47 <-- 1.038592 s
currentSize : 49 <-- 10.800329 s
currentSize : 50 <-- 11.007790 s
currentSize : 51 <-- 11.050256 s

maxsize : 51
nodes : 6063264.000000
filtered : 35080678.000000
time : 31.333895
