Parameters: GAD=1 vflib=1 dir=0 label=0 vlabel=1 lowerbound=1 fileNameGp=../../cp2016-max-common-connected-subgraph-paper/datasets/graphsdb/mcs70/bvg/b06/mcs70_b06_s35.A06 fileNameGt=../../cp2016-max-common-connected-subgraph-paper/datasets/graphsdb/mcs70/bvg/b06/mcs70_b06_s35.B06
Reading graphs...
35 :  104
35 :  104
Initializing...
maxdom : 7
D->valSize : 170
Solving...
Blb : 2 (clique : 12)
currentSize : 12 <-- 0.000983 s
currentSize : 14 <-- 0.001175 s
currentSize : 15 <-- 0.002025 s
currentSize : 16 <-- 0.004452 s
currentSize : 17 <-- 0.014316 s
currentSize : 19 <-- 0.019359 s
currentSize : 20 <-- 0.020832 s
currentSize : 23 <-- 0.023583 s
currentSize : 24 <-- 0.023697 s

maxsize : 24
nodes : 6894.000000
filtered : 56659.000000
time : 0.026174
