Parameters: GAD=1 vflib=1 dir=0 label=0 vlabel=1 lowerbound=1 fileNameGp=../../cp2016-max-common-connected-subgraph-paper/datasets/graphsdb/mcs70/bvg/b09/mcs70_b09_s50.A06 fileNameGt=../../cp2016-max-common-connected-subgraph-paper/datasets/graphsdb/mcs70/bvg/b09/mcs70_b09_s50.B06
Reading graphs...
50 :  224
50 :  222
Initializing...
maxdom : 9
D->valSize : 362
Solving...
Blb : 2 (clique : 15)
currentSize : 15 <-- 0.002593 s
currentSize : 17 <-- 0.002756 s
currentSize : 18 <-- 0.008381 s
currentSize : 20 <-- 0.070368 s
currentSize : 21 <-- 0.071792 s
currentSize : 26 <-- 0.089501 s
currentSize : 28 <-- 0.213690 s
currentSize : 29 <-- 0.264714 s
currentSize : 31 <-- 0.317757 s
currentSize : 34 <-- 0.340544 s

maxsize : 34
nodes : 74000.000000
filtered : 842805.000000
time : 0.365968
