Parameters: GAD=1 vflib=1 dir=0 label=0 vlabel=1 lowerbound=1 fileNameGp=../../cp2016-max-common-connected-subgraph-paper/datasets/graphsdb/mcs70/rand/r01/mcs70_r01_s80.A03 fileNameGt=../../cp2016-max-common-connected-subgraph-paper/datasets/graphsdb/mcs70/rand/r01/mcs70_r01_s80.B03
Reading graphs...
80 :  596
80 :  592
Initializing...
maxdom : 9
D->valSize : 440
Solving...
Blb : 2 (clique : 16)
currentSize : 16 <-- 0.006648 s
currentSize : 17 <-- 0.044131 s
currentSize : 18 <-- 0.100939 s
currentSize : 19 <-- 0.137046 s
currentSize : 21 <-- 0.137643 s
currentSize : 22 <-- 0.152410 s
currentSize : 23 <-- 0.353766 s
currentSize : 24 <-- 0.367573 s
currentSize : 25 <-- 0.368438 s
currentSize : 28 <-- 0.368526 s
currentSize : 32 <-- 0.977093 s
currentSize : 33 <-- 1.315292 s
currentSize : 34 <-- 1.315668 s
currentSize : 35 <-- 1.322418 s
currentSize : 44 <-- 1.323882 s
currentSize : 56 <-- 1.424016 s

maxsize : 56
nodes : 218610.000000
filtered : 2456714.000000
time : 1.445433
