Parameters: GAD=1 vflib=1 dir=0 label=0 vlabel=1 lowerbound=1 fileNameGp=../../cp2016-max-common-connected-subgraph-paper/datasets/graphsdb/mcs70/bvg/b03/mcs70_b03_s90.A00 fileNameGt=../../cp2016-max-common-connected-subgraph-paper/datasets/graphsdb/mcs70/bvg/b03/mcs70_b03_s90.B00
Reading graphs...
90 :  135
90 :  135
Initializing...
maxdom : 11
D->valSize : 591
Solving...
Blb : 2 (clique : 37)
currentSize : 37 <-- 0.007451 s
currentSize : 44 <-- 0.007776 s
currentSize : 46 <-- 0.007875 s
currentSize : 47 <-- 0.008137 s
currentSize : 48 <-- 0.009000 s
currentSize : 49 <-- 0.010487 s
currentSize : 50 <-- 0.057921 s
currentSize : 51 <-- 1.902238 s
currentSize : 52 <-- 2.287064 s

TIMEOUT
maxsize : 52
nodes : 178391041.000000
filtered : 1316085459.000000
time : 1000.000122
