Parameters: GAD=1 vflib=1 dir=0 label=0 vlabel=1 lowerbound=1 fileNameGp=../../cp2016-max-common-connected-subgraph-paper/datasets/graphsdb/mcs70/m2D/m2Dr2/mcs70_m2Dr2_s100.A09 fileNameGt=../../cp2016-max-common-connected-subgraph-paper/datasets/graphsdb/mcs70/m2D/m2Dr2/mcs70_m2Dr2_s100.B09
Reading graphs...
100 :  199
100 :  199
Initializing...
maxdom : 8
D->valSize : 397
Solving...
Blb : 2 (clique : 41)
currentSize : 41 <-- 0.007233 s
currentSize : 42 <-- 0.010244 s
currentSize : 43 <-- 0.070883 s
currentSize : 44 <-- 0.071748 s
currentSize : 45 <-- 0.146030 s
currentSize : 46 <-- 0.399863 s
currentSize : 47 <-- 0.438307 s
currentSize : 48 <-- 3.148096 s
currentSize : 49 <-- 4.259061 s
currentSize : 50 <-- 5.691744 s
currentSize : 51 <-- 51.416985 s
currentSize : 52 <-- 51.825825 s
currentSize : 53 <-- 51.847782 s
currentSize : 54 <-- 62.286839 s
currentSize : 55 <-- 122.555923 s
currentSize : 57 <-- 122.562263 s
currentSize : 58 <-- 148.138260 s

TIMEOUT
maxsize : 58
nodes : 192165882.000000
filtered : 618279838.000000
time : 1000.000122
