Parameters: GAD=1 vflib=1 dir=0 label=0 vlabel=1 lowerbound=1 fileNameGp=../../cp2016-max-common-connected-subgraph-paper/datasets/graphsdb/mcs70/m3D/m3Dr2/mcs70_m3Dr2_s100.A08 fileNameGt=../../cp2016-max-common-connected-subgraph-paper/datasets/graphsdb/mcs70/m3D/m3Dr2/mcs70_m3Dr2_s100.B08
Reading graphs...
100 :  253
100 :  253
Initializing...
maxdom : 7
D->valSize : 371
Solving...
Blb : 2 (clique : 53)
currentSize : 53 <-- 0.004897 s
currentSize : 54 <-- 0.005455 s
currentSize : 55 <-- 0.005853 s
currentSize : 56 <-- 0.006250 s
currentSize : 57 <-- 0.019747 s
currentSize : 58 <-- 0.121327 s
currentSize : 59 <-- 2.934354 s
currentSize : 60 <-- 640.367310 s
currentSize : 61 <-- 640.373108 s
currentSize : 62 <-- 640.393799 s
currentSize : 63 <-- 643.620422 s
currentSize : 64 <-- 643.651672 s

TIMEOUT
maxsize : 64
nodes : 192134581.000000
filtered : 674633034.000000
time : 1000.000122
