Parameters: GAD=1 vflib=1 dir=0 label=0 vlabel=1 lowerbound=1 fileNameGp=../../cp2016-max-common-connected-subgraph-paper/datasets/graphsdb/mcs70/m2D/m2Dr2/mcs70_m2Dr2_s60.A01 fileNameGt=../../cp2016-max-common-connected-subgraph-paper/datasets/graphsdb/mcs70/m2D/m2Dr2/mcs70_m2Dr2_s60.B01
Reading graphs...
60 :  116
60 :  116
Initializing...
maxdom : 6
D->valSize : 258
Solving...
Blb : 2 (clique : 24)
currentSize : 24 <-- 0.003003 s
currentSize : 25 <-- 0.003267 s
currentSize : 26 <-- 0.005410 s
currentSize : 27 <-- 0.042947 s
currentSize : 29 <-- 0.043296 s
currentSize : 31 <-- 0.114311 s
currentSize : 32 <-- 0.188557 s
currentSize : 33 <-- 0.222040 s
currentSize : 36 <-- 0.314747 s
currentSize : 38 <-- 0.743659 s

maxsize : 38
nodes : 1126536.000000
filtered : 5051717.000000
time : 4.700425
