Parameters: GAD=1 vflib=1 dir=0 label=0 vlabel=1 lowerbound=1 fileNameGp=../../cp2016-max-common-connected-subgraph-paper/datasets/graphsdb/mcs70/m3D/m3D/mcs70_m3D_s90.A06 fileNameGt=../../cp2016-max-common-connected-subgraph-paper/datasets/graphsdb/mcs70/m3D/m3D/mcs70_m3D_s90.B06
Reading graphs...
90 :  209
90 :  209
Initializing...
maxdom : 11
D->valSize : 600
Solving...
Blb : 2 (clique : 45)
currentSize : 45 <-- 0.007714 s
currentSize : 46 <-- 0.009678 s
currentSize : 47 <-- 0.042640 s
currentSize : 48 <-- 0.248355 s
currentSize : 49 <-- 2.859069 s
currentSize : 50 <-- 2.860828 s
currentSize : 51 <-- 11.479950 s
currentSize : 53 <-- 11.606843 s
currentSize : 54 <-- 11.609242 s
currentSize : 55 <-- 11.627740 s
currentSize : 56 <-- 12.297780 s
currentSize : 57 <-- 12.370968 s
currentSize : 59 <-- 144.674759 s
currentSize : 60 <-- 144.677933 s
currentSize : 61 <-- 144.814377 s
currentSize : 62 <-- 145.202927 s
currentSize : 63 <-- 145.204529 s
currentSize : 64 <-- 242.335205 s

maxsize : 64
nodes : 63166936.000000
filtered : 367431436.000000
time : 330.887390
