Parameters: GAD=1 vflib=1 dir=0 label=0 vlabel=1 lowerbound=1 fileNameGp=../../cp2016-max-common-connected-subgraph-paper/datasets/graphsdb/mcs70/rand/r01/mcs70_r01_s100.A06 fileNameGt=../../cp2016-max-common-connected-subgraph-paper/datasets/graphsdb/mcs70/rand/r01/mcs70_r01_s100.B06
Reading graphs...
100 :  930
100 :  928
Initializing...
maxdom : 7
D->valSize : 378
Solving...
Blb : 2 (clique : 17)
currentSize : 17 <-- 0.003837 s
currentSize : 18 <-- 0.004031 s
currentSize : 21 <-- 0.004133 s
currentSize : 23 <-- 0.004320 s
currentSize : 24 <-- 0.004709 s
currentSize : 28 <-- 0.004820 s
currentSize : 35 <-- 0.034793 s
currentSize : 36 <-- 0.099081 s
currentSize : 47 <-- 0.147471 s
currentSize : 53 <-- 0.208286 s
currentSize : 54 <-- 0.216620 s
currentSize : 70 <-- 0.219489 s

maxsize : 70
nodes : 35685.000000
filtered : 302095.000000
time : 0.247741
