Parameters: GAD=1 vflib=1 dir=0 label=0 vlabel=1 lowerbound=1 fileNameGp=../../cp2016-max-common-connected-subgraph-paper/datasets/graphsdb/mcs70/m3D/m3D/mcs70_m3D_s100.A00 fileNameGt=../../cp2016-max-common-connected-subgraph-paper/datasets/graphsdb/mcs70/m3D/m3D/mcs70_m3D_s100.B00
Reading graphs...
100 :  235
100 :  234
Initializing...
maxdom : 6
D->valSize : 368
Solving...
Blb : 3 (clique : 38)
currentSize : 38 <-- 0.006512 s
currentSize : 39 <-- 0.022764 s
currentSize : 40 <-- 0.109535 s
currentSize : 41 <-- 0.113340 s
currentSize : 42 <-- 0.251408 s
currentSize : 43 <-- 0.254401 s
currentSize : 44 <-- 0.485516 s
currentSize : 46 <-- 0.507445 s
currentSize : 47 <-- 0.509135 s
currentSize : 48 <-- 3.344842 s
currentSize : 50 <-- 3.349564 s
currentSize : 51 <-- 15.459676 s
currentSize : 52 <-- 34.235256 s
currentSize : 54 <-- 57.876511 s
currentSize : 55 <-- 69.251274 s
currentSize : 57 <-- 70.666550 s
currentSize : 58 <-- 70.730476 s
currentSize : 59 <-- 113.419289 s
currentSize : 61 <-- 113.419594 s
currentSize : 62 <-- 202.684265 s
currentSize : 63 <-- 288.062469 s
currentSize : 65 <-- 288.063049 s

maxsize : 65
nodes : 83320978.000000
filtered : 253532597.000000
time : 419.098389
