Parameters: GAD=1 vflib=1 dir=0 label=0 vlabel=1 lowerbound=1 fileNameGp=../../cp2016-max-common-connected-subgraph-paper/datasets/graphsdb/mcs70/bvg/b09m/mcs70_b09m_s40.A01 fileNameGt=../../cp2016-max-common-connected-subgraph-paper/datasets/graphsdb/mcs70/bvg/b09m/mcs70_b09m_s40.B01
Reading graphs...
40 :  173
40 :  174
Initializing...
maxdom : 6
D->valSize : 213
Solving...
Blb : 2 (clique : 10)
currentSize : 10 <-- 0.001265 s
currentSize : 11 <-- 0.001385 s
currentSize : 15 <-- 0.001456 s
currentSize : 16 <-- 0.001521 s
currentSize : 17 <-- 0.001680 s
currentSize : 20 <-- 0.001734 s
currentSize : 22 <-- 0.005335 s
currentSize : 25 <-- 0.005558 s
currentSize : 26 <-- 0.009810 s
currentSize : 27 <-- 0.010279 s
currentSize : 28 <-- 0.010329 s

maxsize : 28
nodes : 3302.000000
filtered : 37818.000000
time : 0.015695
