Parameters: GAD=1 vflib=1 dir=0 label=0 vlabel=1 lowerbound=1 fileNameGp=../../cp2016-max-common-connected-subgraph-paper/datasets/graphsdb/mcs70/bvg/b09/mcs70_b09_s80.A08 fileNameGt=../../cp2016-max-common-connected-subgraph-paper/datasets/graphsdb/mcs70/bvg/b09/mcs70_b09_s80.B08
Reading graphs...
80 :  359
80 :  357
Initializing...
maxdom : 9
D->valSize : 472
Solving...
Blb : 2 (clique : 25)
currentSize : 25 <-- 0.004704 s
currentSize : 26 <-- 0.005076 s
currentSize : 27 <-- 0.006099 s
currentSize : 28 <-- 0.006352 s
currentSize : 29 <-- 0.007936 s
currentSize : 30 <-- 0.008028 s
currentSize : 32 <-- 0.010753 s
currentSize : 33 <-- 0.026287 s
currentSize : 34 <-- 0.027716 s
currentSize : 35 <-- 0.027954 s
currentSize : 36 <-- 0.029291 s
currentSize : 37 <-- 0.082758 s
currentSize : 38 <-- 0.082966 s
currentSize : 39 <-- 0.083158 s
currentSize : 41 <-- 0.086009 s
currentSize : 43 <-- 0.086154 s
currentSize : 44 <-- 0.094710 s
currentSize : 46 <-- 0.203137 s
currentSize : 47 <-- 0.222023 s
currentSize : 50 <-- 0.222186 s
currentSize : 53 <-- 0.222369 s
currentSize : 56 <-- 0.222981 s

maxsize : 56
nodes : 250999.000000
filtered : 1986361.000000
time : 1.417723
