Parameters: GAD=1 vflib=1 dir=0 label=0 vlabel=1 lowerbound=1 fileNameGp=../../cp2016-max-common-connected-subgraph-paper/datasets/graphsdb/mcs70/m2D/m2Dr6/mcs70_m2Dr6_s50.A02 fileNameGt=../../cp2016-max-common-connected-subgraph-paper/datasets/graphsdb/mcs70/m2D/m2Dr6/mcs70_m2Dr6_s50.B02
Reading graphs...
50 :  114
50 :  113
Initializing...
maxdom : 10
D->valSize : 373
Solving...
Blb : 2 (clique : 27)
currentSize : 27 <-- 0.003161 s
currentSize : 28 <-- 0.139348 s
currentSize : 31 <-- 0.275888 s
currentSize : 33 <-- 0.384686 s
currentSize : 34 <-- 0.384821 s
currentSize : 35 <-- 0.482093 s
currentSize : 36 <-- 0.482188 s
currentSize : 37 <-- 0.533853 s

maxsize : 37
nodes : 166630.000000
filtered : 1176152.000000
time : 0.701113
