Parameters: GAD=1 vflib=1 dir=0 label=0 vlabel=1 lowerbound=1 fileNameGp=../../cp2016-max-common-connected-subgraph-paper/datasets/graphsdb/mcs70/bvg/b06/mcs70_b06_s90.A04 fileNameGt=../../cp2016-max-common-connected-subgraph-paper/datasets/graphsdb/mcs70/bvg/b06/mcs70_b06_s90.B04
Reading graphs...
90 :  268
90 :  268
Initializing...
maxdom : 12
D->valSize : 608
Solving...
Blb : 2 (clique : 37)
currentSize : 37 <-- 0.009673 s
currentSize : 38 <-- 5.722190 s
currentSize : 39 <-- 5.729058 s
currentSize : 40 <-- 14.652087 s
currentSize : 41 <-- 21.893250 s
currentSize : 42 <-- 90.476257 s
currentSize : 45 <-- 451.538391 s
currentSize : 46 <-- 451.555115 s
currentSize : 47 <-- 452.745483 s
currentSize : 48 <-- 452.745636 s
currentSize : 49 <-- 452.822571 s
currentSize : 50 <-- 452.822968 s
currentSize : 52 <-- 564.388916 s
currentSize : 55 <-- 669.445007 s
currentSize : 62 <-- 790.892395 s
currentSize : 63 <-- 808.434082 s
currentSize : 64 <-- 808.434692 s

maxsize : 64
nodes : 139544779.000000
filtered : 1132537548.000000
time : 823.283813
