Parameters: GAD=1 vflib=1 dir=0 label=0 vlabel=1 lowerbound=1 fileNameGp=../../cp2016-max-common-connected-subgraph-paper/datasets/graphsdb/mcs70/m2D/m2Dr4/mcs70_m2Dr4_s100.A02 fileNameGt=../../cp2016-max-common-connected-subgraph-paper/datasets/graphsdb/mcs70/m2D/m2Dr4/mcs70_m2Dr4_s100.B02
Reading graphs...
100 :  218
100 :  218
Initializing...
maxdom : 7
D->valSize : 345
Solving...
Blb : 2 (clique : 52)
currentSize : 52 <-- 0.006191 s
currentSize : 53 <-- 0.006884 s
currentSize : 54 <-- 0.007580 s
currentSize : 55 <-- 0.007922 s
currentSize : 56 <-- 0.630712 s
currentSize : 57 <-- 2.211115 s
currentSize : 58 <-- 3.163036 s
currentSize : 60 <-- 3.163310 s
currentSize : 61 <-- 3.163618 s
currentSize : 62 <-- 4.017581 s
currentSize : 63 <-- 6.059081 s
currentSize : 64 <-- 7.524762 s
currentSize : 65 <-- 8.711858 s

TIMEOUT
maxsize : 65
nodes : 201116773.000000
filtered : 631025222.000000
time : 1000.000122
