Parameters: GAD=1 vflib=1 dir=0 label=0 vlabel=1 lowerbound=1 fileNameGp=../../cp2016-max-common-connected-subgraph-paper/datasets/graphsdb/mcs70/bvg/b06m/mcs70_b06m_s50.A06 fileNameGt=../../cp2016-max-common-connected-subgraph-paper/datasets/graphsdb/mcs70/bvg/b06m/mcs70_b06m_s50.B06
Reading graphs...
50 :  147
50 :  146
Initializing...
maxdom : 8
D->valSize : 316
Solving...
Blb : 2 (clique : 19)
currentSize : 19 <-- 0.003582 s
currentSize : 20 <-- 0.177287 s
currentSize : 21 <-- 0.545010 s
currentSize : 22 <-- 0.740557 s
currentSize : 23 <-- 0.939645 s
currentSize : 24 <-- 1.742341 s
currentSize : 26 <-- 1.769199 s
currentSize : 27 <-- 1.805503 s
currentSize : 30 <-- 1.972107 s
currentSize : 31 <-- 1.972232 s
currentSize : 32 <-- 2.024244 s
currentSize : 33 <-- 2.024609 s
currentSize : 34 <-- 2.024774 s
currentSize : 35 <-- 2.024921 s

maxsize : 35
nodes : 462828.000000
filtered : 3828535.000000
time : 2.151540
