Parameters: GAD=1 vflib=1 dir=0 label=0 vlabel=1 lowerbound=1 fileNameGp=../../cp2016-max-common-connected-subgraph-paper/datasets/graphsdb/mcs70/bvg/b09m/mcs70_b09m_s60.A04 fileNameGt=../../cp2016-max-common-connected-subgraph-paper/datasets/graphsdb/mcs70/bvg/b09m/mcs70_b09m_s60.B04
Reading graphs...
60 :  263
60 :  264
Initializing...
maxdom : 7
D->valSize : 269
Solving...
Blb : 2 (clique : 18)
currentSize : 18 <-- 0.003016 s
currentSize : 19 <-- 0.003836 s
currentSize : 20 <-- 0.010444 s
currentSize : 21 <-- 0.019624 s
currentSize : 22 <-- 0.020119 s
currentSize : 23 <-- 0.029545 s
currentSize : 24 <-- 0.048958 s
currentSize : 25 <-- 0.177669 s
currentSize : 26 <-- 0.177774 s
currentSize : 27 <-- 0.409712 s
currentSize : 28 <-- 0.409818 s
currentSize : 29 <-- 0.409923 s
currentSize : 31 <-- 0.469620 s
currentSize : 36 <-- 0.469728 s
currentSize : 37 <-- 0.469865 s
currentSize : 39 <-- 0.470065 s
currentSize : 42 <-- 0.470136 s

maxsize : 42
nodes : 85541.000000
filtered : 681615.000000
time : 0.487118
