Parameters: GAD=1 vflib=1 dir=0 label=0 vlabel=1 lowerbound=1 fileNameGp=../../cp2016-max-common-connected-subgraph-paper/datasets/graphsdb/mcs70/rand/r01/mcs70_r01_s70.A00 fileNameGt=../../cp2016-max-common-connected-subgraph-paper/datasets/graphsdb/mcs70/rand/r01/mcs70_r01_s70.B00
Reading graphs...
70 :  456
70 :  462
Initializing...
maxdom : 7
D->valSize : 327
Solving...
Blb : 5 (clique : 14)
currentSize : 14 <-- 0.004183 s
currentSize : 15 <-- 0.006175 s
currentSize : 16 <-- 0.013720 s
currentSize : 19 <-- 0.013807 s
currentSize : 20 <-- 0.023332 s
currentSize : 21 <-- 0.028367 s
currentSize : 23 <-- 0.045325 s
currentSize : 25 <-- 0.065323 s
currentSize : 31 <-- 0.085163 s
currentSize : 33 <-- 0.109577 s
currentSize : 34 <-- 0.142690 s
currentSize : 40 <-- 0.142958 s
currentSize : 41 <-- 0.216800 s
currentSize : 49 <-- 0.264534 s

maxsize : 49
nodes : 34925.000000
filtered : 335727.000000
time : 0.280586
