Parameters: GAD=1 vflib=1 dir=0 label=0 vlabel=1 lowerbound=1 fileNameGp=../../cp2016-max-common-connected-subgraph-paper/datasets/graphsdb/mcs70/bvg/b03m/mcs70_b03m_s100.A02 fileNameGt=../../cp2016-max-common-connected-subgraph-paper/datasets/graphsdb/mcs70/bvg/b03m/mcs70_b03m_s100.B02
Reading graphs...
100 :  150
100 :  150
Initializing...
maxdom : 6
D->valSize : 357
Solving...
Blb : 2 (clique : 53)
currentSize : 53 <-- 0.006563 s
currentSize : 56 <-- 0.072308 s
currentSize : 57 <-- 0.073439 s
currentSize : 58 <-- 0.076844 s
currentSize : 60 <-- 0.085594 s
currentSize : 62 <-- 0.085900 s
currentSize : 64 <-- 47.998978 s
currentSize : 65 <-- 557.433411 s
currentSize : 66 <-- 557.433716 s
currentSize : 67 <-- 567.693115 s
currentSize : 68 <-- 567.693420 s
currentSize : 69 <-- 864.075439 s
currentSize : 70 <-- 864.304443 s
currentSize : 71 <-- 894.910889 s

maxsize : 71
nodes : 205867959.000000
filtered : 556905560.000000
time : 996.039917
