Parameters: GAD=1 vflib=1 dir=0 label=0 vlabel=1 lowerbound=1 fileNameGp=../../cp2016-max-common-connected-subgraph-paper/datasets/graphsdb/mcs70/bvg/b03/mcs70_b03_s40.A00 fileNameGt=../../cp2016-max-common-connected-subgraph-paper/datasets/graphsdb/mcs70/bvg/b03/mcs70_b03_s40.B00
Reading graphs...
40 :  60
40 :  60
Initializing...
maxdom : 11
D->valSize : 253
Solving...
Blb : 2 (clique : 18)
currentSize : 18 <-- 0.001612 s
currentSize : 19 <-- 0.001767 s
currentSize : 20 <-- 0.001801 s
currentSize : 21 <-- 0.001884 s
currentSize : 23 <-- 0.004204 s
currentSize : 24 <-- 0.004240 s
currentSize : 27 <-- 0.009251 s
currentSize : 28 <-- 0.012856 s
currentSize : 29 <-- 0.016441 s

maxsize : 29
nodes : 9210.000000
filtered : 80243.000000
time : 0.043237
