Parameters: GAD=1 vflib=1 dir=0 label=0 vlabel=1 lowerbound=1 fileNameGp=../../cp2016-max-common-connected-subgraph-paper/datasets/graphsdb/mcs70/bvg/b06m/mcs70_b06m_s100.A01 fileNameGt=../../cp2016-max-common-connected-subgraph-paper/datasets/graphsdb/mcs70/bvg/b06m/mcs70_b06m_s100.B01
Reading graphs...
100 :  298
100 :  294
Initializing...
maxdom : 6
D->valSize : 372
Solving...
Blb : 3 (clique : 55)
currentSize : 55 <-- 0.004261 s
currentSize : 56 <-- 30.018175 s
currentSize : 57 <-- 30.238808 s
currentSize : 58 <-- 30.424776 s
currentSize : 59 <-- 30.961599 s
currentSize : 61 <-- 30.962034 s
currentSize : 62 <-- 31.003649 s
currentSize : 63 <-- 79.851021 s
currentSize : 65 <-- 79.851746 s
currentSize : 66 <-- 79.863953 s
currentSize : 68 <-- 79.867249 s
currentSize : 70 <-- 117.412384 s

maxsize : 70
nodes : 35543022.000000
filtered : 138697966.000000
time : 187.926086
