Parameters: GAD=1 vflib=1 dir=0 label=0 vlabel=1 lowerbound=1 fileNameGp=../../cp2016-max-common-connected-subgraph-paper/datasets/graphsdb/mcs70/m3D/m3Dr2/mcs70_m3Dr2_s40.A00 fileNameGt=../../cp2016-max-common-connected-subgraph-paper/datasets/graphsdb/mcs70/m3D/m3Dr2/mcs70_m3Dr2_s40.B00
Reading graphs...
40 :  91
40 :  90
Initializing...
maxdom : 8
D->valSize : 219
Solving...
Blb : 2 (clique : 15)
currentSize : 15 <-- 0.001277 s
currentSize : 16 <-- 0.001367 s
currentSize : 17 <-- 0.015423 s
currentSize : 18 <-- 0.064651 s
currentSize : 19 <-- 0.075497 s
currentSize : 20 <-- 0.141104 s
currentSize : 21 <-- 0.149400 s
currentSize : 23 <-- 0.175353 s
currentSize : 25 <-- 0.175387 s
currentSize : 27 <-- 0.175443 s

maxsize : 27
nodes : 58319.000000
filtered : 408618.000000
time : 0.226291
