Parameters: GAD=1 vflib=1 dir=0 label=0 vlabel=1 lowerbound=1 fileNameGp=../../cp2016-max-common-connected-subgraph-paper/datasets/graphsdb/mcs70/bvg/b09/mcs70_b09_s100.A05 fileNameGt=../../cp2016-max-common-connected-subgraph-paper/datasets/graphsdb/mcs70/bvg/b09/mcs70_b09_s100.B05
Reading graphs...
100 :  449
100 :  448
Initializing...
maxdom : 6
D->valSize : 387
Solving...
Blb : 2 (clique : 45)
currentSize : 45 <-- 0.004250 s
currentSize : 46 <-- 1.855122 s
currentSize : 51 <-- 1.888310 s
currentSize : 52 <-- 1.888469 s
currentSize : 53 <-- 1.889134 s
currentSize : 54 <-- 2.212772 s
currentSize : 60 <-- 3.409980 s
currentSize : 61 <-- 3.410155 s
currentSize : 62 <-- 3.410504 s
currentSize : 63 <-- 3.410676 s
currentSize : 68 <-- 7.541762 s
currentSize : 70 <-- 7.542089 s

maxsize : 70
nodes : 2308981.000000
filtered : 11248776.000000
time : 12.917992
