Parameters: GAD=1 vflib=1 dir=0 label=0 vlabel=1 lowerbound=1 fileNameGp=../../cp2016-max-common-connected-subgraph-paper/datasets/graphsdb/mcs70/m2D/m2Dr6/mcs70_m2Dr6_s70.A07 fileNameGt=../../cp2016-max-common-connected-subgraph-paper/datasets/graphsdb/mcs70/m2D/m2Dr6/mcs70_m2Dr6_s70.B07
Reading graphs...
70 :  165
70 :  164
Initializing...
maxdom : 9
D->valSize : 339
Solving...
Blb : 3 (clique : 26)
currentSize : 26 <-- 0.002945 s
currentSize : 27 <-- 0.011320 s
currentSize : 28 <-- 0.030142 s
currentSize : 29 <-- 0.030195 s
currentSize : 30 <-- 0.035612 s
currentSize : 31 <-- 0.035738 s
currentSize : 32 <-- 0.781952 s
currentSize : 33 <-- 2.953769 s
currentSize : 34 <-- 2.954629 s
currentSize : 35 <-- 4.514451 s
currentSize : 38 <-- 5.528115 s
currentSize : 39 <-- 5.528553 s
currentSize : 40 <-- 5.531491 s
currentSize : 41 <-- 8.521628 s
currentSize : 42 <-- 8.522046 s
currentSize : 44 <-- 11.812666 s
currentSize : 45 <-- 11.812907 s
currentSize : 46 <-- 11.813273 s
currentSize : 47 <-- 13.658280 s
currentSize : 48 <-- 13.658545 s
currentSize : 49 <-- 13.658805 s

maxsize : 49
nodes : 3229554.000000
filtered : 15276308.000000
time : 15.009479
