Parameters: GAD=1 vflib=1 dir=0 label=0 vlabel=1 lowerbound=1 fileNameGp=../../cp2016-max-common-connected-subgraph-paper/datasets/graphsdb/mcs70/m2D/m2Dr6/mcs70_m2Dr6_s60.A06 fileNameGt=../../cp2016-max-common-connected-subgraph-paper/datasets/graphsdb/mcs70/m2D/m2Dr6/mcs70_m2Dr6_s60.B06
Reading graphs...
60 :  139
60 :  137
Initializing...
maxdom : 8
D->valSize : 241
Solving...
Blb : 3 (clique : 24)
currentSize : 24 <-- 0.001747 s
currentSize : 25 <-- 0.191593 s
currentSize : 26 <-- 0.331035 s
currentSize : 27 <-- 0.863836 s
currentSize : 28 <-- 3.473105 s
currentSize : 29 <-- 3.473196 s
currentSize : 30 <-- 5.491393 s
currentSize : 31 <-- 7.651746 s
currentSize : 32 <-- 11.408793 s
currentSize : 33 <-- 11.411784 s
currentSize : 34 <-- 14.592058 s
currentSize : 35 <-- 17.326496 s
currentSize : 36 <-- 17.326664 s

maxsize : 36
nodes : 4633127.000000
filtered : 21391251.000000
time : 18.828400
