Parameters: GAD=1 vflib=1 dir=0 label=0 vlabel=1 lowerbound=1 fileNameGp=../../cp2016-max-common-connected-subgraph-paper/datasets/graphsdb/mcs70/bvg/b09m/mcs70_b09m_s100.A03 fileNameGt=../../cp2016-max-common-connected-subgraph-paper/datasets/graphsdb/mcs70/bvg/b09m/mcs70_b09m_s100.B03
Reading graphs...
100 :  447
100 :  448
Initializing...
maxdom : 8
D->valSize : 368
Solving...
Blb : 3 (clique : 48)
currentSize : 48 <-- 0.004736 s
currentSize : 53 <-- 0.480091 s
currentSize : 54 <-- 0.480589 s
currentSize : 57 <-- 0.505449 s
currentSize : 58 <-- 0.506054 s
currentSize : 65 <-- 4.284178 s
currentSize : 70 <-- 4.448059 s

maxsize : 70
nodes : 3748801.000000
filtered : 13089972.000000
time : 19.775768
