Parameters: GAD=1 vflib=1 dir=0 label=0 vlabel=1 lowerbound=1 fileNameGp=../../cp2016-max-common-connected-subgraph-paper/datasets/graphsdb/mcs70/bvg/b06/mcs70_b06_s80.A02 fileNameGt=../../cp2016-max-common-connected-subgraph-paper/datasets/graphsdb/mcs70/bvg/b06/mcs70_b06_s80.B02
Reading graphs...
80 :  240
80 :  239
Initializing...
maxdom : 8
D->valSize : 443
Solving...
Blb : 3 (clique : 28)
currentSize : 28 <-- 0.004410 s
currentSize : 36 <-- 0.004632 s
currentSize : 37 <-- 0.004700 s
currentSize : 41 <-- 0.059280 s
currentSize : 43 <-- 2.292585 s
currentSize : 44 <-- 2.292702 s
currentSize : 45 <-- 6.934284 s
currentSize : 46 <-- 6.935809 s
currentSize : 47 <-- 13.919703 s
currentSize : 48 <-- 13.919856 s
currentSize : 49 <-- 15.101199 s
currentSize : 50 <-- 16.175638 s
currentSize : 51 <-- 16.175804 s
currentSize : 54 <-- 19.128508 s
currentSize : 55 <-- 19.128738 s
currentSize : 56 <-- 21.828833 s

maxsize : 56
nodes : 5175044.000000
filtered : 36397740.000000
time : 27.868948
