Parameters: GAD=1 vflib=1 dir=0 label=0 vlabel=1 lowerbound=1 fileNameGp=../../cp2016-max-common-connected-subgraph-paper/datasets/graphsdb/mcs70/bvg/b03/mcs70_b03_s90.A05 fileNameGt=../../cp2016-max-common-connected-subgraph-paper/datasets/graphsdb/mcs70/bvg/b03/mcs70_b03_s90.B05
Reading graphs...
90 :  135
90 :  134
Initializing...
maxdom : 10
D->valSize : 595
Solving...
Blb : 2 (clique : 48)
currentSize : 48 <-- 0.007797 s
currentSize : 49 <-- 0.008208 s
currentSize : 50 <-- 0.008363 s
currentSize : 51 <-- 0.008458 s
currentSize : 52 <-- 0.008547 s
currentSize : 53 <-- 0.013473 s
currentSize : 54 <-- 0.015458 s
currentSize : 55 <-- 0.039732 s
currentSize : 56 <-- 0.048514 s
currentSize : 57 <-- 0.049072 s
currentSize : 58 <-- 0.049383 s
currentSize : 59 <-- 0.456726 s
currentSize : 60 <-- 0.589461 s
currentSize : 62 <-- 0.590215 s
currentSize : 63 <-- 0.590923 s

TIMEOUT
maxsize : 63
nodes : 150922231.000000
filtered : 1210165627.000000
time : 1000.000122
