Parameters: GAD=1 vflib=1 dir=0 label=0 vlabel=1 lowerbound=1 fileNameGp=../../cp2016-max-common-connected-subgraph-paper/datasets/graphsdb/mcs70/bvg/b06/mcs70_b06_s40.A00 fileNameGt=../../cp2016-max-common-connected-subgraph-paper/datasets/graphsdb/mcs70/bvg/b06/mcs70_b06_s40.B00
Reading graphs...
40 :  119
40 :  118
Initializing...
maxdom : 8
D->valSize : 204
Solving...
Blb : 3 (clique : 13)
currentSize : 13 <-- 0.001821 s
currentSize : 14 <-- 0.002582 s
currentSize : 15 <-- 0.007203 s
currentSize : 16 <-- 0.011538 s
currentSize : 17 <-- 0.011662 s
currentSize : 18 <-- 0.011919 s
currentSize : 19 <-- 0.043859 s
currentSize : 20 <-- 0.044776 s
currentSize : 21 <-- 0.046143 s
currentSize : 22 <-- 0.068655 s
currentSize : 23 <-- 0.089587 s
currentSize : 26 <-- 0.089720 s
currentSize : 28 <-- 0.089832 s

maxsize : 28
nodes : 16411.000000
filtered : 110903.000000
time : 0.094777
