Parameters: GAD=1 vflib=1 dir=0 label=0 vlabel=1 lowerbound=1 fileNameGp=../../cp2016-max-common-connected-subgraph-paper/datasets/graphsdb/mcs70/rand/r005/mcs70_r005_s90.A06 fileNameGt=../../cp2016-max-common-connected-subgraph-paper/datasets/graphsdb/mcs70/rand/r005/mcs70_r005_s90.B06
Reading graphs...
90 :  389
90 :  392
Initializing...
maxdom : 14
D->valSize : 581
Solving...
Blb : 2 (clique : 25)
currentSize : 25 <-- 0.006946 s
currentSize : 26 <-- 0.009218 s
currentSize : 27 <-- 0.010572 s
currentSize : 28 <-- 0.080812 s
currentSize : 29 <-- 0.080954 s
currentSize : 30 <-- 0.152139 s
currentSize : 32 <-- 0.162098 s
currentSize : 33 <-- 0.192695 s
currentSize : 34 <-- 0.192860 s
currentSize : 36 <-- 0.381408 s
currentSize : 38 <-- 0.390346 s
currentSize : 39 <-- 0.678348 s
currentSize : 40 <-- 0.681698 s
currentSize : 41 <-- 0.681863 s
currentSize : 43 <-- 0.682205 s
currentSize : 46 <-- 0.711598 s
currentSize : 48 <-- 1.230718 s
currentSize : 52 <-- 1.289507 s
currentSize : 53 <-- 2.703571 s
currentSize : 60 <-- 2.825389 s
currentSize : 63 <-- 2.825567 s

maxsize : 63
nodes : 642228.000000
filtered : 4587497.000000
time : 3.823099
