Parameters: GAD=1 vflib=1 dir=0 label=0 vlabel=1 lowerbound=1 fileNameGp=../../cp2016-max-common-connected-subgraph-paper/datasets/graphsdb/mcs70/rand/r02/mcs70_r02_s50.A06 fileNameGt=../../cp2016-max-common-connected-subgraph-paper/datasets/graphsdb/mcs70/rand/r02/mcs70_r02_s50.B06
Reading graphs...
50 :  436
50 :  434
Initializing...
maxdom : 11
D->valSize : 360
Solving...
Blb : 5 (clique : 10)
currentSize : 10 <-- 0.002556 s
currentSize : 11 <-- 0.002747 s
currentSize : 12 <-- 0.010978 s
currentSize : 13 <-- 0.074499 s
currentSize : 14 <-- 0.245403 s
currentSize : 19 <-- 0.249252 s
currentSize : 20 <-- 0.282913 s
currentSize : 35 <-- 0.300334 s

maxsize : 35
nodes : 69327.000000
filtered : 542779.000000
time : 0.303484
