Parameters: GAD=1 vflib=1 dir=0 label=0 vlabel=1 lowerbound=1 fileNameGp=../../cp2016-max-common-connected-subgraph-paper/datasets/graphsdb/mcs70/bvg/b09m/mcs70_b09m_s50.A05 fileNameGt=../../cp2016-max-common-connected-subgraph-paper/datasets/graphsdb/mcs70/bvg/b09m/mcs70_b09m_s50.B05
Reading graphs...
50 :  220
50 :  220
Initializing...
maxdom : 10
D->valSize : 356
Solving...
Blb : 2 (clique : 16)
currentSize : 16 <-- 0.002662 s
currentSize : 17 <-- 0.002819 s
currentSize : 18 <-- 0.002895 s
currentSize : 23 <-- 0.003135 s
currentSize : 25 <-- 0.140476 s
currentSize : 28 <-- 0.140768 s
currentSize : 29 <-- 0.141243 s
currentSize : 32 <-- 0.268743 s
currentSize : 33 <-- 0.269766 s
currentSize : 34 <-- 0.270187 s

maxsize : 34
nodes : 61877.000000
filtered : 688053.000000
time : 0.375438
