Parameters: GAD=1 vflib=1 dir=0 label=0 vlabel=1 lowerbound=1 fileNameGp=../../cp2016-max-common-connected-subgraph-paper/datasets/graphsdb/mcs70/rand/r005/mcs70_r005_s90.A09 fileNameGt=../../cp2016-max-common-connected-subgraph-paper/datasets/graphsdb/mcs70/rand/r005/mcs70_r005_s90.B09
Reading graphs...
90 :  390
90 :  390
Initializing...
maxdom : 9
D->valSize : 531
Solving...
Blb : 2 (clique : 33)
currentSize : 33 <-- 0.006108 s
currentSize : 34 <-- 0.006425 s
currentSize : 35 <-- 0.009428 s
currentSize : 37 <-- 0.017192 s
currentSize : 38 <-- 0.030638 s
currentSize : 40 <-- 0.046221 s
currentSize : 43 <-- 0.060920 s
currentSize : 46 <-- 0.066127 s
currentSize : 47 <-- 0.074380 s
currentSize : 51 <-- 0.074526 s
currentSize : 53 <-- 0.607622 s
currentSize : 57 <-- 0.607900 s
currentSize : 63 <-- 0.864396 s

maxsize : 63
nodes : 265830.000000
filtered : 2716008.000000
time : 1.766098
