Parameters: GAD=1 vflib=1 dir=0 label=0 vlabel=1 lowerbound=1 fileNameGp=../../cp2016-max-common-connected-subgraph-paper/datasets/graphsdb/mcs70/rand/r01/mcs70_r01_s50.A05 fileNameGt=../../cp2016-max-common-connected-subgraph-paper/datasets/graphsdb/mcs70/rand/r01/mcs70_r01_s50.B05
Reading graphs...
50 :  231
50 :  229
Initializing...
maxdom : 10
D->valSize : 342
Solving...
Blb : 3 (clique : 14)
currentSize : 14 <-- 0.002456 s
currentSize : 15 <-- 0.010696 s
currentSize : 16 <-- 0.038919 s
currentSize : 17 <-- 0.101944 s
currentSize : 18 <-- 0.102045 s
currentSize : 19 <-- 0.138075 s
currentSize : 20 <-- 0.344430 s
currentSize : 21 <-- 0.345393 s
currentSize : 23 <-- 0.474971 s
currentSize : 24 <-- 0.557410 s
currentSize : 25 <-- 0.557594 s
currentSize : 29 <-- 0.699522 s
currentSize : 35 <-- 0.733171 s

maxsize : 35
nodes : 150091.000000
filtered : 1586856.000000
time : 0.746208
