Parameters: GAD=1 vflib=1 dir=0 label=0 vlabel=1 lowerbound=1 fileNameGp=../../cp2016-max-common-connected-subgraph-paper/datasets/graphsdb/mcs70/m2D/m2D/mcs70_m2D_s60.A06 fileNameGt=../../cp2016-max-common-connected-subgraph-paper/datasets/graphsdb/mcs70/m2D/m2D/mcs70_m2D_s60.B06
Reading graphs...
60 :  104
60 :  103
Initializing...
maxdom : 9
D->valSize : 289
Solving...
Blb : 2 (clique : 28)
currentSize : 28 <-- 0.003608 s
currentSize : 29 <-- 0.004054 s
currentSize : 30 <-- 0.004171 s
currentSize : 31 <-- 0.004680 s
currentSize : 32 <-- 0.005371 s
currentSize : 33 <-- 0.012737 s
currentSize : 34 <-- 0.019914 s
currentSize : 35 <-- 0.433155 s
currentSize : 36 <-- 18.096651 s
currentSize : 37 <-- 48.432098 s

maxsize : 37
nodes : 16333855.000000
filtered : 78315278.000000
time : 64.227921
