Parameters: GAD=1 vflib=1 dir=0 label=0 vlabel=1 lowerbound=1 fileNameGp=../../cp2016-max-common-connected-subgraph-paper/datasets/graphsdb/mcs70/m2D/m2Dr4/mcs70_m2Dr4_s70.A04 fileNameGt=../../cp2016-max-common-connected-subgraph-paper/datasets/graphsdb/mcs70/m2D/m2Dr4/mcs70_m2Dr4_s70.B04
Reading graphs...
70 :  151
70 :  151
Initializing...
maxdom : 7
D->valSize : 335
Solving...
Blb : 3 (clique : 27)
currentSize : 27 <-- 0.002880 s
currentSize : 33 <-- 0.003081 s
currentSize : 36 <-- 0.005008 s
currentSize : 38 <-- 0.011447 s
currentSize : 39 <-- 0.012464 s
currentSize : 40 <-- 0.017123 s
currentSize : 41 <-- 0.061053 s
currentSize : 42 <-- 0.073024 s
currentSize : 43 <-- 0.083239 s
currentSize : 44 <-- 7.026470 s
currentSize : 48 <-- 7.029011 s
currentSize : 49 <-- 7.029407 s

maxsize : 49
nodes : 1815419.000000
filtered : 9238852.000000
time : 8.501262
