Parameters: GAD=1 vflib=1 dir=0 label=0 vlabel=1 lowerbound=1 fileNameGp=../../cp2016-max-common-connected-subgraph-paper/datasets/graphsdb/mcs70/m3D/m3Dr4/mcs70_m3Dr4_s100.A06 fileNameGt=../../cp2016-max-common-connected-subgraph-paper/datasets/graphsdb/mcs70/m3D/m3Dr4/mcs70_m3Dr4_s100.B06
Reading graphs...
100 :  275
100 :  274
Initializing...
maxdom : 9
D->valSize : 429
Solving...
Blb : 3 (clique : 41)
currentSize : 41 <-- 0.004812 s
currentSize : 42 <-- 5.787998 s
currentSize : 43 <-- 5.802154 s
currentSize : 44 <-- 20.344574 s
currentSize : 45 <-- 20.391249 s
currentSize : 46 <-- 20.420195 s
currentSize : 47 <-- 87.077599 s
currentSize : 48 <-- 120.316574 s
currentSize : 49 <-- 120.316978 s
currentSize : 50 <-- 207.213638 s
currentSize : 51 <-- 291.043365 s
currentSize : 52 <-- 308.721893 s
currentSize : 53 <-- 342.634125 s
currentSize : 54 <-- 371.430176 s
currentSize : 55 <-- 445.701508 s
currentSize : 56 <-- 491.105225 s
currentSize : 57 <-- 532.927917 s
currentSize : 58 <-- 627.561768 s
currentSize : 59 <-- 800.418518 s
currentSize : 60 <-- 800.429688 s

TIMEOUT
maxsize : 60
nodes : 193254256.000000
filtered : 821618562.000000
time : 1000.000122
