Parameters: GAD=1 vflib=1 dir=0 label=0 vlabel=1 lowerbound=1 fileNameGp=../../cp2016-max-common-connected-subgraph-paper/datasets/graphsdb/mcs70/bvg/b06m/mcs70_b06m_s60.A04 fileNameGt=../../cp2016-max-common-connected-subgraph-paper/datasets/graphsdb/mcs70/bvg/b06m/mcs70_b06m_s60.B04
Reading graphs...
60 :  178
60 :  179
Initializing...
maxdom : 8
D->valSize : 240
Solving...
Blb : 2 (clique : 25)
currentSize : 25 <-- 0.001794 s
currentSize : 26 <-- 0.021038 s
currentSize : 27 <-- 0.041051 s
currentSize : 28 <-- 0.173572 s
currentSize : 29 <-- 0.181255 s
currentSize : 30 <-- 0.200507 s
currentSize : 31 <-- 0.213840 s
currentSize : 32 <-- 0.213977 s
currentSize : 33 <-- 0.375639 s
currentSize : 34 <-- 0.398174 s
currentSize : 35 <-- 0.399481 s
currentSize : 37 <-- 0.598813 s
currentSize : 38 <-- 0.599103 s
currentSize : 39 <-- 0.599748 s
currentSize : 40 <-- 0.730109 s
currentSize : 41 <-- 0.730660 s
currentSize : 42 <-- 0.731897 s

maxsize : 42
nodes : 185771.000000
filtered : 885800.000000
time : 0.813206
