Parameters: GAD=1 vflib=1 dir=0 label=0 vlabel=1 lowerbound=1 fileNameGp=../../cp2016-max-common-connected-subgraph-paper/datasets/graphsdb/mcs70/bvg/b06/mcs70_b06_s80.A01 fileNameGt=../../cp2016-max-common-connected-subgraph-paper/datasets/graphsdb/mcs70/bvg/b06/mcs70_b06_s80.B01
Reading graphs...
80 :  240
80 :  240
Initializing...
maxdom : 9
D->valSize : 475
Solving...
Blb : 2 (clique : 29)
currentSize : 29 <-- 0.008093 s
currentSize : 31 <-- 0.262350 s
currentSize : 32 <-- 0.264543 s
currentSize : 33 <-- 1.273548 s
currentSize : 34 <-- 1.632154 s
currentSize : 35 <-- 3.209810 s
currentSize : 36 <-- 3.542057 s
currentSize : 37 <-- 3.543937 s
currentSize : 38 <-- 5.276560 s
currentSize : 42 <-- 6.070129 s
currentSize : 43 <-- 7.022854 s
currentSize : 45 <-- 7.471217 s
currentSize : 46 <-- 7.475112 s
currentSize : 49 <-- 55.393642 s
currentSize : 53 <-- 55.400745 s
currentSize : 54 <-- 55.426537 s
currentSize : 56 <-- 55.447441 s

maxsize : 56
nodes : 13654694.000000
filtered : 87604831.000000
time : 69.694504
