Parameters: GAD=1 vflib=1 dir=0 label=0 vlabel=1 lowerbound=1 fileNameGp=../../cp2016-max-common-connected-subgraph-paper/datasets/graphsdb/mcs70/rand/r001/mcs70_r001_s100.A00 fileNameGt=../../cp2016-max-common-connected-subgraph-paper/datasets/graphsdb/mcs70/rand/r001/mcs70_r001_s100.B00
Reading graphs...
100 :  120
100 :  120
Initializing...
maxdom : 8
D->valSize : 394
Solving...
Blb : 2 (clique : 59)
currentSize : 59 <-- 0.004872 s
currentSize : 60 <-- 0.005359 s
currentSize : 61 <-- 0.005966 s
currentSize : 62 <-- 0.044607 s
currentSize : 63 <-- 0.045401 s
currentSize : 64 <-- 1.046749 s
currentSize : 65 <-- 1.084076 s
currentSize : 66 <-- 1.085021 s
currentSize : 67 <-- 9.568613 s
currentSize : 68 <-- 74.833344 s
currentSize : 69 <-- 74.839874 s
currentSize : 70 <-- 74.852180 s

maxsize : 70
nodes : 26041937.000000
filtered : 98303235.000000
time : 146.275925
