Parameters: GAD=1 vflib=1 dir=0 label=0 vlabel=1 lowerbound=1 fileNameGp=../../cp2016-max-common-connected-subgraph-paper/datasets/graphsdb/mcs70/m2D/m2Dr2/mcs70_m2Dr2_s40.A05 fileNameGt=../../cp2016-max-common-connected-subgraph-paper/datasets/graphsdb/mcs70/m2D/m2Dr2/mcs70_m2Dr2_s40.B05
Reading graphs...
40 :  74
40 :  74
Initializing...
maxdom : 11
D->valSize : 225
Solving...
Blb : 2 (clique : 17)
currentSize : 17 <-- 0.002101 s
currentSize : 18 <-- 0.009178 s
currentSize : 19 <-- 0.021309 s
currentSize : 20 <-- 0.210671 s
currentSize : 21 <-- 0.901017 s
currentSize : 22 <-- 0.901087 s
currentSize : 23 <-- 1.052188 s
currentSize : 24 <-- 1.052287 s
currentSize : 26 <-- 1.292083 s

maxsize : 26
nodes : 300113.000000
filtered : 2681623.000000
time : 1.332855
