Parameters: GAD=1 vflib=1 dir=0 label=0 vlabel=1 lowerbound=1 fileNameGp=../../cp2016-max-common-connected-subgraph-paper/datasets/graphsdb/mcs70/rand/r02/mcs70_r02_s90.A05 fileNameGt=../../cp2016-max-common-connected-subgraph-paper/datasets/graphsdb/mcs70/rand/r02/mcs70_r02_s90.B05
Reading graphs...
90 :  1442
90 :  1438
Initializing...
maxdom : 10
D->valSize : 547
Solving...
Blb : 2 (clique : 11)
currentSize : 11 <-- 0.005910 s
currentSize : 12 <-- 0.006117 s
currentSize : 13 <-- 0.009010 s
currentSize : 14 <-- 0.039623 s
currentSize : 15 <-- 0.040401 s
currentSize : 24 <-- 0.040656 s
currentSize : 39 <-- 0.182330 s
currentSize : 40 <-- 0.282035 s
currentSize : 63 <-- 0.376876 s

maxsize : 63
nodes : 52749.000000
filtered : 825218.000000
time : 0.393425
