Parameters: GAD=1 vflib=1 dir=0 label=0 vlabel=1 lowerbound=1 fileNameGp=../../cp2016-max-common-connected-subgraph-paper/datasets/graphsdb/mcs70/bvg/b03/mcs70_b03_s100.A05 fileNameGt=../../cp2016-max-common-connected-subgraph-paper/datasets/graphsdb/mcs70/bvg/b03/mcs70_b03_s100.B05
Reading graphs...
100 :  150
100 :  150
Initializing...
maxdom : 7
D->valSize : 359
Solving...
Blb : 2 (clique : 52)
currentSize : 52 <-- 0.003921 s
currentSize : 53 <-- 0.004607 s
currentSize : 54 <-- 0.006954 s
currentSize : 55 <-- 12.373259 s
currentSize : 56 <-- 12.373653 s
currentSize : 57 <-- 12.382993 s
currentSize : 58 <-- 72.215118 s
currentSize : 59 <-- 72.246872 s
currentSize : 60 <-- 79.372971 s
currentSize : 61 <-- 121.537567 s
currentSize : 62 <-- 121.544334 s
currentSize : 63 <-- 123.900032 s
currentSize : 64 <-- 215.769211 s
currentSize : 65 <-- 216.516144 s
currentSize : 66 <-- 216.863434 s
currentSize : 67 <-- 278.533142 s
currentSize : 68 <-- 455.238739 s
currentSize : 69 <-- 455.239441 s
currentSize : 70 <-- 455.407806 s

maxsize : 70
nodes : 129584670.000000
filtered : 400536286.000000
time : 651.724976
