Parameters: GAD=1 vflib=1 dir=0 label=0 vlabel=1 lowerbound=1 fileNameGp=../../cp2016-max-common-connected-subgraph-paper/datasets/graphsdb/mcs70/bvg/b06m/mcs70_b06m_s80.A04 fileNameGt=../../cp2016-max-common-connected-subgraph-paper/datasets/graphsdb/mcs70/bvg/b06m/mcs70_b06m_s80.B04
Reading graphs...
80 :  238
80 :  237
Initializing...
maxdom : 10
D->valSize : 438
Solving...
Blb : 3 (clique : 37)
currentSize : 37 <-- 0.007246 s
currentSize : 38 <-- 0.671190 s
currentSize : 42 <-- 0.730719 s
currentSize : 49 <-- 5.704973 s
currentSize : 50 <-- 5.705284 s
currentSize : 55 <-- 30.346796 s
currentSize : 56 <-- 30.347313 s

maxsize : 56
nodes : 6791343.000000
filtered : 41136141.000000
time : 34.649902
