Parameters: GAD=1 vflib=1 dir=0 label=0 vlabel=1 lowerbound=1 fileNameGp=../../cp2016-max-common-connected-subgraph-paper/datasets/graphsdb/mcs70/bvg/b06/mcs70_b06_s50.A09 fileNameGt=../../cp2016-max-common-connected-subgraph-paper/datasets/graphsdb/mcs70/bvg/b06/mcs70_b06_s50.B09
Reading graphs...
50 :  149
50 :  149
Initializing...
maxdom : 8
D->valSize : 336
Solving...
Blb : 2 (clique : 16)
currentSize : 16 <-- 0.002453 s
currentSize : 17 <-- 0.004216 s
currentSize : 18 <-- 0.004498 s
currentSize : 19 <-- 0.004674 s
currentSize : 20 <-- 0.014027 s
currentSize : 21 <-- 0.088323 s
currentSize : 22 <-- 0.748444 s
currentSize : 23 <-- 0.818726 s
currentSize : 26 <-- 0.846214 s
currentSize : 28 <-- 2.320265 s
currentSize : 30 <-- 2.320392 s
currentSize : 34 <-- 2.783764 s
currentSize : 35 <-- 2.783998 s

maxsize : 35
nodes : 623420.000000
filtered : 6390651.000000
time : 2.888441
