Parameters: GAD=1 vflib=1 dir=0 label=0 vlabel=1 lowerbound=1 fileNameGp=../../cp2016-max-common-connected-subgraph-paper/datasets/graphsdb/mcs70/m2D/m2Dr2/mcs70_m2Dr2_s80.A07 fileNameGt=../../cp2016-max-common-connected-subgraph-paper/datasets/graphsdb/mcs70/m2D/m2Dr2/mcs70_m2Dr2_s80.B07
Reading graphs...
80 :  158
80 :  157
Initializing...
maxdom : 11
D->valSize : 450
Solving...
Blb : 2 (clique : 33)
currentSize : 33 <-- 0.004492 s
currentSize : 34 <-- 0.004798 s
currentSize : 35 <-- 0.006955 s
currentSize : 36 <-- 1.737674 s
currentSize : 37 <-- 1.737794 s
currentSize : 38 <-- 1.737997 s
currentSize : 39 <-- 6.097018 s
currentSize : 40 <-- 11.499695 s
currentSize : 41 <-- 11.500294 s
currentSize : 42 <-- 11.545465 s
currentSize : 43 <-- 32.061565 s
currentSize : 44 <-- 52.952091 s
currentSize : 45 <-- 85.499435 s
currentSize : 46 <-- 89.592384 s
currentSize : 47 <-- 106.097923 s
currentSize : 48 <-- 137.288986 s
currentSize : 49 <-- 137.289429 s
currentSize : 50 <-- 137.304367 s

maxsize : 50
nodes : 72824681.000000
filtered : 524103592.000000
time : 402.350861
