Parameters: GAD=1 vflib=1 dir=0 label=0 vlabel=1 lowerbound=1 fileNameGp=../../cp2016-max-common-connected-subgraph-paper/datasets/graphsdb/mcs70/m2D/m2Dr6/mcs70_m2Dr6_s80.A09 fileNameGt=../../cp2016-max-common-connected-subgraph-paper/datasets/graphsdb/mcs70/m2D/m2Dr6/mcs70_m2Dr6_s80.B09
Reading graphs...
80 :  189
80 :  189
Initializing...
maxdom : 9
D->valSize : 441
Solving...
Blb : 3 (clique : 30)
currentSize : 30 <-- 0.004517 s
currentSize : 42 <-- 0.004761 s
currentSize : 43 <-- 0.004951 s
currentSize : 45 <-- 0.006980 s
currentSize : 46 <-- 0.007194 s
currentSize : 47 <-- 0.016443 s
currentSize : 48 <-- 0.016588 s
currentSize : 49 <-- 0.021713 s

TIMEOUT
maxsize : 49
nodes : 207670664.000000
filtered : 1055154844.000000
time : 1000.000122
