Parameters: GAD=1 vflib=1 dir=0 label=0 vlabel=1 lowerbound=1 fileNameGp=../../cp2016-max-common-connected-subgraph-paper/datasets/graphsdb/mcs70/m3D/m3Dr6/mcs70_m3Dr6_s40.A07 fileNameGt=../../cp2016-max-common-connected-subgraph-paper/datasets/graphsdb/mcs70/m3D/m3Dr6/mcs70_m3Dr6_s40.B07
Reading graphs...
40 :  107
40 :  104
Initializing...
maxdom : 8
D->valSize : 226
Solving...
Blb : 2 (clique : 17)
currentSize : 17 <-- 0.001413 s
currentSize : 18 <-- 0.005750 s
currentSize : 19 <-- 0.108517 s
currentSize : 20 <-- 0.124334 s
currentSize : 22 <-- 0.124390 s
currentSize : 23 <-- 0.124567 s
currentSize : 24 <-- 0.125084 s
currentSize : 26 <-- 0.125197 s
currentSize : 27 <-- 0.125464 s

maxsize : 27
nodes : 27628.000000
filtered : 184046.000000
time : 0.148659
