Parameters: GAD=1 vflib=1 dir=0 label=0 vlabel=1 lowerbound=1 fileNameGp=../../cp2016-max-common-connected-subgraph-paper/datasets/graphsdb/mcs70/m3D/m3Dr6/mcs70_m3Dr6_s90.A06 fileNameGt=../../cp2016-max-common-connected-subgraph-paper/datasets/graphsdb/mcs70/m3D/m3Dr6/mcs70_m3Dr6_s90.B06
Reading graphs...
90 :  260
90 :  256
Initializing...
maxdom : 9
D->valSize : 549
Solving...
Blb : 5 (clique : 34)
currentSize : 34 <-- 0.006427 s
currentSize : 35 <-- 0.014765 s
currentSize : 36 <-- 0.014841 s
currentSize : 37 <-- 0.034427 s
currentSize : 39 <-- 0.096817 s
currentSize : 40 <-- 0.252873 s
currentSize : 42 <-- 0.291017 s
currentSize : 44 <-- 0.437097 s
currentSize : 46 <-- 0.831387 s
currentSize : 47 <-- 1.171151 s
currentSize : 50 <-- 1.171292 s
currentSize : 51 <-- 1.171599 s
currentSize : 52 <-- 68.400024 s
currentSize : 53 <-- 68.454765 s
currentSize : 56 <-- 68.454910 s
currentSize : 57 <-- 68.455315 s
currentSize : 58 <-- 88.869850 s
currentSize : 59 <-- 88.875175 s
currentSize : 63 <-- 88.875328 s
currentSize : 64 <-- 88.875809 s

maxsize : 64
nodes : 19762488.000000
filtered : 149492748.000000
time : 114.650703
