Parameters: GAD=1 vflib=1 dir=0 label=0 vlabel=1 lowerbound=1 fileNameGp=../../cp2016-max-common-connected-subgraph-paper/datasets/graphsdb/mcs70/m2D/m2Dr2/mcs70_m2Dr2_s70.A05 fileNameGt=../../cp2016-max-common-connected-subgraph-paper/datasets/graphsdb/mcs70/m2D/m2Dr2/mcs70_m2Dr2_s70.B05
Reading graphs...
70 :  136
70 :  135
Initializing...
maxdom : 8
D->valSize : 342
Solving...
Blb : 2 (clique : 32)
currentSize : 32 <-- 0.003100 s
currentSize : 33 <-- 0.003338 s
currentSize : 34 <-- 0.003477 s
currentSize : 35 <-- 0.005911 s
currentSize : 36 <-- 0.010517 s
currentSize : 37 <-- 0.023843 s
currentSize : 38 <-- 0.023994 s
currentSize : 39 <-- 0.024139 s
currentSize : 40 <-- 0.041187 s
currentSize : 42 <-- 0.193083 s
currentSize : 43 <-- 0.193249 s
currentSize : 45 <-- 0.494717 s
currentSize : 47 <-- 0.494926 s
currentSize : 48 <-- 0.495186 s
currentSize : 49 <-- 1.365082 s

maxsize : 49
nodes : 550363.000000
filtered : 2314328.000000
time : 2.452599
