Parameters: GAD=1 vflib=1 dir=0 label=0 vlabel=1 lowerbound=1 fileNameGp=../../cp2016-max-common-connected-subgraph-paper/datasets/graphsdb/mcs70/m2D/m2D/mcs70_m2D_s70.A07 fileNameGt=../../cp2016-max-common-connected-subgraph-paper/datasets/graphsdb/mcs70/m2D/m2D/mcs70_m2D_s70.B07
Reading graphs...
70 :  123
70 :  123
Initializing...
maxdom : 9
D->valSize : 352
Solving...
Blb : 2 (clique : 32)
currentSize : 32 <-- 0.003227 s
currentSize : 35 <-- 0.003437 s
currentSize : 36 <-- 0.008743 s
currentSize : 37 <-- 0.020351 s
currentSize : 39 <-- 0.253639 s
currentSize : 40 <-- 0.268515 s
currentSize : 41 <-- 0.373938 s
currentSize : 42 <-- 0.401632 s
currentSize : 43 <-- 0.558462 s
currentSize : 44 <-- 0.559293 s
currentSize : 45 <-- 1.043633 s
currentSize : 48 <-- 1.055032 s
currentSize : 49 <-- 1.103875 s
currentSize : 50 <-- 1.104157 s

maxsize : 50
nodes : 447871.000000
filtered : 2070517.000000
time : 1.991663
