Parameters: GAD=1 vflib=1 dir=0 label=0 vlabel=1 lowerbound=1 fileNameGp=../../cp2016-max-common-connected-subgraph-paper/datasets/graphsdb/mcs70/m3D/m3Dr2/mcs70_m3Dr2_s90.A09 fileNameGt=../../cp2016-max-common-connected-subgraph-paper/datasets/graphsdb/mcs70/m3D/m3Dr2/mcs70_m3Dr2_s90.B09
Reading graphs...
90 :  225
90 :  224
Initializing...
maxdom : 11
D->valSize : 575
Solving...
Blb : 3 (clique : 46)
currentSize : 46 <-- 0.011595 s
currentSize : 47 <-- 0.556616 s
currentSize : 48 <-- 0.823009 s
currentSize : 49 <-- 4.973900 s
currentSize : 51 <-- 24.633991 s
currentSize : 54 <-- 31.280884 s
currentSize : 55 <-- 31.281082 s
currentSize : 56 <-- 34.067841 s
currentSize : 57 <-- 63.811928 s
currentSize : 58 <-- 63.812038 s
currentSize : 59 <-- 107.961075 s
currentSize : 61 <-- 108.225182 s
currentSize : 62 <-- 112.062485 s
currentSize : 63 <-- 176.066895 s
currentSize : 64 <-- 179.458298 s

maxsize : 64
nodes : 119239990.000000
filtered : 638938100.000000
time : 620.162048
