Parameters: GAD=1 vflib=1 dir=0 label=0 vlabel=1 lowerbound=1 fileNameGp=../../cp2016-max-common-connected-subgraph-paper/datasets/graphsdb/mcs70/m3D/m3D/mcs70_m3D_s100.A03 fileNameGt=../../cp2016-max-common-connected-subgraph-paper/datasets/graphsdb/mcs70/m3D/m3D/mcs70_m3D_s100.B03
Reading graphs...
100 :  235
100 :  235
Initializing...
maxdom : 6
D->valSize : 368
Solving...
Blb : 2 (clique : 40)
currentSize : 40 <-- 0.003833 s
currentSize : 41 <-- 0.004147 s
currentSize : 42 <-- 0.004431 s
currentSize : 43 <-- 0.005841 s
currentSize : 44 <-- 0.006179 s
currentSize : 45 <-- 0.006408 s
currentSize : 46 <-- 0.006847 s
currentSize : 47 <-- 0.008872 s
currentSize : 48 <-- 0.166436 s
currentSize : 49 <-- 0.166871 s
currentSize : 50 <-- 1.439119 s
currentSize : 51 <-- 1.945727 s
currentSize : 52 <-- 1.952264 s
currentSize : 53 <-- 639.287781 s
currentSize : 54 <-- 639.375488 s
currentSize : 55 <-- 639.377991 s
currentSize : 56 <-- 640.484314 s
currentSize : 57 <-- 641.814697 s
currentSize : 58 <-- 641.817627 s
currentSize : 59 <-- 641.819153 s

TIMEOUT
maxsize : 59
nodes : 214007574.000000
filtered : 549950461.000000
time : 1000.000122
