Parameters: GAD=1 vflib=1 dir=0 label=0 vlabel=1 lowerbound=1 fileNameGp=../../cp2016-max-common-connected-subgraph-paper/datasets/graphsdb/mcs70/m2D/m2Dr4/mcs70_m2Dr4_s60.A01 fileNameGt=../../cp2016-max-common-connected-subgraph-paper/datasets/graphsdb/mcs70/m2D/m2Dr4/mcs70_m2Dr4_s60.B01
Reading graphs...
60 :  127
60 :  127
Initializing...
maxdom : 7
D->valSize : 252
Solving...
Blb : 2 (clique : 28)
currentSize : 28 <-- 0.001820 s
currentSize : 29 <-- 0.002069 s
currentSize : 30 <-- 0.002142 s
currentSize : 31 <-- 0.002319 s
currentSize : 33 <-- 0.002464 s
currentSize : 34 <-- 0.061866 s
currentSize : 36 <-- 0.062512 s
currentSize : 37 <-- 0.062646 s

maxsize : 37
nodes : 797332.000000
filtered : 4511908.000000
time : 3.463678
