Parameters: GAD=1 vflib=1 dir=0 label=0 vlabel=1 lowerbound=1 fileNameGp=../../cp2016-max-common-connected-subgraph-paper/datasets/graphsdb/mcs70/bvg/b06/mcs70_b06_s50.A07 fileNameGt=../../cp2016-max-common-connected-subgraph-paper/datasets/graphsdb/mcs70/bvg/b06/mcs70_b06_s50.B07
Reading graphs...
50 :  148
50 :  148
Initializing...
maxdom : 10
D->valSize : 339
Solving...
Blb : 2 (clique : 18)
currentSize : 18 <-- 0.002449 s
currentSize : 19 <-- 0.002662 s
currentSize : 20 <-- 0.002935 s
currentSize : 21 <-- 0.002986 s
currentSize : 23 <-- 0.009125 s
currentSize : 24 <-- 0.009211 s
currentSize : 25 <-- 0.023694 s
currentSize : 26 <-- 0.023814 s
currentSize : 27 <-- 0.085859 s
currentSize : 28 <-- 0.085927 s
currentSize : 31 <-- 0.201064 s
currentSize : 35 <-- 0.201502 s

maxsize : 35
nodes : 82998.000000
filtered : 564187.000000
time : 0.346908
