Parameters: GAD=1 vflib=1 dir=0 label=0 vlabel=1 lowerbound=1 fileNameGp=../../cp2016-max-common-connected-subgraph-paper/datasets/graphsdb/mcs70/rand/r01/mcs70_r01_s90.A06 fileNameGt=../../cp2016-max-common-connected-subgraph-paper/datasets/graphsdb/mcs70/rand/r01/mcs70_r01_s90.B06
Reading graphs...
90 :  767
90 :  762
Initializing...
maxdom : 12
D->valSize : 599
Solving...
Blb : 2 (clique : 15)
currentSize : 15 <-- 0.007120 s
currentSize : 16 <-- 0.007416 s
currentSize : 17 <-- 0.015894 s
currentSize : 18 <-- 0.071312 s
currentSize : 19 <-- 1.437132 s
currentSize : 22 <-- 1.529048 s
currentSize : 23 <-- 3.586840 s
currentSize : 26 <-- 3.587709 s
currentSize : 27 <-- 3.587936 s
currentSize : 32 <-- 5.497468 s
currentSize : 44 <-- 6.081879 s
currentSize : 46 <-- 6.722666 s
currentSize : 48 <-- 6.884441 s
currentSize : 49 <-- 6.905965 s
currentSize : 63 <-- 6.906358 s

maxsize : 63
nodes : 1069327.000000
filtered : 11167216.000000
time : 6.984715
