Parameters: GAD=1 vflib=1 dir=0 label=0 vlabel=1 lowerbound=1 fileNameGp=../../cp2016-max-common-connected-subgraph-paper/datasets/graphsdb/mcs70/m2D/m2D/mcs70_m2D_s70.A04 fileNameGt=../../cp2016-max-common-connected-subgraph-paper/datasets/graphsdb/mcs70/m2D/m2D/mcs70_m2D_s70.B04
Reading graphs...
70 :  123
70 :  123
Initializing...
maxdom : 8
D->valSize : 347
Solving...
Blb : 2 (clique : 40)
currentSize : 40 <-- 0.003071 s
currentSize : 41 <-- 0.003396 s
currentSize : 43 <-- 0.004835 s
currentSize : 44 <-- 0.713845 s
currentSize : 45 <-- 37.138348 s
currentSize : 46 <-- 37.369591 s
currentSize : 47 <-- 42.771179 s
currentSize : 48 <-- 54.360096 s
currentSize : 49 <-- 54.410191 s
currentSize : 50 <-- 59.498009 s

maxsize : 50
nodes : 14737825.000000
filtered : 62719827.000000
time : 64.091110
