Parameters: GAD=1 vflib=1 dir=0 label=0 vlabel=1 lowerbound=1 fileNameGp=../../cp2016-max-common-connected-subgraph-paper/datasets/graphsdb/mcs70/rand/r005/mcs70_r005_s40.A01 fileNameGt=../../cp2016-max-common-connected-subgraph-paper/datasets/graphsdb/mcs70/rand/r005/mcs70_r005_s40.B01
Reading graphs...
40 :  76
40 :  77
Initializing...
maxdom : 8
D->valSize : 213
Solving...
Blb : 2 (clique : 18)
currentSize : 18 <-- 0.001238 s
currentSize : 19 <-- 0.001358 s
currentSize : 20 <-- 0.001574 s
currentSize : 21 <-- 0.002193 s
currentSize : 22 <-- 0.002260 s
currentSize : 23 <-- 0.002506 s
currentSize : 25 <-- 0.002921 s
currentSize : 26 <-- 0.025846 s
currentSize : 27 <-- 0.027740 s
currentSize : 28 <-- 0.033212 s

maxsize : 28
nodes : 10421.000000
filtered : 83402.000000
time : 0.043912
