Parameters: GAD=1 vflib=1 dir=0 label=0 vlabel=1 lowerbound=1 fileNameGp=../../cp2016-max-common-connected-subgraph-paper/datasets/graphsdb/mcs70/bvg/b03m/mcs70_b03m_s40.A02 fileNameGt=../../cp2016-max-common-connected-subgraph-paper/datasets/graphsdb/mcs70/bvg/b03m/mcs70_b03m_s40.B02
Reading graphs...
40 :  60
40 :  60
Initializing...
maxdom : 7
D->valSize : 224
Solving...
Blb : 2 (clique : 18)
currentSize : 18 <-- 0.001319 s
currentSize : 19 <-- 0.011239 s
currentSize : 20 <-- 0.016893 s
currentSize : 22 <-- 0.017006 s
currentSize : 23 <-- 0.030170 s
currentSize : 24 <-- 0.042684 s
currentSize : 25 <-- 0.056623 s
currentSize : 26 <-- 0.069987 s
currentSize : 27 <-- 0.070187 s
currentSize : 28 <-- 0.076954 s
currentSize : 29 <-- 0.077176 s

maxsize : 29
nodes : 16960.000000
filtered : 99019.000000
time : 0.082371
