Parameters: GAD=1 vflib=1 dir=0 label=0 vlabel=1 lowerbound=1 fileNameGp=../../cp2016-max-common-connected-subgraph-paper/datasets/graphsdb/mcs70/bvg/b03m/mcs70_b03m_s50.A01 fileNameGt=../../cp2016-max-common-connected-subgraph-paper/datasets/graphsdb/mcs70/bvg/b03m/mcs70_b03m_s50.B01
Reading graphs...
50 :  75
50 :  75
Initializing...
maxdom : 9
D->valSize : 355
Solving...
Blb : 3 (clique : 24)
currentSize : 24 <-- 0.004484 s
currentSize : 25 <-- 0.265459 s
currentSize : 26 <-- 0.788621 s
currentSize : 27 <-- 0.881047 s
currentSize : 28 <-- 1.877902 s
currentSize : 29 <-- 2.804879 s
currentSize : 30 <-- 3.555295 s
currentSize : 31 <-- 3.581727 s
currentSize : 32 <-- 5.404159 s
currentSize : 33 <-- 7.694572 s
currentSize : 34 <-- 7.694837 s

maxsize : 34
nodes : 2674330.000000
filtered : 24290379.000000
time : 12.665724
