Parameters: GAD=1 vflib=1 dir=0 label=0 vlabel=1 lowerbound=1 fileNameGp=../../cp2016-max-common-connected-subgraph-paper/datasets/graphsdb/mcs70/rand/r02/mcs70_r02_s100.A02 fileNameGt=../../cp2016-max-common-connected-subgraph-paper/datasets/graphsdb/mcs70/rand/r02/mcs70_r02_s100.B02
Reading graphs...
100 :  1753
100 :  1766
Initializing...
maxdom : 7
D->valSize : 399
Solving...
Blb : 2 (clique : 11)
currentSize : 11 <-- 0.004329 s
currentSize : 13 <-- 0.004469 s
currentSize : 14 <-- 0.015151 s
currentSize : 15 <-- 0.022651 s
currentSize : 21 <-- 0.023641 s
currentSize : 22 <-- 0.045540 s
currentSize : 31 <-- 0.046017 s
currentSize : 39 <-- 0.056136 s
currentSize : 46 <-- 0.076503 s
currentSize : 70 <-- 0.092131 s

maxsize : 70
nodes : 13527.000000
filtered : 142242.000000
time : 0.102365
