Parameters: GAD=1 vflib=1 dir=0 label=0 vlabel=1 lowerbound=1 fileNameGp=../../cp2016-max-common-connected-subgraph-paper/datasets/graphsdb/mcs70/m3D/m3Dr6/mcs70_m3Dr6_s40.A01 fileNameGt=../../cp2016-max-common-connected-subgraph-paper/datasets/graphsdb/mcs70/m3D/m3Dr6/mcs70_m3Dr6_s40.B01
Reading graphs...
40 :  104
40 :  104
Initializing...
maxdom : 8
D->valSize : 217
Solving...
Blb : 2 (clique : 15)
currentSize : 15 <-- 0.001367 s
currentSize : 16 <-- 0.002705 s
currentSize : 17 <-- 0.003082 s
currentSize : 18 <-- 0.206742 s
currentSize : 19 <-- 0.207386 s
currentSize : 20 <-- 0.244035 s
currentSize : 21 <-- 0.320541 s
currentSize : 22 <-- 0.320731 s
currentSize : 23 <-- 0.348257 s
currentSize : 24 <-- 0.385262 s
currentSize : 26 <-- 0.385641 s
currentSize : 27 <-- 0.385699 s

maxsize : 27
nodes : 101048.000000
filtered : 762412.000000
time : 0.394334
