Parameters: GAD=1 vflib=1 dir=0 label=0 vlabel=1 lowerbound=1 fileNameGp=../../cp2016-max-common-connected-subgraph-paper/datasets/graphsdb/mcs70/bvg/b09/mcs70_b09_s70.A08 fileNameGt=../../cp2016-max-common-connected-subgraph-paper/datasets/graphsdb/mcs70/bvg/b09/mcs70_b09_s70.B08
Reading graphs...
70 :  314
70 :  311
Initializing...
maxdom : 9
D->valSize : 368
Solving...
Blb : 5 (clique : 17)
currentSize : 17 <-- 0.003059 s
currentSize : 18 <-- 0.016616 s
currentSize : 19 <-- 0.039047 s
currentSize : 20 <-- 0.124575 s
currentSize : 21 <-- 0.795145 s
currentSize : 22 <-- 0.796096 s
currentSize : 23 <-- 0.800802 s
currentSize : 24 <-- 0.818862 s
currentSize : 25 <-- 0.818973 s
currentSize : 26 <-- 0.928844 s
currentSize : 27 <-- 3.090186 s
currentSize : 28 <-- 5.089016 s
currentSize : 29 <-- 5.161717 s
currentSize : 30 <-- 5.841412 s
currentSize : 37 <-- 5.952491 s
currentSize : 39 <-- 5.952614 s
currentSize : 40 <-- 5.952935 s
currentSize : 42 <-- 5.955168 s
currentSize : 43 <-- 5.955557 s
currentSize : 47 <-- 6.247549 s
currentSize : 48 <-- 6.247978 s

maxsize : 48
nodes : 1297256.000000
filtered : 10058714.000000
time : 6.667351
