Parameters: GAD=1 vflib=1 dir=0 label=0 vlabel=1 lowerbound=1 fileNameGp=../../cp2016-max-common-connected-subgraph-paper/datasets/graphsdb/mcs70/rand/r005/mcs70_r005_s40.A08 fileNameGt=../../cp2016-max-common-connected-subgraph-paper/datasets/graphsdb/mcs70/rand/r005/mcs70_r005_s40.B08
Reading graphs...
40 :  76
40 :  75
Initializing...
maxdom : 9
D->valSize : 205
Solving...
Blb : 5 (clique : 17)
currentSize : 17 <-- 0.001194 s
currentSize : 18 <-- 0.002237 s
currentSize : 19 <-- 0.003457 s
currentSize : 20 <-- 0.003499 s
currentSize : 21 <-- 0.003602 s
currentSize : 22 <-- 0.004831 s
currentSize : 23 <-- 0.013507 s
currentSize : 25 <-- 0.021397 s
currentSize : 27 <-- 0.021703 s
currentSize : 29 <-- 0.024887 s

maxsize : 29
nodes : 6533.000000
filtered : 55563.000000
time : 0.030363
