Parameters: GAD=1 vflib=1 dir=0 label=0 vlabel=1 lowerbound=1 fileNameGp=../../cp2016-max-common-connected-subgraph-paper/datasets/graphsdb/mcs70/bvg/b09/mcs70_b09_s70.A03 fileNameGt=../../cp2016-max-common-connected-subgraph-paper/datasets/graphsdb/mcs70/bvg/b09/mcs70_b09_s70.B03
Reading graphs...
70 :  313
70 :  310
Initializing...
maxdom : 9
D->valSize : 356
Solving...
Blb : 3 (clique : 21)
currentSize : 21 <-- 0.003172 s
currentSize : 22 <-- 0.003761 s
currentSize : 23 <-- 0.417793 s
currentSize : 24 <-- 0.660523 s
currentSize : 25 <-- 0.759518 s
currentSize : 26 <-- 1.374611 s
currentSize : 27 <-- 1.592410 s
currentSize : 28 <-- 1.794207 s
currentSize : 29 <-- 3.548756 s
currentSize : 30 <-- 3.768268 s
currentSize : 31 <-- 6.709293 s
currentSize : 33 <-- 6.803918 s
currentSize : 36 <-- 6.810194 s
currentSize : 43 <-- 7.020935 s
currentSize : 44 <-- 7.021430 s
currentSize : 45 <-- 7.021749 s
currentSize : 46 <-- 7.022275 s
currentSize : 48 <-- 7.022536 s

maxsize : 48
nodes : 1508580.000000
filtered : 9539100.000000
time : 7.361867
