Parameters: GAD=1 vflib=1 dir=0 label=0 vlabel=1 lowerbound=1 fileNameGp=../../cp2016-max-common-connected-subgraph-paper/datasets/graphsdb/mcs70/bvg/b03m/mcs70_b03m_s100.A08 fileNameGt=../../cp2016-max-common-connected-subgraph-paper/datasets/graphsdb/mcs70/bvg/b03m/mcs70_b03m_s100.B08
Reading graphs...
100 :  150
100 :  150
Initializing...
maxdom : 6
D->valSize : 378
Solving...
Blb : 3 (clique : 56)
currentSize : 56 <-- 0.007055 s
currentSize : 57 <-- 0.008341 s
currentSize : 58 <-- 0.015137 s
currentSize : 59 <-- 0.149617 s
currentSize : 60 <-- 0.167664 s
currentSize : 61 <-- 5.392941 s
currentSize : 62 <-- 5.395909 s
currentSize : 63 <-- 41.324505 s
currentSize : 64 <-- 41.473553 s
currentSize : 65 <-- 51.003632 s
currentSize : 66 <-- 51.004063 s
currentSize : 67 <-- 169.777710 s
currentSize : 68 <-- 345.965881 s
currentSize : 69 <-- 467.492371 s
currentSize : 70 <-- 568.417908 s
currentSize : 71 <-- 568.424866 s

maxsize : 71
nodes : 117998824.000000
filtered : 369954051.000000
time : 618.961609
