Parameters: GAD=1 vflib=1 dir=0 label=0 vlabel=1 lowerbound=1 fileNameGp=../../cp2016-max-common-connected-subgraph-paper/datasets/graphsdb/mcs70/m3D/m3D/mcs70_m3D_s100.A07 fileNameGt=../../cp2016-max-common-connected-subgraph-paper/datasets/graphsdb/mcs70/m3D/m3D/mcs70_m3D_s100.B07
Reading graphs...
100 :  235
100 :  235
Initializing...
maxdom : 6
D->valSize : 367
Solving...
Blb : 2 (clique : 48)
currentSize : 48 <-- 0.004069 s
currentSize : 50 <-- 0.004422 s
currentSize : 53 <-- 0.015068 s
currentSize : 55 <-- 0.015192 s
currentSize : 56 <-- 0.018153 s
currentSize : 58 <-- 0.019995 s
currentSize : 59 <-- 0.024104 s
currentSize : 60 <-- 0.024523 s
currentSize : 61 <-- 0.382753 s
currentSize : 62 <-- 0.383216 s
currentSize : 63 <-- 43.001038 s
currentSize : 64 <-- 43.001514 s

maxsize : 64
nodes : 61863585.000000
filtered : 282106535.000000
time : 353.283752
