Parameters: GAD=1 vflib=1 dir=0 label=0 vlabel=1 lowerbound=1 fileNameGp=../../cp2016-max-common-connected-subgraph-paper/datasets/graphsdb/mcs70/m2D/m2D/mcs70_m2D_s60.A08 fileNameGt=../../cp2016-max-common-connected-subgraph-paper/datasets/graphsdb/mcs70/m2D/m2D/mcs70_m2D_s60.B08
Reading graphs...
60 :  104
60 :  104
Initializing...
maxdom : 10
D->valSize : 294
Solving...
Blb : 2 (clique : 28)
currentSize : 28 <-- 0.003327 s
currentSize : 29 <-- 0.003526 s
currentSize : 30 <-- 0.004326 s
currentSize : 31 <-- 0.007703 s
currentSize : 32 <-- 0.015370 s
currentSize : 33 <-- 0.030066 s
currentSize : 34 <-- 17.598518 s
currentSize : 35 <-- 17.649906 s
currentSize : 36 <-- 17.649992 s

maxsize : 36
nodes : 7175029.000000
filtered : 41181340.000000
time : 31.256081
