Parameters: GAD=1 vflib=1 dir=0 label=0 vlabel=1 lowerbound=1 fileNameGp=../../cp2016-max-common-connected-subgraph-paper/datasets/graphsdb/mcs70/bvg/b03/mcs70_b03_s60.A09 fileNameGt=../../cp2016-max-common-connected-subgraph-paper/datasets/graphsdb/mcs70/bvg/b03/mcs70_b03_s60.B09
Reading graphs...
60 :  90
60 :  90
Initializing...
maxdom : 9
D->valSize : 271
Solving...
Blb : 2 (clique : 28)
currentSize : 28 <-- 0.002093 s
currentSize : 29 <-- 0.119985 s
currentSize : 30 <-- 0.911364 s
currentSize : 31 <-- 1.090651 s
currentSize : 32 <-- 1.322496 s
currentSize : 33 <-- 12.135358 s
currentSize : 34 <-- 16.612881 s
currentSize : 36 <-- 16.649872 s
currentSize : 37 <-- 20.744644 s
currentSize : 38 <-- 21.994411 s
currentSize : 40 <-- 21.994467 s
currentSize : 42 <-- 22.478710 s

maxsize : 42
nodes : 5000671.000000
filtered : 31601962.000000
time : 22.588451
