Parameters: GAD=1 vflib=1 dir=0 label=0 vlabel=1 lowerbound=1 fileNameGp=../../cp2016-max-common-connected-subgraph-paper/datasets/graphsdb/mcs70/m2D/m2D/mcs70_m2D_s80.A09 fileNameGt=../../cp2016-max-common-connected-subgraph-paper/datasets/graphsdb/mcs70/m2D/m2D/mcs70_m2D_s80.B09
Reading graphs...
80 :  142
80 :  142
Initializing...
maxdom : 9
D->valSize : 438
Solving...
Blb : 5 (clique : 30)
currentSize : 30 <-- 0.007420 s
currentSize : 36 <-- 0.007781 s
currentSize : 37 <-- 0.008499 s
currentSize : 38 <-- 0.008765 s
currentSize : 39 <-- 0.009068 s
currentSize : 40 <-- 2.280625 s
currentSize : 41 <-- 2.536217 s
currentSize : 42 <-- 675.286377 s
currentSize : 43 <-- 808.504395 s
currentSize : 44 <-- 927.246643 s

TIMEOUT
maxsize : 44
nodes : 177391319.000000
filtered : 1387147914.000000
time : 1000.000061
