Parameters: GAD=1 vflib=1 dir=0 label=0 vlabel=1 lowerbound=1 fileNameGp=../../cp2016-max-common-connected-subgraph-paper/datasets/graphsdb/mcs70/m2D/m2Dr6/mcs70_m2Dr6_s80.A06 fileNameGt=../../cp2016-max-common-connected-subgraph-paper/datasets/graphsdb/mcs70/m2D/m2Dr6/mcs70_m2Dr6_s80.B06
Reading graphs...
80 :  187
80 :  186
Initializing...
maxdom : 12
D->valSize : 473
Solving...
Blb : 2 (clique : 35)
currentSize : 35 <-- 0.008144 s
currentSize : 38 <-- 0.008639 s
currentSize : 39 <-- 0.008754 s
currentSize : 41 <-- 0.167251 s
currentSize : 42 <-- 0.167455 s
currentSize : 43 <-- 9.989534 s
currentSize : 44 <-- 9.989846 s
currentSize : 45 <-- 99.537971 s
currentSize : 46 <-- 101.905670 s
currentSize : 47 <-- 101.914398 s
currentSize : 48 <-- 101.914726 s
currentSize : 49 <-- 102.017982 s

maxsize : 49
nodes : 51420824.000000
filtered : 245769151.000000
time : 235.180679
