Parameters: GAD=1 vflib=1 dir=0 label=0 vlabel=1 lowerbound=1 fileNameGp=../../cp2016-max-common-connected-subgraph-paper/datasets/graphsdb/mcs70/rand/r005/mcs70_r005_s90.A00 fileNameGt=../../cp2016-max-common-connected-subgraph-paper/datasets/graphsdb/mcs70/rand/r005/mcs70_r005_s90.B00
Reading graphs...
90 :  383
90 :  385
Initializing...
maxdom : 11
D->valSize : 560
Solving...
Blb : 2 (clique : 26)
currentSize : 26 <-- 0.006747 s
currentSize : 27 <-- 0.018103 s
currentSize : 28 <-- 0.070250 s
currentSize : 29 <-- 0.070462 s
currentSize : 30 <-- 0.073920 s
currentSize : 31 <-- 3.486917 s
currentSize : 32 <-- 3.487151 s
currentSize : 33 <-- 3.488854 s
currentSize : 34 <-- 3.489623 s
currentSize : 35 <-- 6.150858 s
currentSize : 36 <-- 6.151848 s
currentSize : 37 <-- 6.152851 s
currentSize : 39 <-- 6.156771 s
currentSize : 40 <-- 8.419518 s
currentSize : 43 <-- 16.998152 s
currentSize : 46 <-- 16.998341 s
currentSize : 47 <-- 19.571465 s
currentSize : 49 <-- 27.305269 s
currentSize : 51 <-- 27.305470 s
currentSize : 55 <-- 28.866987 s
currentSize : 57 <-- 29.615543 s
currentSize : 63 <-- 29.615883 s

maxsize : 63
nodes : 4394877.000000
filtered : 54778509.000000
time : 30.725664
