Parameters: GAD=1 vflib=1 dir=0 label=0 vlabel=1 lowerbound=1 fileNameGp=../../cp2016-max-common-connected-subgraph-paper/datasets/graphsdb/mcs70/m2D/m2Dr4/mcs70_m2Dr4_s70.A01 fileNameGt=../../cp2016-max-common-connected-subgraph-paper/datasets/graphsdb/mcs70/m2D/m2Dr4/mcs70_m2Dr4_s70.B01
Reading graphs...
70 :  150
70 :  149
Initializing...
maxdom : 9
D->valSize : 343
Solving...
Blb : 2 (clique : 35)
currentSize : 35 <-- 0.003167 s
currentSize : 36 <-- 0.003952 s
currentSize : 38 <-- 0.004247 s
currentSize : 40 <-- 0.006089 s
currentSize : 42 <-- 0.006132 s
currentSize : 47 <-- 0.006479 s
currentSize : 48 <-- 0.531186 s
currentSize : 49 <-- 0.552544 s

maxsize : 49
nodes : 407585.000000
filtered : 1900969.000000
time : 1.746490
