Parameters: GAD=1 vflib=1 dir=0 label=0 vlabel=1 lowerbound=1 fileNameGp=../../cp2016-max-common-connected-subgraph-paper/datasets/graphsdb/mcs70/bvg/b06/mcs70_b06_s100.A06 fileNameGt=../../cp2016-max-common-connected-subgraph-paper/datasets/graphsdb/mcs70/bvg/b06/mcs70_b06_s100.B06
Reading graphs...
100 :  299
100 :  299
Initializing...
maxdom : 8
D->valSize : 401
Solving...
Blb : 2 (clique : 36)
currentSize : 36 <-- 0.007201 s
currentSize : 37 <-- 0.007865 s
currentSize : 40 <-- 0.008022 s
currentSize : 41 <-- 0.181483 s
currentSize : 45 <-- 0.312379 s
currentSize : 48 <-- 8.833005 s
currentSize : 49 <-- 8.898010 s
currentSize : 50 <-- 41.081253 s
currentSize : 51 <-- 60.773441 s
currentSize : 54 <-- 60.787605 s
currentSize : 55 <-- 60.912605 s
currentSize : 56 <-- 156.411316 s
currentSize : 57 <-- 156.412079 s
currentSize : 58 <-- 156.516891 s
currentSize : 60 <-- 156.631165 s
currentSize : 63 <-- 156.631424 s
currentSize : 64 <-- 214.925873 s
currentSize : 70 <-- 214.930862 s

maxsize : 70
nodes : 40371407.000000
filtered : 175761254.000000
time : 219.945679
