Parameters: GAD=1 vflib=1 dir=0 label=0 vlabel=1 lowerbound=1 fileNameGp=../../cp2016-max-common-connected-subgraph-paper/datasets/graphsdb/mcs70/bvg/b03/mcs70_b03_s50.A04 fileNameGt=../../cp2016-max-common-connected-subgraph-paper/datasets/graphsdb/mcs70/bvg/b03/mcs70_b03_s50.B04
Reading graphs...
50 :  75
50 :  75
Initializing...
maxdom : 8
D->valSize : 330
Solving...
Blb : 2 (clique : 25)
currentSize : 25 <-- 0.002443 s
currentSize : 26 <-- 0.005102 s
currentSize : 27 <-- 0.052424 s
currentSize : 28 <-- 0.149417 s
currentSize : 30 <-- 0.274349 s
currentSize : 31 <-- 0.274469 s
currentSize : 32 <-- 0.870127 s
currentSize : 34 <-- 2.090502 s
currentSize : 35 <-- 2.090669 s

maxsize : 35
nodes : 1330741.000000
filtered : 13053435.000000
time : 6.342776
