Parameters: GAD=1 vflib=1 dir=0 label=0 vlabel=1 lowerbound=1 fileNameGp=../../cp2016-max-common-connected-subgraph-paper/datasets/graphsdb/mcs70/bvg/b06/mcs70_b06_s80.A05 fileNameGt=../../cp2016-max-common-connected-subgraph-paper/datasets/graphsdb/mcs70/bvg/b06/mcs70_b06_s80.B05
Reading graphs...
80 :  240
80 :  240
Initializing...
maxdom : 8
D->valSize : 460
Solving...
Blb : 3 (clique : 29)
currentSize : 29 <-- 0.004701 s
currentSize : 30 <-- 0.004956 s
currentSize : 31 <-- 0.007939 s
currentSize : 32 <-- 0.008147 s
currentSize : 33 <-- 0.036266 s
currentSize : 34 <-- 0.037583 s
currentSize : 35 <-- 1.890897 s
currentSize : 36 <-- 1.891009 s
currentSize : 37 <-- 62.949684 s
currentSize : 38 <-- 64.787376 s
currentSize : 39 <-- 65.525345 s
currentSize : 40 <-- 65.526062 s
currentSize : 41 <-- 66.430435 s
currentSize : 43 <-- 66.430618 s
currentSize : 44 <-- 71.331688 s
currentSize : 45 <-- 87.792168 s
currentSize : 48 <-- 87.793022 s
currentSize : 49 <-- 89.628342 s
currentSize : 52 <-- 89.628471 s
currentSize : 54 <-- 89.630836 s
currentSize : 56 <-- 93.164764 s

maxsize : 56
nodes : 18081647.000000
filtered : 155768892.000000
time : 103.704842
