Parameters: GAD=1 vflib=1 dir=0 label=0 vlabel=1 lowerbound=1 fileNameGp=../../cp2016-max-common-connected-subgraph-paper/datasets/graphsdb/mcs70/m3D/m3D/mcs70_m3D_s100.A04 fileNameGt=../../cp2016-max-common-connected-subgraph-paper/datasets/graphsdb/mcs70/m3D/m3D/mcs70_m3D_s100.B04
Reading graphs...
100 :  234
100 :  235
Initializing...
maxdom : 6
D->valSize : 405
Solving...
Blb : 2 (clique : 56)
currentSize : 56 <-- 0.005653 s
currentSize : 57 <-- 0.006240 s
currentSize : 58 <-- 0.006661 s
currentSize : 59 <-- 0.243869 s
currentSize : 60 <-- 4.261316 s
currentSize : 61 <-- 4.261813 s
currentSize : 62 <-- 5.108366 s
currentSize : 64 <-- 5.110898 s

maxsize : 64
nodes : 119211188.000000
filtered : 571385808.000000
time : 683.090088
