Parameters: GAD=1 vflib=1 dir=0 label=0 vlabel=1 lowerbound=1 fileNameGp=../../cp2016-max-common-connected-subgraph-paper/datasets/graphsdb/mcs70/bvg/b09/mcs70_b09_s80.A04 fileNameGt=../../cp2016-max-common-connected-subgraph-paper/datasets/graphsdb/mcs70/bvg/b09/mcs70_b09_s80.B04
Reading graphs...
80 :  358
80 :  358
Initializing...
maxdom : 10
D->valSize : 448
Solving...
Blb : 3 (clique : 20)
currentSize : 20 <-- 0.006995 s
currentSize : 21 <-- 0.036587 s
currentSize : 22 <-- 0.036995 s
currentSize : 24 <-- 0.067479 s
currentSize : 26 <-- 0.068166 s
currentSize : 27 <-- 0.076297 s
currentSize : 30 <-- 0.159669 s
currentSize : 31 <-- 0.159939 s
currentSize : 33 <-- 0.162849 s
currentSize : 34 <-- 0.197317 s
currentSize : 38 <-- 0.307472 s
currentSize : 41 <-- 2.505968 s
currentSize : 44 <-- 4.881119 s
currentSize : 46 <-- 6.273039 s
currentSize : 48 <-- 6.274495 s
currentSize : 49 <-- 6.279006 s
currentSize : 56 <-- 6.279671 s

maxsize : 56
nodes : 1261522.000000
filtered : 8869409.000000
time : 6.847507
