Parameters: GAD=1 vflib=1 dir=0 label=0 vlabel=1 lowerbound=1 fileNameGp=../../cp2016-max-common-connected-subgraph-paper/datasets/graphsdb/mcs70/rand/r01/mcs70_r01_s50.A07 fileNameGt=../../cp2016-max-common-connected-subgraph-paper/datasets/graphsdb/mcs70/rand/r01/mcs70_r01_s50.B07
Reading graphs...
50 :  227
50 :  230
Initializing...
maxdom : 10
D->valSize : 339
Solving...
Blb : 3 (clique : 14)
currentSize : 14 <-- 0.002453 s
currentSize : 15 <-- 0.006714 s
currentSize : 16 <-- 0.010702 s
currentSize : 17 <-- 0.014836 s
currentSize : 18 <-- 0.015171 s
currentSize : 19 <-- 0.016063 s
currentSize : 22 <-- 0.049837 s
currentSize : 26 <-- 0.051416 s
currentSize : 35 <-- 0.056526 s

maxsize : 35
nodes : 15960.000000
filtered : 127584.000000
time : 0.071070
