Parameters: GAD=1 vflib=1 dir=0 label=0 vlabel=1 lowerbound=1 fileNameGp=../../cp2016-max-common-connected-subgraph-paper/datasets/graphsdb/mcs70/m2D/m2Dr2/mcs70_m2Dr2_s70.A02 fileNameGt=../../cp2016-max-common-connected-subgraph-paper/datasets/graphsdb/mcs70/m2D/m2Dr2/mcs70_m2Dr2_s70.B02
Reading graphs...
70 :  135
70 :  135
Initializing...
maxdom : 10
D->valSize : 361
Solving...
Blb : 2 (clique : 39)
currentSize : 39 <-- 0.003321 s
currentSize : 41 <-- 0.003557 s
currentSize : 42 <-- 0.003708 s
currentSize : 44 <-- 0.003809 s
currentSize : 45 <-- 0.004235 s
currentSize : 46 <-- 0.004341 s
currentSize : 47 <-- 0.004471 s
currentSize : 48 <-- 0.346273 s
currentSize : 49 <-- 0.346392 s

maxsize : 49
nodes : 853589.000000
filtered : 4629887.000000
time : 3.877768
