Parameters: GAD=1 vflib=1 dir=0 label=0 vlabel=1 lowerbound=1 fileNameGp=../../cp2016-max-common-connected-subgraph-paper/datasets/graphsdb/mcs70/m2D/m2Dr6/mcs70_m2Dr6_s50.A07 fileNameGt=../../cp2016-max-common-connected-subgraph-paper/datasets/graphsdb/mcs70/m2D/m2Dr6/mcs70_m2Dr6_s50.B07
Reading graphs...
50 :  115
50 :  111
Initializing...
maxdom : 10
D->valSize : 368
Solving...
Blb : 2 (clique : 21)
currentSize : 21 <-- 0.004620 s
currentSize : 24 <-- 0.004818 s
currentSize : 25 <-- 0.005026 s
currentSize : 26 <-- 0.005522 s
currentSize : 27 <-- 0.015801 s
currentSize : 30 <-- 0.022190 s
currentSize : 31 <-- 0.022509 s
currentSize : 32 <-- 0.022789 s
currentSize : 35 <-- 0.044510 s
currentSize : 36 <-- 0.048510 s

maxsize : 36
nodes : 48972.000000
filtered : 387782.000000
time : 0.232917
