Parameters: GAD=1 vflib=1 dir=0 label=0 vlabel=1 lowerbound=1 fileNameGp=../../cp2016-max-common-connected-subgraph-paper/datasets/graphsdb/mcs70/m3D/m3Dr6/mcs70_m3Dr6_s100.A05 fileNameGt=../../cp2016-max-common-connected-subgraph-paper/datasets/graphsdb/mcs70/m3D/m3Dr6/mcs70_m3Dr6_s100.B05
Reading graphs...
100 :  292
100 :  294
Initializing...
maxdom : 7
D->valSize : 383
Solving...
Blb : 3 (clique : 51)
currentSize : 51 <-- 0.004187 s
currentSize : 52 <-- 51.393284 s
currentSize : 54 <-- 53.023212 s
currentSize : 55 <-- 287.069458 s
currentSize : 56 <-- 287.070923 s
currentSize : 57 <-- 287.271271 s
currentSize : 58 <-- 287.272858 s
currentSize : 59 <-- 571.904419 s
currentSize : 60 <-- 571.905273 s
currentSize : 61 <-- 571.918152 s
currentSize : 62 <-- 571.919067 s
currentSize : 63 <-- 571.944702 s
currentSize : 64 <-- 571.945740 s

maxsize : 64
nodes : 125603179.000000
filtered : 561741752.000000
time : 700.236389
