Parameters: GAD=1 vflib=1 dir=0 label=0 vlabel=1 lowerbound=1 fileNameGp=../../cp2016-max-common-connected-subgraph-paper/datasets/graphsdb/mcs70/m2D/m2D/mcs70_m2D_s80.A08 fileNameGt=../../cp2016-max-common-connected-subgraph-paper/datasets/graphsdb/mcs70/m2D/m2D/mcs70_m2D_s80.B08
Reading graphs...
80 :  142
80 :  142
Initializing...
maxdom : 10
D->valSize : 482
Solving...
Blb : 2 (clique : 35)
currentSize : 35 <-- 0.005075 s
currentSize : 36 <-- 32.049191 s
currentSize : 37 <-- 84.720963 s
currentSize : 38 <-- 93.737259 s
currentSize : 39 <-- 111.541939 s
currentSize : 40 <-- 145.496567 s
currentSize : 41 <-- 202.205551 s
currentSize : 42 <-- 249.197037 s
currentSize : 43 <-- 345.021057 s
currentSize : 44 <-- 465.821014 s
currentSize : 45 <-- 494.966888 s
currentSize : 46 <-- 495.102692 s
currentSize : 47 <-- 585.914551 s
currentSize : 48 <-- 585.931213 s
currentSize : 49 <-- 585.931335 s
currentSize : 50 <-- 585.931580 s
currentSize : 51 <-- 602.853149 s

maxsize : 51
nodes : 146107669.000000
filtered : 1031070553.000000
time : 814.527100
