Parameters: GAD=1 vflib=1 dir=0 label=0 vlabel=1 lowerbound=1 fileNameGp=../../cp2016-max-common-connected-subgraph-paper/datasets/graphsdb/mcs70/m2D/m2Dr2/mcs70_m2Dr2_s100.A08 fileNameGt=../../cp2016-max-common-connected-subgraph-paper/datasets/graphsdb/mcs70/m2D/m2Dr2/mcs70_m2Dr2_s100.B08
Reading graphs...
100 :  199
100 :  199
Initializing...
maxdom : 7
D->valSize : 349
Solving...
Blb : 2 (clique : 36)
currentSize : 36 <-- 0.003911 s
currentSize : 37 <-- 0.004208 s
currentSize : 38 <-- 0.004679 s
currentSize : 39 <-- 0.004713 s
currentSize : 40 <-- 0.010495 s
currentSize : 41 <-- 0.319201 s
currentSize : 42 <-- 1.355138 s
currentSize : 43 <-- 2.414113 s
currentSize : 44 <-- 2.828815 s
currentSize : 45 <-- 7.936444 s
currentSize : 46 <-- 9.417065 s
currentSize : 47 <-- 9.417227 s
currentSize : 48 <-- 233.961273 s
currentSize : 49 <-- 934.414734 s
currentSize : 50 <-- 934.417358 s
currentSize : 51 <-- 951.404846 s
currentSize : 52 <-- 951.800110 s

TIMEOUT
maxsize : 52
nodes : 185339829.000000
filtered : 729745940.000000
time : 1000.000122
