Parameters: GAD=1 vflib=1 dir=0 label=0 vlabel=1 lowerbound=1 fileNameGp=../../cp2016-max-common-connected-subgraph-paper/datasets/graphsdb/mcs70/bvg/b06/mcs70_b06_s70.A09 fileNameGt=../../cp2016-max-common-connected-subgraph-paper/datasets/graphsdb/mcs70/bvg/b06/mcs70_b06_s70.B09
Reading graphs...
70 :  210
70 :  210
Initializing...
maxdom : 9
D->valSize : 381
Solving...
Blb : 2 (clique : 27)
currentSize : 27 <-- 0.004340 s
currentSize : 29 <-- 0.004606 s
currentSize : 32 <-- 0.004780 s
currentSize : 33 <-- 0.005190 s
currentSize : 34 <-- 0.006883 s
currentSize : 35 <-- 0.007274 s
currentSize : 36 <-- 0.094784 s
currentSize : 39 <-- 0.097292 s
currentSize : 40 <-- 0.650153 s
currentSize : 41 <-- 0.650366 s
currentSize : 42 <-- 0.650777 s
currentSize : 43 <-- 0.651073 s
currentSize : 44 <-- 0.684778 s
currentSize : 45 <-- 0.684930 s
currentSize : 49 <-- 1.702877 s

maxsize : 49
nodes : 645841.000000
filtered : 4579142.000000
time : 3.177096
