Parameters: GAD=1 vflib=1 dir=0 label=0 vlabel=1 lowerbound=1 fileNameGp=../../cp2016-max-common-connected-subgraph-paper/datasets/graphsdb/mcs70/m2D/m2Dr4/mcs70_m2Dr4_s70.A05 fileNameGt=../../cp2016-max-common-connected-subgraph-paper/datasets/graphsdb/mcs70/m2D/m2Dr4/mcs70_m2Dr4_s70.B05
Reading graphs...
70 :  150
70 :  149
Initializing...
maxdom : 7
D->valSize : 323
Solving...
Blb : 3 (clique : 42)
currentSize : 42 <-- 0.002947 s
currentSize : 43 <-- 0.032571 s
currentSize : 44 <-- 0.032728 s
currentSize : 45 <-- 2.886861 s
currentSize : 46 <-- 2.887057 s
currentSize : 47 <-- 2.888323 s
currentSize : 48 <-- 2.922117 s
currentSize : 49 <-- 2.922322 s

maxsize : 49
nodes : 1211524.000000
filtered : 5699901.000000
time : 5.339528
