Parameters: GAD=1 vflib=1 dir=0 label=0 vlabel=1 lowerbound=1 fileNameGp=../../cp2016-max-common-connected-subgraph-paper/datasets/graphsdb/mcs70/rand/r005/mcs70_r005_s60.A03 fileNameGt=../../cp2016-max-common-connected-subgraph-paper/datasets/graphsdb/mcs70/rand/r005/mcs70_r005_s60.B03
Reading graphs...
60 :  174
60 :  172
Initializing...
maxdom : 8
D->valSize : 281
Solving...
Blb : 2 (clique : 25)
currentSize : 25 <-- 0.002121 s
currentSize : 26 <-- 0.002281 s
currentSize : 27 <-- 0.007485 s
currentSize : 28 <-- 0.150173 s
currentSize : 29 <-- 0.255352 s
currentSize : 33 <-- 0.432632 s
currentSize : 35 <-- 0.452423 s
currentSize : 39 <-- 0.521744 s
currentSize : 40 <-- 0.622323 s
currentSize : 42 <-- 0.622384 s

maxsize : 42
nodes : 159245.000000
filtered : 930765.000000
time : 0.705964
