Parameters: GAD=1 vflib=1 dir=0 label=0 vlabel=1 lowerbound=1 fileNameGp=../../cp2016-max-common-connected-subgraph-paper/datasets/graphsdb/mcs70/rand/r02/mcs70_r02_s60.A01 fileNameGt=../../cp2016-max-common-connected-subgraph-paper/datasets/graphsdb/mcs70/rand/r02/mcs70_r02_s60.B01
Reading graphs...
60 :  636
60 :  637
Initializing...
maxdom : 11
D->valSize : 288
Solving...
Blb : 3 (clique : 10)
currentSize : 10 <-- 0.002060 s
currentSize : 11 <-- 0.002598 s
currentSize : 12 <-- 0.003092 s
currentSize : 13 <-- 0.008759 s
currentSize : 14 <-- 0.013558 s
currentSize : 15 <-- 0.015544 s
currentSize : 17 <-- 0.015605 s
currentSize : 21 <-- 0.020103 s
currentSize : 26 <-- 0.023383 s
currentSize : 42 <-- 0.026287 s

maxsize : 42
nodes : 5273.000000
filtered : 37756.000000
time : 0.027391
