Parameters: GAD=1 vflib=1 dir=0 label=0 vlabel=1 lowerbound=1 fileNameGp=../../cp2016-max-common-connected-subgraph-paper/datasets/graphsdb/mcs70/m2D/m2Dr6/mcs70_m2Dr6_s70.A04 fileNameGt=../../cp2016-max-common-connected-subgraph-paper/datasets/graphsdb/mcs70/m2D/m2Dr6/mcs70_m2Dr6_s70.B04
Reading graphs...
70 :  164
70 :  162
Initializing...
maxdom : 9
D->valSize : 344
Solving...
Blb : 2 (clique : 34)
currentSize : 34 <-- 0.003040 s
currentSize : 37 <-- 0.003249 s
currentSize : 38 <-- 0.005301 s
currentSize : 41 <-- 0.005370 s
currentSize : 42 <-- 0.005943 s
currentSize : 45 <-- 0.009944 s
currentSize : 46 <-- 0.028266 s
currentSize : 49 <-- 0.032364 s

maxsize : 49
nodes : 1405419.000000
filtered : 7697133.000000
time : 6.801682
