Parameters: GAD=1 vflib=1 dir=0 label=0 vlabel=1 lowerbound=1 fileNameGp=../../cp2016-max-common-connected-subgraph-paper/datasets/graphsdb/mcs70/m3D/m3Dr6/mcs70_m3Dr6_s100.A09 fileNameGt=../../cp2016-max-common-connected-subgraph-paper/datasets/graphsdb/mcs70/m3D/m3Dr6/mcs70_m3Dr6_s100.B09
Reading graphs...
100 :  293
100 :  291
Initializing...
maxdom : 7
D->valSize : 389
Solving...
Blb : 3 (clique : 50)
currentSize : 50 <-- 0.004210 s
currentSize : 51 <-- 12.872733 s
currentSize : 52 <-- 12.968795 s
currentSize : 53 <-- 211.338623 s
currentSize : 54 <-- 211.396057 s
currentSize : 56 <-- 213.979202 s
currentSize : 57 <-- 214.024963 s
currentSize : 58 <-- 473.532135 s
currentSize : 59 <-- 473.668610 s
currentSize : 60 <-- 474.889740 s
currentSize : 61 <-- 475.055420 s
currentSize : 63 <-- 475.055603 s
currentSize : 64 <-- 475.286591 s

maxsize : 64
nodes : 102769061.000000
filtered : 407243319.000000
time : 549.607300
