Parameters: GAD=1 vflib=1 dir=0 label=0 vlabel=1 lowerbound=1 fileNameGp=../../cp2016-max-common-connected-subgraph-paper/datasets/graphsdb/mcs70/m3D/m3Dr6/mcs70_m3Dr6_s100.A03 fileNameGt=../../cp2016-max-common-connected-subgraph-paper/datasets/graphsdb/mcs70/m3D/m3Dr6/mcs70_m3Dr6_s100.B03
Reading graphs...
100 :  293
100 :  293
Initializing...
maxdom : 8
D->valSize : 359
Solving...
Blb : 2 (clique : 49)
currentSize : 49 <-- 0.003819 s
currentSize : 52 <-- 0.004190 s
currentSize : 55 <-- 0.252186 s
currentSize : 60 <-- 5.219674 s
currentSize : 63 <-- 5.221649 s
currentSize : 64 <-- 5.228785 s

maxsize : 64
nodes : 3358199.000000
filtered : 13559838.000000
time : 17.996256
