Parameters: GAD=1 vflib=1 dir=0 label=0 vlabel=1 lowerbound=1 fileNameGp=../../cp2016-max-common-connected-subgraph-paper/datasets/graphsdb/mcs70/rand/r02/mcs70_r02_s70.A00 fileNameGt=../../cp2016-max-common-connected-subgraph-paper/datasets/graphsdb/mcs70/rand/r02/mcs70_r02_s70.B00
Reading graphs...
70 :  867
70 :  866
Initializing...
maxdom : 8
D->valSize : 324
Solving...
Blb : 5 (clique : 11)
currentSize : 11 <-- 0.002828 s
currentSize : 12 <-- 0.004496 s
currentSize : 14 <-- 0.023255 s
currentSize : 16 <-- 0.045427 s
currentSize : 17 <-- 0.109751 s
currentSize : 18 <-- 0.155828 s
currentSize : 20 <-- 0.159272 s
currentSize : 23 <-- 0.163453 s
currentSize : 25 <-- 0.219329 s
currentSize : 31 <-- 0.219491 s
currentSize : 34 <-- 0.227874 s
currentSize : 49 <-- 0.230321 s

maxsize : 49
nodes : 44530.000000
filtered : 336339.000000
time : 0.235979
