Parameters: GAD=1 vflib=1 dir=0 label=0 vlabel=1 lowerbound=1 fileNameGp=../../cp2016-max-common-connected-subgraph-paper/datasets/graphsdb/mcs70/m2D/m2Dr4/mcs70_m2Dr4_s100.A06 fileNameGt=../../cp2016-max-common-connected-subgraph-paper/datasets/graphsdb/mcs70/m2D/m2Dr4/mcs70_m2Dr4_s100.B06
Reading graphs...
100 :  219
100 :  218
Initializing...
maxdom : 6
D->valSize : 363
Solving...
Blb : 2 (clique : 52)
currentSize : 52 <-- 0.004999 s
currentSize : 53 <-- 0.005534 s
currentSize : 56 <-- 0.005801 s
currentSize : 59 <-- 0.011027 s
currentSize : 60 <-- 0.011231 s
currentSize : 61 <-- 381.851288 s
currentSize : 62 <-- 381.891754 s
currentSize : 63 <-- 382.657837 s

TIMEOUT
maxsize : 63
nodes : 185362445.000000
filtered : 715947747.000000
time : 1000.000122
