Parameters: GAD=1 vflib=1 dir=0 label=0 vlabel=1 lowerbound=1 fileNameGp=../../cp2016-max-common-connected-subgraph-paper/datasets/graphsdb/mcs70/m2D/m2Dr6/mcs70_m2Dr6_s80.A03 fileNameGt=../../cp2016-max-common-connected-subgraph-paper/datasets/graphsdb/mcs70/m2D/m2Dr6/mcs70_m2Dr6_s80.B03
Reading graphs...
80 :  188
80 :  188
Initializing...
maxdom : 10
D->valSize : 410
Solving...
Blb : 2 (clique : 35)
currentSize : 35 <-- 0.004071 s
currentSize : 36 <-- 0.621187 s
currentSize : 37 <-- 1.861089 s
currentSize : 38 <-- 5.489465 s
currentSize : 39 <-- 5.503840 s
currentSize : 40 <-- 23.663200 s
currentSize : 41 <-- 23.664164 s
currentSize : 42 <-- 23.664488 s
currentSize : 43 <-- 23.664801 s
currentSize : 44 <-- 32.378635 s
currentSize : 45 <-- 95.175270 s
currentSize : 46 <-- 148.786346 s
currentSize : 47 <-- 148.791718 s
currentSize : 48 <-- 148.792114 s
currentSize : 49 <-- 148.792603 s
currentSize : 50 <-- 148.826004 s

maxsize : 50
nodes : 48596079.000000
filtered : 314140341.000000
time : 253.224167
