Parameters: GAD=1 vflib=1 dir=0 label=0 vlabel=1 lowerbound=1 fileNameGp=../../cp2016-max-common-connected-subgraph-paper/datasets/graphsdb/mcs70/rand/r01/mcs70_r01_s90.A02 fileNameGt=../../cp2016-max-common-connected-subgraph-paper/datasets/graphsdb/mcs70/rand/r01/mcs70_r01_s90.B02
Reading graphs...
90 :  762
90 :  756
Initializing...
maxdom : 10
D->valSize : 563
Solving...
Blb : 5 (clique : 17)
currentSize : 17 <-- 0.010109 s
currentSize : 18 <-- 0.023296 s
currentSize : 19 <-- 0.272984 s
currentSize : 21 <-- 1.151161 s
currentSize : 23 <-- 1.151712 s
currentSize : 24 <-- 1.327181 s
currentSize : 27 <-- 2.623842 s
currentSize : 28 <-- 2.887894 s
currentSize : 29 <-- 3.310372 s
currentSize : 31 <-- 3.311143 s
currentSize : 34 <-- 3.679735 s
currentSize : 35 <-- 4.433538 s
currentSize : 37 <-- 4.846137 s
currentSize : 45 <-- 5.133356 s
currentSize : 63 <-- 5.257809 s

maxsize : 63
nodes : 812802.000000
filtered : 7797069.000000
time : 5.308521
