Parameters: GAD=1 vflib=1 dir=0 label=0 vlabel=1 lowerbound=1 fileNameGp=../../cp2016-max-common-connected-subgraph-paper/datasets/graphsdb/mcs70/rand/r01/mcs70_r01_s35.A03 fileNameGt=../../cp2016-max-common-connected-subgraph-paper/datasets/graphsdb/mcs70/rand/r01/mcs70_r01_s35.B03
Reading graphs...
35 :  115
35 :  111
Initializing...
maxdom : 8
D->valSize : 180
Solving...
Blb : 5 (clique : 13)
currentSize : 13 <-- 0.001100 s
currentSize : 14 <-- 0.001512 s
currentSize : 15 <-- 0.001608 s
currentSize : 16 <-- 0.002579 s
currentSize : 17 <-- 0.003238 s
currentSize : 18 <-- 0.003962 s
currentSize : 19 <-- 0.004652 s
currentSize : 22 <-- 0.004745 s
currentSize : 24 <-- 0.004874 s

maxsize : 24
nodes : 1423.000000
filtered : 11902.000000
time : 0.007019
