Parameters: GAD=1 vflib=1 dir=0 label=0 vlabel=1 lowerbound=1 fileNameGp=../../cp2016-max-common-connected-subgraph-paper/datasets/graphsdb/mcs70/bvg/b06m/mcs70_b06m_s80.A00 fileNameGt=../../cp2016-max-common-connected-subgraph-paper/datasets/graphsdb/mcs70/bvg/b06m/mcs70_b06m_s80.B00
Reading graphs...
80 :  236
80 :  235
Initializing...
maxdom : 7
D->valSize : 418
Solving...
Blb : 2 (clique : 40)
currentSize : 40 <-- 0.004129 s
currentSize : 41 <-- 0.161210 s
currentSize : 42 <-- 37.806709 s
currentSize : 43 <-- 93.492531 s
currentSize : 44 <-- 106.423477 s
currentSize : 45 <-- 106.510864 s
currentSize : 46 <-- 106.510971 s
currentSize : 47 <-- 146.303925 s
currentSize : 49 <-- 147.189148 s
currentSize : 51 <-- 147.199677 s
currentSize : 52 <-- 281.129547 s
currentSize : 53 <-- 281.129639 s
currentSize : 55 <-- 281.136536 s
currentSize : 56 <-- 281.136658 s

maxsize : 56
nodes : 77336515.000000
filtered : 337116045.000000
time : 364.410431
