Parameters: GAD=1 vflib=1 dir=0 label=0 vlabel=1 lowerbound=1 fileNameGp=../../cp2016-max-common-connected-subgraph-paper/datasets/graphsdb/mcs70/m2D/m2D/mcs70_m2D_s50.A01 fileNameGt=../../cp2016-max-common-connected-subgraph-paper/datasets/graphsdb/mcs70/m2D/m2D/mcs70_m2D_s50.B01
Reading graphs...
50 :  85
50 :  85
Initializing...
maxdom : 10
D->valSize : 346
Solving...
Blb : 2 (clique : 22)
currentSize : 22 <-- 0.004324 s
currentSize : 23 <-- 0.004644 s
currentSize : 24 <-- 0.004940 s
currentSize : 25 <-- 0.005904 s
currentSize : 26 <-- 0.007433 s
currentSize : 27 <-- 0.086781 s
currentSize : 28 <-- 0.659941 s
currentSize : 29 <-- 1.040916 s
currentSize : 30 <-- 1.300607 s
currentSize : 31 <-- 1.300701 s
currentSize : 32 <-- 1.409952 s
currentSize : 34 <-- 1.579207 s
currentSize : 35 <-- 1.579372 s
currentSize : 36 <-- 1.579474 s

maxsize : 36
nodes : 341674.000000
filtered : 3148696.000000
time : 1.784404
