Parameters: GAD=1 vflib=1 dir=0 label=0 vlabel=1 lowerbound=1 fileNameGp=../../cp2016-max-common-connected-subgraph-paper/datasets/graphsdb/mcs70/bvg/b03m/mcs70_b03m_s80.A00 fileNameGt=../../cp2016-max-common-connected-subgraph-paper/datasets/graphsdb/mcs70/bvg/b03m/mcs70_b03m_s80.B00
Reading graphs...
80 :  119
80 :  119
Initializing...
maxdom : 9
D->valSize : 483
Solving...
Blb : 3 (clique : 41)
currentSize : 41 <-- 0.005199 s
currentSize : 46 <-- 0.005501 s
currentSize : 47 <-- 0.005592 s
currentSize : 49 <-- 0.005661 s
currentSize : 50 <-- 0.005792 s
currentSize : 51 <-- 0.006558 s
currentSize : 52 <-- 0.006682 s
currentSize : 53 <-- 0.028299 s
currentSize : 54 <-- 0.028449 s
currentSize : 55 <-- 0.044645 s
currentSize : 56 <-- 11.004915 s

maxsize : 56
nodes : 124626085.000000
filtered : 714440843.000000
time : 652.206909
