Parameters: GAD=1 vflib=1 dir=0 label=0 vlabel=1 lowerbound=1 fileNameGp=../../cp2016-max-common-connected-subgraph-paper/datasets/graphsdb/mcs70/m3D/m3Dr6/mcs70_m3Dr6_s90.A03 fileNameGt=../../cp2016-max-common-connected-subgraph-paper/datasets/graphsdb/mcs70/m3D/m3Dr6/mcs70_m3Dr6_s90.B03
Reading graphs...
90 :  257
90 :  256
Initializing...
maxdom : 10
D->valSize : 541
Solving...
Blb : 3 (clique : 49)
currentSize : 49 <-- 0.006413 s
currentSize : 50 <-- 0.384606 s
currentSize : 51 <-- 0.384881 s
currentSize : 52 <-- 0.423580 s
currentSize : 53 <-- 0.423941 s
currentSize : 54 <-- 5.536085 s
currentSize : 56 <-- 5.536285 s
currentSize : 57 <-- 5.537519 s
currentSize : 58 <-- 5.556482 s
currentSize : 59 <-- 5.556962 s
currentSize : 60 <-- 57.155651 s
currentSize : 61 <-- 57.162392 s
currentSize : 63 <-- 57.180786 s
currentSize : 64 <-- 57.181633 s

maxsize : 64
nodes : 18299191.000000
filtered : 128700605.000000
time : 104.883949
