Parameters: GAD=1 vflib=1 dir=0 label=0 vlabel=1 lowerbound=1 fileNameGp=../../cp2016-max-common-connected-subgraph-paper/datasets/graphsdb/mcs70/m3D/m3D/mcs70_m3D_s90.A01 fileNameGt=../../cp2016-max-common-connected-subgraph-paper/datasets/graphsdb/mcs70/m3D/m3D/mcs70_m3D_s90.B01
Reading graphs...
90 :  208
90 :  209
Initializing...
maxdom : 11
D->valSize : 573
Solving...
Blb : 2 (clique : 53)
currentSize : 53 <-- 0.011941 s
currentSize : 54 <-- 0.012972 s
currentSize : 55 <-- 0.013315 s
currentSize : 56 <-- 0.016924 s
currentSize : 57 <-- 0.017183 s
currentSize : 58 <-- 0.019932 s
currentSize : 59 <-- 0.020686 s
currentSize : 60 <-- 0.021151 s
currentSize : 61 <-- 0.021978 s
currentSize : 62 <-- 0.025118 s
currentSize : 63 <-- 0.026086 s
currentSize : 64 <-- 0.033042 s

maxsize : 64
nodes : 33434572.000000
filtered : 209503805.000000
time : 191.498810
