Parameters: GAD=1 vflib=1 dir=0 label=0 vlabel=1 lowerbound=1 fileNameGp=../../cp2016-max-common-connected-subgraph-paper/datasets/graphsdb/mcs70/m2D/m2Dr4/mcs70_m2Dr4_s70.A07 fileNameGt=../../cp2016-max-common-connected-subgraph-paper/datasets/graphsdb/mcs70/m2D/m2Dr4/mcs70_m2Dr4_s70.B07
Reading graphs...
70 :  151
70 :  148
Initializing...
maxdom : 7
D->valSize : 326
Solving...
Blb : 3 (clique : 34)
currentSize : 34 <-- 0.004557 s
currentSize : 35 <-- 0.026123 s
currentSize : 36 <-- 0.029144 s
currentSize : 37 <-- 0.030049 s
currentSize : 38 <-- 0.030647 s
currentSize : 39 <-- 0.033102 s
currentSize : 40 <-- 1.819316 s
currentSize : 41 <-- 1.819985 s
currentSize : 42 <-- 1.820881 s
currentSize : 43 <-- 1.821210 s
currentSize : 44 <-- 1.822678 s
currentSize : 45 <-- 1.822805 s
currentSize : 46 <-- 1.823127 s
currentSize : 47 <-- 2.251487 s
currentSize : 48 <-- 2.251638 s
currentSize : 50 <-- 2.456578 s
currentSize : 51 <-- 2.456739 s

maxsize : 51
nodes : 626423.000000
filtered : 2569482.000000
time : 2.797284
