Parameters: GAD=1 vflib=1 dir=0 label=0 vlabel=1 lowerbound=1 fileNameGp=../../cp2016-max-common-connected-subgraph-paper/datasets/graphsdb/mcs70/m2D/m2Dr6/mcs70_m2Dr6_s100.A06 fileNameGt=../../cp2016-max-common-connected-subgraph-paper/datasets/graphsdb/mcs70/m2D/m2Dr6/mcs70_m2Dr6_s100.B06
Reading graphs...
100 :  240
100 :  238
Initializing...
maxdom : 6
D->valSize : 358
Solving...
Blb : 2 (clique : 37)
currentSize : 37 <-- 0.003859 s
currentSize : 38 <-- 0.004793 s
currentSize : 40 <-- 0.007774 s
currentSize : 42 <-- 0.016445 s
currentSize : 43 <-- 0.033448 s
currentSize : 44 <-- 0.213354 s
currentSize : 45 <-- 1.874836 s
currentSize : 46 <-- 1.887331 s
currentSize : 47 <-- 1.906073 s
currentSize : 48 <-- 259.085815 s
currentSize : 49 <-- 346.402771 s
currentSize : 50 <-- 346.410034 s

TIMEOUT
maxsize : 50
nodes : 187424850.000000
filtered : 715779937.000000
time : 1000.000061
