Parameters: GAD=1 vflib=1 dir=0 label=0 vlabel=1 lowerbound=1 fileNameGp=../../cp2016-max-common-connected-subgraph-paper/datasets/graphsdb/mcs70/m2D/m2Dr4/mcs70_m2Dr4_s80.A04 fileNameGt=../../cp2016-max-common-connected-subgraph-paper/datasets/graphsdb/mcs70/m2D/m2Dr4/mcs70_m2Dr4_s80.B04
Reading graphs...
80 :  174
80 :  173
Initializing...
maxdom : 10
D->valSize : 465
Solving...
Blb : 2 (clique : 31)
currentSize : 31 <-- 0.004841 s
currentSize : 32 <-- 0.393841 s
currentSize : 33 <-- 0.402052 s
currentSize : 34 <-- 0.402756 s
currentSize : 35 <-- 1.135817 s
currentSize : 36 <-- 15.643959 s
currentSize : 37 <-- 16.145306 s

TIMEOUT
maxsize : 37
nodes : 166086175.000000
filtered : 1562544303.000000
time : 1000.000061
