Parameters: GAD=1 vflib=1 dir=0 label=0 vlabel=1 lowerbound=1 fileNameGp=../../cp2016-max-common-connected-subgraph-paper/datasets/graphsdb/mcs70/bvg/b03/mcs70_b03_s100.A06 fileNameGt=../../cp2016-max-common-connected-subgraph-paper/datasets/graphsdb/mcs70/bvg/b03/mcs70_b03_s100.B06
Reading graphs...
100 :  150
100 :  150
Initializing...
maxdom : 8
D->valSize : 374
Solving...
Blb : 2 (clique : 59)
currentSize : 59 <-- 0.004328 s
currentSize : 60 <-- 0.004748 s
currentSize : 63 <-- 0.005289 s
currentSize : 64 <-- 0.005598 s
currentSize : 66 <-- 0.019525 s
currentSize : 67 <-- 0.019876 s
currentSize : 68 <-- 1.702249 s
currentSize : 69 <-- 1.702620 s
currentSize : 72 <-- 5.489060 s

maxsize : 72
nodes : 6563902.000000
filtered : 28463660.000000
time : 36.493248
