Parameters: GAD=1 vflib=1 dir=0 label=0 vlabel=1 lowerbound=1 fileNameGp=../../cp2016-max-common-connected-subgraph-paper/datasets/graphsdb/mcs70/m2D/m2Dr4/mcs70_m2Dr4_s80.A08 fileNameGt=../../cp2016-max-common-connected-subgraph-paper/datasets/graphsdb/mcs70/m2D/m2Dr4/mcs70_m2Dr4_s80.B08
Reading graphs...
80 :  173
80 :  172
Initializing...
maxdom : 11
D->valSize : 445
Solving...
Blb : 2 (clique : 36)
currentSize : 36 <-- 0.004919 s
currentSize : 37 <-- 0.005209 s
currentSize : 38 <-- 0.005600 s
currentSize : 41 <-- 0.009878 s
currentSize : 42 <-- 0.320551 s
currentSize : 45 <-- 0.328724 s
currentSize : 46 <-- 2.033477 s
currentSize : 48 <-- 2.033594 s
currentSize : 49 <-- 4.425296 s
currentSize : 50 <-- 9.225798 s
currentSize : 51 <-- 9.238507 s

maxsize : 51
nodes : 31849611.000000
filtered : 180389775.000000
time : 160.869431
