Parameters: GAD=1 vflib=1 dir=0 label=0 vlabel=1 lowerbound=1 fileNameGp=../../cp2016-max-common-connected-subgraph-paper/datasets/graphsdb/mcs70/m3D/m3Dr2/mcs70_m3Dr2_s40.A01 fileNameGt=../../cp2016-max-common-connected-subgraph-paper/datasets/graphsdb/mcs70/m3D/m3Dr2/mcs70_m3Dr2_s40.B01
Reading graphs...
40 :  92
40 :  92
Initializing...
maxdom : 9
D->valSize : 222
Solving...
Blb : 2 (clique : 14)
currentSize : 14 <-- 0.001338 s
currentSize : 15 <-- 0.001791 s
currentSize : 16 <-- 0.010275 s
currentSize : 17 <-- 0.104345 s
currentSize : 18 <-- 0.115797 s
currentSize : 19 <-- 0.116110 s
currentSize : 20 <-- 0.127029 s
currentSize : 21 <-- 0.132767 s
currentSize : 23 <-- 0.150468 s
currentSize : 24 <-- 0.150770 s
currentSize : 25 <-- 0.151256 s
currentSize : 26 <-- 0.151919 s
currentSize : 28 <-- 0.162600 s

maxsize : 28
nodes : 45374.000000
filtered : 328417.000000
time : 0.172782
