Parameters: GAD=1 vflib=1 dir=0 label=0 vlabel=1 lowerbound=1 fileNameGp=../../cp2016-max-common-connected-subgraph-paper/datasets/graphsdb/mcs70/m3D/m3D/mcs70_m3D_s100.A02 fileNameGt=../../cp2016-max-common-connected-subgraph-paper/datasets/graphsdb/mcs70/m3D/m3D/mcs70_m3D_s100.B02
Reading graphs...
100 :  235
100 :  234
Initializing...
maxdom : 6
D->valSize : 357
Solving...
Blb : 2 (clique : 46)
currentSize : 46 <-- 0.003953 s
currentSize : 47 <-- 0.004356 s
currentSize : 48 <-- 0.117547 s
currentSize : 50 <-- 0.177061 s
currentSize : 52 <-- 38.368008 s
currentSize : 53 <-- 54.678665 s
currentSize : 54 <-- 54.679737 s
currentSize : 56 <-- 108.562202 s
currentSize : 58 <-- 108.562431 s
currentSize : 59 <-- 126.307480 s
currentSize : 60 <-- 126.314888 s
currentSize : 61 <-- 311.336823 s
currentSize : 62 <-- 311.385864 s
currentSize : 63 <-- 357.237640 s
currentSize : 64 <-- 357.354401 s

maxsize : 64
nodes : 106254289.000000
filtered : 398995113.000000
time : 579.036377
