Parameters: GAD=1 vflib=1 dir=0 label=0 vlabel=1 lowerbound=1 fileNameGp=../../cp2016-max-common-connected-subgraph-paper/datasets/graphsdb/mcs70/bvg/b09/mcs70_b09_s100.A02 fileNameGt=../../cp2016-max-common-connected-subgraph-paper/datasets/graphsdb/mcs70/bvg/b09/mcs70_b09_s100.B02
Reading graphs...
100 :  449
100 :  448
Initializing...
maxdom : 6
D->valSize : 364
Solving...
Blb : 3 (clique : 50)
currentSize : 50 <-- 0.003743 s
currentSize : 51 <-- 0.005043 s
currentSize : 53 <-- 0.005351 s
currentSize : 55 <-- 0.006651 s
currentSize : 57 <-- 0.006946 s
currentSize : 58 <-- 0.041999 s
currentSize : 59 <-- 0.043563 s
currentSize : 60 <-- 0.044605 s
currentSize : 61 <-- 0.045498 s
currentSize : 66 <-- 0.053301 s
currentSize : 67 <-- 0.055087 s
currentSize : 70 <-- 0.055388 s

maxsize : 70
nodes : 105570.000000
filtered : 767833.000000
time : 0.691585
