Parameters: GAD=1 vflib=1 dir=0 label=0 vlabel=1 lowerbound=1 fileNameGp=../../cp2016-max-common-connected-subgraph-paper/datasets/graphsdb/mcs70/bvg/b09m/mcs70_b09m_s90.A03 fileNameGt=../../cp2016-max-common-connected-subgraph-paper/datasets/graphsdb/mcs70/bvg/b09m/mcs70_b09m_s90.B03
Reading graphs...
90 :  397
90 :  396
Initializing...
maxdom : 9
D->valSize : 529
Solving...
Blb : 3 (clique : 48)
currentSize : 48 <-- 0.006176 s
currentSize : 50 <-- 25.403376 s
currentSize : 52 <-- 25.424299 s
currentSize : 54 <-- 25.424448 s
currentSize : 55 <-- 48.529640 s
currentSize : 57 <-- 93.314423 s
currentSize : 59 <-- 93.355843 s
currentSize : 62 <-- 93.356010 s

maxsize : 62
nodes : 20775764.000000
filtered : 158477581.000000
time : 125.541374
