Parameters: GAD=1 vflib=1 dir=0 label=0 vlabel=1 lowerbound=1 fileNameGp=../../cp2016-max-common-connected-subgraph-paper/datasets/graphsdb/mcs70/m2D/m2Dr2/mcs70_m2Dr2_s60.A03 fileNameGt=../../cp2016-max-common-connected-subgraph-paper/datasets/graphsdb/mcs70/m2D/m2Dr2/mcs70_m2Dr2_s60.B03
Reading graphs...
60 :  115
60 :  116
Initializing...
maxdom : 8
D->valSize : 234
Solving...
Blb : 3 (clique : 25)
currentSize : 25 <-- 0.001695 s
currentSize : 26 <-- 0.078427 s
currentSize : 27 <-- 0.078457 s
currentSize : 28 <-- 0.088655 s
currentSize : 30 <-- 0.231690 s
currentSize : 31 <-- 0.603235 s
currentSize : 32 <-- 3.410553 s
currentSize : 33 <-- 3.444323 s
currentSize : 34 <-- 3.444623 s
currentSize : 35 <-- 5.259316 s
currentSize : 36 <-- 5.259515 s
currentSize : 37 <-- 5.280077 s
currentSize : 38 <-- 5.327647 s

maxsize : 38
nodes : 1397965.000000
filtered : 7516630.000000
time : 6.100489
