Parameters: GAD=1 vflib=1 dir=0 label=0 vlabel=1 lowerbound=1 fileNameGp=../../cp2016-max-common-connected-subgraph-paper/datasets/graphsdb/mcs70/m2D/m2Dr6/mcs70_m2Dr6_s80.A07 fileNameGt=../../cp2016-max-common-connected-subgraph-paper/datasets/graphsdb/mcs70/m2D/m2Dr6/mcs70_m2Dr6_s80.B07
Reading graphs...
80 :  187
80 :  184
Initializing...
maxdom : 9
D->valSize : 440
Solving...
Blb : 2 (clique : 28)
currentSize : 28 <-- 0.004366 s
currentSize : 31 <-- 0.004579 s
currentSize : 33 <-- 0.004983 s
currentSize : 34 <-- 0.005282 s
currentSize : 35 <-- 0.007983 s
currentSize : 36 <-- 0.008651 s
currentSize : 38 <-- 0.998262 s
currentSize : 40 <-- 2.086783 s
currentSize : 41 <-- 2.089872 s
currentSize : 42 <-- 2.196634 s
currentSize : 43 <-- 69.449440 s
currentSize : 44 <-- 80.643501 s
currentSize : 45 <-- 80.645508 s
currentSize : 46 <-- 80.646141 s
currentSize : 47 <-- 80.646355 s
currentSize : 48 <-- 231.511490 s
currentSize : 49 <-- 301.243317 s

maxsize : 49
nodes : 91190165.000000
filtered : 626545457.000000
time : 495.922913
