Parameters: GAD=1 vflib=1 dir=0 label=0 vlabel=1 lowerbound=1 fileNameGp=../../cp2016-max-common-connected-subgraph-paper/datasets/graphsdb/mcs70/m2D/m2Dr4/mcs70_m2Dr4_s70.A03 fileNameGt=../../cp2016-max-common-connected-subgraph-paper/datasets/graphsdb/mcs70/m2D/m2Dr4/mcs70_m2Dr4_s70.B03
Reading graphs...
70 :  149
70 :  146
Initializing...
maxdom : 8
D->valSize : 352
Solving...
Blb : 3 (clique : 37)
currentSize : 37 <-- 0.005166 s
currentSize : 38 <-- 1.378241 s
currentSize : 39 <-- 4.464492 s
currentSize : 40 <-- 4.468197 s
currentSize : 43 <-- 6.814746 s
currentSize : 45 <-- 8.484819 s
currentSize : 47 <-- 8.493120 s
currentSize : 49 <-- 8.493214 s

maxsize : 49
nodes : 2317977.000000
filtered : 14700863.000000
time : 11.225306
