Parameters: GAD=1 vflib=1 dir=0 label=0 vlabel=1 lowerbound=1 fileNameGp=../../cp2016-max-common-connected-subgraph-paper/datasets/graphsdb/mcs70/bvg/b03m/mcs70_b03m_s70.A05 fileNameGt=../../cp2016-max-common-connected-subgraph-paper/datasets/graphsdb/mcs70/bvg/b03m/mcs70_b03m_s70.B05
Reading graphs...
70 :  105
70 :  105
Initializing...
maxdom : 8
D->valSize : 338
Solving...
Blb : 2 (clique : 31)
currentSize : 31 <-- 0.002967 s
currentSize : 32 <-- 0.092924 s
currentSize : 33 <-- 0.094184 s
currentSize : 34 <-- 0.119939 s
currentSize : 35 <-- 0.607411 s
currentSize : 36 <-- 2.587613 s
currentSize : 37 <-- 2.761331 s
currentSize : 38 <-- 2.764136 s
currentSize : 39 <-- 2.766724 s
currentSize : 40 <-- 3.773574 s
currentSize : 41 <-- 4.178234 s
currentSize : 42 <-- 12.909488 s
currentSize : 43 <-- 30.735069 s
currentSize : 44 <-- 46.988510 s
currentSize : 45 <-- 46.988590 s
currentSize : 47 <-- 46.996098 s
currentSize : 48 <-- 47.748108 s

maxsize : 48
nodes : 11415148.000000
filtered : 69241712.000000
time : 55.609329
