Parameters: GAD=1 vflib=1 dir=0 label=0 vlabel=1 lowerbound=1 fileNameGp=../../cp2016-max-common-connected-subgraph-paper/datasets/graphsdb/mcs70/rand/r005/mcs70_r005_s40.A03 fileNameGt=../../cp2016-max-common-connected-subgraph-paper/datasets/graphsdb/mcs70/rand/r005/mcs70_r005_s40.B03
Reading graphs...
40 :  77
40 :  77
Initializing...
maxdom : 7
D->valSize : 217
Solving...
Blb : 2 (clique : 16)
currentSize : 16 <-- 0.002039 s
currentSize : 17 <-- 0.002177 s
currentSize : 18 <-- 0.005059 s
currentSize : 19 <-- 0.015744 s
currentSize : 20 <-- 0.040160 s
currentSize : 21 <-- 0.054923 s
currentSize : 22 <-- 0.068905 s
currentSize : 23 <-- 0.103157 s
currentSize : 24 <-- 0.126574 s
currentSize : 28 <-- 0.126686 s

maxsize : 28
nodes : 28773.000000
filtered : 221649.000000
time : 0.132578
