Parameters: GAD=1 vflib=1 dir=0 label=0 vlabel=1 lowerbound=1 fileNameGp=../../cp2016-max-common-connected-subgraph-paper/datasets/graphsdb/mcs70/bvg/b06/mcs70_b06_s35.A09 fileNameGt=../../cp2016-max-common-connected-subgraph-paper/datasets/graphsdb/mcs70/bvg/b06/mcs70_b06_s35.B09
Reading graphs...
35 :  105
35 :  105
Initializing...
maxdom : 9
D->valSize : 177
Solving...
Blb : 2 (clique : 11)
currentSize : 11 <-- 0.000977 s
currentSize : 12 <-- 0.001065 s
currentSize : 13 <-- 0.001136 s
currentSize : 14 <-- 0.002021 s
currentSize : 15 <-- 0.003648 s
currentSize : 16 <-- 0.010011 s
currentSize : 17 <-- 0.010063 s
currentSize : 18 <-- 0.010887 s
currentSize : 21 <-- 0.011239 s
currentSize : 22 <-- 0.011263 s
currentSize : 23 <-- 0.011322 s
currentSize : 24 <-- 0.011480 s

maxsize : 24
nodes : 4137.000000
filtered : 29395.000000
time : 0.015897
