Parameters: GAD=1 vflib=1 dir=0 label=0 vlabel=1 lowerbound=1 fileNameGp=../../cp2016-max-common-connected-subgraph-paper/datasets/graphsdb/mcs70/m2D/m2D/mcs70_m2D_s70.A03 fileNameGt=../../cp2016-max-common-connected-subgraph-paper/datasets/graphsdb/mcs70/m2D/m2D/mcs70_m2D_s70.B03
Reading graphs...
70 :  123
70 :  122
Initializing...
maxdom : 7
D->valSize : 342
Solving...
Blb : 2 (clique : 39)
currentSize : 39 <-- 0.002936 s
currentSize : 40 <-- 0.003331 s
currentSize : 41 <-- 0.003448 s
currentSize : 42 <-- 0.045369 s
currentSize : 43 <-- 6.034618 s
currentSize : 44 <-- 16.610222 s
currentSize : 45 <-- 61.578537 s
currentSize : 47 <-- 70.692802 s
currentSize : 48 <-- 70.692902 s
currentSize : 49 <-- 70.693161 s

maxsize : 49
nodes : 19516669.000000
filtered : 70220467.000000
time : 79.048401
