Parameters: GAD=1 vflib=1 dir=0 label=0 vlabel=1 lowerbound=1 fileNameGp=../../cp2016-max-common-connected-subgraph-paper/datasets/graphsdb/mcs70/rand/r005/mcs70_r005_s80.A02 fileNameGt=../../cp2016-max-common-connected-subgraph-paper/datasets/graphsdb/mcs70/rand/r005/mcs70_r005_s80.B02
Reading graphs...
80 :  309
80 :  308
Initializing...
maxdom : 8
D->valSize : 430
Solving...
Blb : 2 (clique : 26)
currentSize : 26 <-- 0.004066 s
currentSize : 28 <-- 0.004698 s
currentSize : 29 <-- 0.004778 s
currentSize : 30 <-- 0.005317 s
currentSize : 32 <-- 0.006043 s
currentSize : 33 <-- 0.006145 s
currentSize : 35 <-- 0.008064 s
currentSize : 41 <-- 0.012116 s
currentSize : 44 <-- 2.439625 s
currentSize : 56 <-- 3.602187 s

maxsize : 56
nodes : 551526.000000
filtered : 5282920.000000
time : 3.879750
