Parameters: GAD=1 vflib=1 dir=0 label=0 vlabel=1 lowerbound=1 fileNameGp=../../cp2016-max-common-connected-subgraph-paper/datasets/graphsdb/mcs70/bvg/b06/mcs70_b06_s80.A00 fileNameGt=../../cp2016-max-common-connected-subgraph-paper/datasets/graphsdb/mcs70/bvg/b06/mcs70_b06_s80.B00
Reading graphs...
80 :  240
80 :  240
Initializing...
maxdom : 7
D->valSize : 417
Solving...
Blb : 2 (clique : 33)
currentSize : 33 <-- 0.004206 s
currentSize : 34 <-- 0.009662 s
currentSize : 35 <-- 0.021558 s
currentSize : 38 <-- 0.151982 s
currentSize : 41 <-- 0.684857 s
currentSize : 42 <-- 0.685139 s
currentSize : 43 <-- 3.312778 s
currentSize : 44 <-- 21.970133 s
currentSize : 46 <-- 89.203552 s
currentSize : 49 <-- 89.203728 s
currentSize : 51 <-- 89.203903 s
currentSize : 53 <-- 90.268738 s
currentSize : 56 <-- 90.268890 s

maxsize : 56
nodes : 18590659.000000
filtered : 102262686.000000
time : 91.040565
