Parameters: GAD=1 vflib=1 dir=0 label=0 vlabel=1 lowerbound=1 fileNameGp=../../cp2016-max-common-connected-subgraph-paper/datasets/graphsdb/mcs70/bvg/b06m/mcs70_b06m_s80.A07 fileNameGt=../../cp2016-max-common-connected-subgraph-paper/datasets/graphsdb/mcs70/bvg/b06m/mcs70_b06m_s80.B07
Reading graphs...
80 :  237
80 :  238
Initializing...
maxdom : 11
D->valSize : 472
Solving...
Blb : 2 (clique : 29)
currentSize : 29 <-- 0.005021 s
currentSize : 30 <-- 0.005617 s
currentSize : 31 <-- 0.005659 s
currentSize : 32 <-- 0.006097 s
currentSize : 34 <-- 0.028062 s
currentSize : 35 <-- 0.462742 s
currentSize : 36 <-- 1.730544 s
currentSize : 38 <-- 7.135013 s
currentSize : 39 <-- 10.803636 s
currentSize : 41 <-- 11.344799 s
currentSize : 43 <-- 16.422386 s
currentSize : 44 <-- 16.472181 s
currentSize : 45 <-- 16.472769 s
currentSize : 47 <-- 16.472855 s
currentSize : 48 <-- 16.807880 s
currentSize : 50 <-- 16.807983 s
currentSize : 51 <-- 24.199484 s
currentSize : 53 <-- 24.199589 s
currentSize : 55 <-- 24.264629 s
currentSize : 56 <-- 24.277832 s

maxsize : 56
nodes : 6455873.000000
filtered : 31394853.000000
time : 31.642344
