Parameters: GAD=1 vflib=1 dir=0 label=0 vlabel=1 lowerbound=1 fileNameGp=../../cp2016-max-common-connected-subgraph-paper/datasets/graphsdb/mcs70/m2D/m2Dr2/mcs70_m2Dr2_s100.A06 fileNameGt=../../cp2016-max-common-connected-subgraph-paper/datasets/graphsdb/mcs70/m2D/m2Dr2/mcs70_m2Dr2_s100.B06
Reading graphs...
100 :  200
100 :  198
Initializing...
maxdom : 7
D->valSize : 365
Solving...
Blb : 2 (clique : 46)
currentSize : 46 <-- 0.003834 s
currentSize : 47 <-- 0.004242 s
currentSize : 48 <-- 0.005031 s
currentSize : 49 <-- 0.007245 s
currentSize : 50 <-- 0.031062 s
currentSize : 51 <-- 0.031434 s
currentSize : 52 <-- 0.208035 s
currentSize : 53 <-- 0.291337 s
currentSize : 54 <-- 0.291877 s
currentSize : 55 <-- 0.295491 s
currentSize : 56 <-- 0.360594 s
currentSize : 57 <-- 0.362661 s
currentSize : 58 <-- 0.374833 s
currentSize : 59 <-- 1.055494 s
currentSize : 61 <-- 1.086990 s
currentSize : 62 <-- 1.091868 s
currentSize : 63 <-- 1.149032 s
currentSize : 64 <-- 1.153685 s

maxsize : 64
nodes : 111869589.000000
filtered : 480643997.000000
time : 640.712830
