Parameters: GAD=1 vflib=1 dir=0 label=0 vlabel=1 lowerbound=1 fileNameGp=../../cp2016-max-common-connected-subgraph-paper/datasets/graphsdb/mcs70/m2D/m2Dr4/mcs70_m2Dr4_s60.A09 fileNameGt=../../cp2016-max-common-connected-subgraph-paper/datasets/graphsdb/mcs70/m2D/m2Dr4/mcs70_m2Dr4_s60.B09
Reading graphs...
60 :  128
60 :  126
Initializing...
maxdom : 7
D->valSize : 246
Solving...
Blb : 3 (clique : 29)
currentSize : 29 <-- 0.001775 s
currentSize : 30 <-- 6.343099 s
currentSize : 32 <-- 7.122535 s
currentSize : 33 <-- 11.880617 s
currentSize : 34 <-- 20.385468 s
currentSize : 36 <-- 20.806952 s
currentSize : 37 <-- 20.807108 s

maxsize : 37
nodes : 5547790.000000
filtered : 26721340.000000
time : 22.634947
