Parameters: GAD=1 vflib=1 dir=0 label=0 vlabel=1 lowerbound=1 fileNameGp=../../cp2016-max-common-connected-subgraph-paper/datasets/graphsdb/mcs70/rand/r02/mcs70_r02_s70.A05 fileNameGt=../../cp2016-max-common-connected-subgraph-paper/datasets/graphsdb/mcs70/rand/r02/mcs70_r02_s70.B05
Reading graphs...
70 :  864
70 :  858
Initializing...
maxdom : 8
D->valSize : 336
Solving...
Blb : 2 (clique : 8)
currentSize : 8 <-- 0.002672 s
currentSize : 9 <-- 0.002763 s
currentSize : 10 <-- 0.002962 s
currentSize : 11 <-- 0.007244 s
currentSize : 12 <-- 0.007648 s
currentSize : 13 <-- 0.009374 s
currentSize : 16 <-- 0.009413 s
currentSize : 20 <-- 0.047775 s
currentSize : 21 <-- 0.075325 s
currentSize : 26 <-- 0.089791 s
currentSize : 31 <-- 0.097630 s
currentSize : 49 <-- 0.172483 s

maxsize : 49
nodes : 30080.000000
filtered : 325444.000000
time : 0.176873
