Parameters: GAD=1 vflib=1 dir=0 label=0 vlabel=1 lowerbound=1 fileNameGp=../../cp2016-max-common-connected-subgraph-paper/datasets/graphsdb/mcs70/rand/r005/mcs70_r005_s40.A09 fileNameGt=../../cp2016-max-common-connected-subgraph-paper/datasets/graphsdb/mcs70/rand/r005/mcs70_r005_s40.B09
Reading graphs...
40 :  76
40 :  77
Initializing...
maxdom : 9
D->valSize : 219
Solving...
Blb : 2 (clique : 18)
currentSize : 18 <-- 0.001275 s
currentSize : 19 <-- 0.001404 s
currentSize : 20 <-- 0.001696 s
currentSize : 21 <-- 0.002606 s
currentSize : 22 <-- 0.003714 s
currentSize : 23 <-- 0.004009 s
currentSize : 24 <-- 0.004042 s
currentSize : 25 <-- 0.007888 s
currentSize : 27 <-- 0.024985 s
currentSize : 28 <-- 0.026740 s

maxsize : 28
nodes : 13272.000000
filtered : 143388.000000
time : 0.068765
