Parameters: GAD=1 vflib=1 dir=0 label=0 vlabel=1 lowerbound=1 fileNameGp=../../cp2016-max-common-connected-subgraph-paper/datasets/graphsdb/mcs70/m2D/m2Dr6/mcs70_m2Dr6_s50.A09 fileNameGt=../../cp2016-max-common-connected-subgraph-paper/datasets/graphsdb/mcs70/m2D/m2Dr6/mcs70_m2Dr6_s50.B09
Reading graphs...
50 :  114
50 :  113
Initializing...
maxdom : 8
D->valSize : 325
Solving...
Blb : 3 (clique : 21)
currentSize : 21 <-- 0.002347 s
currentSize : 22 <-- 0.002659 s
currentSize : 23 <-- 0.005278 s
currentSize : 24 <-- 0.005330 s
currentSize : 25 <-- 0.011676 s
currentSize : 26 <-- 0.014222 s
currentSize : 27 <-- 0.019426 s
currentSize : 28 <-- 0.019540 s
currentSize : 29 <-- 0.019709 s
currentSize : 31 <-- 0.022332 s
currentSize : 33 <-- 0.022590 s
currentSize : 34 <-- 0.022698 s
currentSize : 36 <-- 0.022983 s

maxsize : 36
nodes : 34420.000000
filtered : 272034.000000
time : 0.146291
