Parameters: GAD=1 vflib=1 dir=0 label=0 vlabel=1 lowerbound=1 fileNameGp=../../cp2016-max-common-connected-subgraph-paper/datasets/graphsdb/mcs70/bvg/b06m/mcs70_b06m_s60.A09 fileNameGt=../../cp2016-max-common-connected-subgraph-paper/datasets/graphsdb/mcs70/bvg/b06m/mcs70_b06m_s60.B09
Reading graphs...
60 :  177
60 :  177
Initializing...
maxdom : 6
D->valSize : 257
Solving...
Blb : 3 (clique : 22)
currentSize : 22 <-- 0.001899 s
currentSize : 24 <-- 0.002769 s
currentSize : 25 <-- 0.003079 s
currentSize : 26 <-- 0.003243 s
currentSize : 29 <-- 0.005480 s
currentSize : 30 <-- 0.005608 s
currentSize : 31 <-- 0.005736 s
currentSize : 33 <-- 0.012331 s
currentSize : 35 <-- 0.022547 s
currentSize : 36 <-- 0.034896 s
currentSize : 37 <-- 0.035052 s
currentSize : 40 <-- 0.038054 s
currentSize : 41 <-- 0.038222 s
currentSize : 42 <-- 0.270437 s

maxsize : 42
nodes : 123063.000000
filtered : 522102.000000
time : 0.502562
