Parameters: GAD=1 vflib=1 dir=0 label=0 vlabel=1 lowerbound=1 fileNameGp=../../cp2016-max-common-connected-subgraph-paper/datasets/graphsdb/mcs70/m3D/m3D/mcs70_m3D_s100.A08 fileNameGt=../../cp2016-max-common-connected-subgraph-paper/datasets/graphsdb/mcs70/m3D/m3D/mcs70_m3D_s100.B08
Reading graphs...
100 :  235
100 :  234
Initializing...
maxdom : 7
D->valSize : 389
Solving...
Blb : 3 (clique : 54)
currentSize : 54 <-- 0.007073 s
currentSize : 55 <-- 0.037648 s
currentSize : 56 <-- 0.040688 s
currentSize : 57 <-- 0.403245 s
currentSize : 58 <-- 0.403554 s
currentSize : 59 <-- 0.452532 s
currentSize : 60 <-- 0.453500 s
currentSize : 61 <-- 0.453789 s
currentSize : 62 <-- 1.347870 s
currentSize : 64 <-- 1.388183 s

maxsize : 64
nodes : 7290067.000000
filtered : 29318875.000000
time : 39.924034
