Parameters: GAD=1 vflib=1 dir=0 label=0 vlabel=1 lowerbound=1 fileNameGp=../../cp2016-max-common-connected-subgraph-paper/datasets/graphsdb/mcs70/bvg/b06m/mcs70_b06m_s70.A08 fileNameGt=../../cp2016-max-common-connected-subgraph-paper/datasets/graphsdb/mcs70/bvg/b06m/mcs70_b06m_s70.B08
Reading graphs...
70 :  208
70 :  207
Initializing...
maxdom : 8
D->valSize : 360
Solving...
Blb : 3 (clique : 31)
currentSize : 31 <-- 0.003294 s
currentSize : 32 <-- 0.003575 s
currentSize : 33 <-- 0.091655 s
currentSize : 35 <-- 0.147163 s
currentSize : 37 <-- 0.147257 s
currentSize : 38 <-- 0.148436 s
currentSize : 40 <-- 0.631296 s
currentSize : 41 <-- 0.631740 s
currentSize : 42 <-- 0.632775 s
currentSize : 43 <-- 0.633235 s
currentSize : 45 <-- 2.608430 s
currentSize : 47 <-- 2.608601 s
currentSize : 49 <-- 2.634911 s

maxsize : 49
nodes : 630395.000000
filtered : 3256088.000000
time : 2.970425
