Parameters: GAD=1 vflib=1 dir=0 label=0 vlabel=1 lowerbound=1 fileNameGp=../../cp2016-max-common-connected-subgraph-paper/datasets/graphsdb/mcs70/m3D/m3Dr6/mcs70_m3Dr6_s100.A06 fileNameGt=../../cp2016-max-common-connected-subgraph-paper/datasets/graphsdb/mcs70/m3D/m3Dr6/mcs70_m3Dr6_s100.B06
Reading graphs...
100 :  294
100 :  291
Initializing...
maxdom : 7
D->valSize : 364
Solving...
Blb : 3 (clique : 35)
currentSize : 35 <-- 0.003945 s
currentSize : 36 <-- 1.263529 s
currentSize : 37 <-- 2.243081 s
currentSize : 38 <-- 2.246004 s
currentSize : 39 <-- 2.246871 s
currentSize : 40 <-- 28.099150 s
currentSize : 41 <-- 29.482107 s
currentSize : 43 <-- 29.482187 s
currentSize : 44 <-- 29.482552 s
currentSize : 45 <-- 29.484844 s
currentSize : 46 <-- 58.959431 s
currentSize : 47 <-- 58.959866 s
currentSize : 49 <-- 58.959961 s
currentSize : 50 <-- 58.961311 s
currentSize : 52 <-- 73.298279 s
currentSize : 54 <-- 73.315346 s
currentSize : 56 <-- 73.317673 s
currentSize : 57 <-- 73.321167 s
currentSize : 58 <-- 88.431198 s
currentSize : 60 <-- 96.726074 s
currentSize : 63 <-- 96.726837 s
currentSize : 64 <-- 103.053215 s

maxsize : 64
nodes : 26739450.000000
filtered : 103771355.000000
time : 143.653488
