Parameters: GAD=1 vflib=1 dir=0 label=0 vlabel=1 lowerbound=1 fileNameGp=../../cp2016-max-common-connected-subgraph-paper/datasets/graphsdb/mcs70/m2D/m2Dr6/mcs70_m2Dr6_s100.A00 fileNameGt=../../cp2016-max-common-connected-subgraph-paper/datasets/graphsdb/mcs70/m2D/m2Dr6/mcs70_m2Dr6_s100.B00
Reading graphs...
100 :  240
100 :  238
Initializing...
maxdom : 7
D->valSize : 385
Solving...
Blb : 3 (clique : 53)
currentSize : 53 <-- 0.007033 s
currentSize : 56 <-- 6.575472 s
currentSize : 57 <-- 6.575771 s
currentSize : 58 <-- 77.106758 s
currentSize : 59 <-- 77.603729 s
currentSize : 60 <-- 77.604385 s
currentSize : 61 <-- 129.846512 s
currentSize : 62 <-- 153.323532 s
currentSize : 64 <-- 160.280716 s
currentSize : 66 <-- 160.691177 s

maxsize : 66
nodes : 33667632.000000
filtered : 159269612.000000
time : 192.724075
