Parameters: GAD=1 vflib=1 dir=0 label=0 vlabel=1 lowerbound=1 fileNameGp=../../cp2016-max-common-connected-subgraph-paper/datasets/graphsdb/mcs70/rand/r01/mcs70_r01_s50.A06 fileNameGt=../../cp2016-max-common-connected-subgraph-paper/datasets/graphsdb/mcs70/rand/r01/mcs70_r01_s50.B06
Reading graphs...
50 :  233
50 :  232
Initializing...
maxdom : 8
D->valSize : 321
Solving...
Blb : 2 (clique : 14)
currentSize : 14 <-- 0.002386 s
currentSize : 15 <-- 0.005048 s
currentSize : 16 <-- 0.025795 s
currentSize : 17 <-- 0.031837 s
currentSize : 18 <-- 0.290892 s
currentSize : 20 <-- 0.814268 s
currentSize : 21 <-- 0.823758 s
currentSize : 22 <-- 0.916483 s
currentSize : 23 <-- 0.921980 s
currentSize : 24 <-- 1.168829 s
currentSize : 28 <-- 1.169014 s
currentSize : 30 <-- 1.169518 s
currentSize : 35 <-- 1.169638 s

maxsize : 35
nodes : 232435.000000
filtered : 2037296.000000
time : 1.182405
