Parameters: GAD=1 vflib=1 dir=0 label=0 vlabel=1 lowerbound=1 fileNameGp=../../cp2016-max-common-connected-subgraph-paper/datasets/graphsdb/mcs70/rand/r01/mcs70_r01_s70.A05 fileNameGt=../../cp2016-max-common-connected-subgraph-paper/datasets/graphsdb/mcs70/rand/r01/mcs70_r01_s70.B05
Reading graphs...
70 :  452
70 :  451
Initializing...
maxdom : 7
D->valSize : 324
Solving...
Blb : 2 (clique : 13)
currentSize : 13 <-- 0.002734 s
currentSize : 14 <-- 0.004345 s
currentSize : 15 <-- 0.004461 s
currentSize : 16 <-- 0.004603 s
currentSize : 18 <-- 0.005006 s
currentSize : 20 <-- 0.005708 s
currentSize : 22 <-- 0.009309 s
currentSize : 25 <-- 0.009623 s
currentSize : 28 <-- 0.015343 s
currentSize : 29 <-- 0.038274 s
currentSize : 36 <-- 0.038603 s
currentSize : 38 <-- 0.045926 s
currentSize : 49 <-- 0.046291 s

maxsize : 49
nodes : 8324.000000
filtered : 80722.000000
time : 0.049712
