Parameters: GAD=1 vflib=1 dir=0 label=0 vlabel=1 lowerbound=1 fileNameGp=../../cp2016-max-common-connected-subgraph-paper/datasets/graphsdb/mcs70/bvg/b03/mcs70_b03_s80.A07 fileNameGt=../../cp2016-max-common-connected-subgraph-paper/datasets/graphsdb/mcs70/bvg/b03/mcs70_b03_s80.B07
Reading graphs...
80 :  120
80 :  120
Initializing...
maxdom : 10
D->valSize : 435
Solving...
Blb : 2 (clique : 45)
currentSize : 45 <-- 0.007492 s
currentSize : 46 <-- 0.008056 s
currentSize : 47 <-- 0.045781 s
currentSize : 48 <-- 0.364092 s
currentSize : 49 <-- 0.364841 s
currentSize : 50 <-- 2.924974 s
currentSize : 51 <-- 602.248657 s
currentSize : 54 <-- 652.862915 s
currentSize : 55 <-- 652.899658 s
currentSize : 56 <-- 781.422302 s
currentSize : 57 <-- 781.423401 s
currentSize : 58 <-- 784.874268 s

maxsize : 58
nodes : 154717837.000000
filtered : 1034190405.000000
time : 829.856506
