Parameters: GAD=1 vflib=1 dir=0 label=0 vlabel=1 lowerbound=1 fileNameGp=../../cp2016-max-common-connected-subgraph-paper/datasets/graphsdb/mcs70/m2D/m2Dr4/mcs70_m2Dr4_s50.A01 fileNameGt=../../cp2016-max-common-connected-subgraph-paper/datasets/graphsdb/mcs70/m2D/m2Dr4/mcs70_m2Dr4_s50.B01
Reading graphs...
50 :  105
50 :  104
Initializing...
maxdom : 9
D->valSize : 341
Solving...
Blb : 3 (clique : 22)
currentSize : 22 <-- 0.002508 s
currentSize : 23 <-- 0.056069 s
currentSize : 24 <-- 0.078295 s
currentSize : 25 <-- 0.485732 s
currentSize : 26 <-- 0.684206 s
currentSize : 28 <-- 0.684305 s
currentSize : 29 <-- 0.916687 s
currentSize : 30 <-- 1.168985 s
currentSize : 31 <-- 1.294865 s
currentSize : 32 <-- 1.294963 s
currentSize : 35 <-- 1.509349 s
currentSize : 36 <-- 1.509658 s

maxsize : 36
nodes : 357657.000000
filtered : 2539419.000000
time : 1.624089
