Parameters: GAD=1 vflib=1 dir=0 label=0 vlabel=1 lowerbound=1 fileNameGp=../../cp2016-max-common-connected-subgraph-paper/datasets/graphsdb/mcs70/m3D/m3Dr6/mcs70_m3Dr6_s90.A09 fileNameGt=../../cp2016-max-common-connected-subgraph-paper/datasets/graphsdb/mcs70/m3D/m3Dr6/mcs70_m3Dr6_s90.B09
Reading graphs...
90 :  262
90 :  260
Initializing...
maxdom : 9
D->valSize : 542
Solving...
Blb : 3 (clique : 56)
currentSize : 56 <-- 0.007408 s
currentSize : 57 <-- 3.607767 s
currentSize : 58 <-- 3.608194 s
currentSize : 60 <-- 30.888727 s
currentSize : 62 <-- 30.888857 s
currentSize : 63 <-- 30.889299 s
currentSize : 64 <-- 30.890823 s

maxsize : 64
nodes : 22874009.000000
filtered : 109463643.000000
time : 116.072563
