Parameters: GAD=1 vflib=1 dir=0 label=0 vlabel=1 lowerbound=1 fileNameGp=../../cp2016-max-common-connected-subgraph-paper/datasets/graphsdb/mcs70/bvg/b03/mcs70_b03_s100.A00 fileNameGt=../../cp2016-max-common-connected-subgraph-paper/datasets/graphsdb/mcs70/bvg/b03/mcs70_b03_s100.B00
Reading graphs...
100 :  150
100 :  150
Initializing...
maxdom : 7
D->valSize : 379
Solving...
Blb : 2 (clique : 55)
currentSize : 55 <-- 0.004285 s
currentSize : 56 <-- 0.004864 s
currentSize : 57 <-- 0.005860 s
currentSize : 58 <-- 0.006886 s
currentSize : 59 <-- 0.072790 s
currentSize : 60 <-- 0.127466 s
currentSize : 62 <-- 0.127775 s
currentSize : 63 <-- 0.128076 s
currentSize : 64 <-- 0.741196 s
currentSize : 65 <-- 0.741390 s
currentSize : 67 <-- 0.741539 s
currentSize : 68 <-- 0.741741 s
currentSize : 69 <-- 0.799306 s
currentSize : 70 <-- 67.534332 s
currentSize : 71 <-- 67.535187 s

maxsize : 71
nodes : 107969035.000000
filtered : 337489039.000000
time : 534.257996
