Parameters: GAD=1 vflib=1 dir=0 label=0 vlabel=1 lowerbound=1 fileNameGp=../../cp2016-max-common-connected-subgraph-paper/datasets/graphsdb/mcs70/m3D/m3Dr6/mcs70_m3Dr6_s90.A05 fileNameGt=../../cp2016-max-common-connected-subgraph-paper/datasets/graphsdb/mcs70/m3D/m3Dr6/mcs70_m3Dr6_s90.B05
Reading graphs...
90 :  260
90 :  260
Initializing...
maxdom : 7
D->valSize : 516
Solving...
Blb : 2 (clique : 44)
currentSize : 44 <-- 0.005953 s
currentSize : 46 <-- 0.006349 s
currentSize : 47 <-- 0.009034 s
currentSize : 48 <-- 473.934509 s
currentSize : 50 <-- 474.522644 s
currentSize : 51 <-- 474.522980 s
currentSize : 52 <-- 476.342316 s
currentSize : 54 <-- 477.046387 s
currentSize : 55 <-- 477.046753 s
currentSize : 58 <-- 690.060120 s
currentSize : 61 <-- 690.362061 s
currentSize : 64 <-- 690.362549 s

maxsize : 64
nodes : 126626854.000000
filtered : 782521304.000000
time : 717.734253
