Parameters: GAD=1 vflib=1 dir=0 label=0 vlabel=1 lowerbound=1 fileNameGp=../../cp2016-max-common-connected-subgraph-paper/datasets/graphsdb/mcs70/rand/r001/mcs70_r001_s100.A09 fileNameGt=../../cp2016-max-common-connected-subgraph-paper/datasets/graphsdb/mcs70/rand/r001/mcs70_r001_s100.B09
Reading graphs...
100 :  120
100 :  120
Initializing...
maxdom : 7
D->valSize : 357
Solving...
Blb : 2 (clique : 61)
currentSize : 61 <-- 0.004208 s
currentSize : 62 <-- 0.004665 s
currentSize : 63 <-- 0.005296 s
currentSize : 64 <-- 0.011216 s
currentSize : 65 <-- 0.011631 s
currentSize : 66 <-- 1.181760 s
currentSize : 67 <-- 10.739252 s
currentSize : 68 <-- 906.924500 s
currentSize : 69 <-- 912.334229 s

TIMEOUT
maxsize : 69
nodes : 203817563.000000
filtered : 663459339.000000
time : 1000.000122
