Parameters: GAD=1 vflib=1 dir=0 label=0 vlabel=1 lowerbound=1 fileNameGp=../../cp2016-max-common-connected-subgraph-paper/datasets/graphsdb/mcs70/m2D/m2Dr4/mcs70_m2Dr4_s35.A09 fileNameGt=../../cp2016-max-common-connected-subgraph-paper/datasets/graphsdb/mcs70/m2D/m2Dr4/mcs70_m2Dr4_s35.B09
Reading graphs...
35 :  72
35 :  71
Initializing...
maxdom : 7
D->valSize : 153
Solving...
Blb : 2 (clique : 12)
currentSize : 12 <-- 0.000879 s
currentSize : 13 <-- 0.001223 s
currentSize : 14 <-- 0.001580 s
currentSize : 15 <-- 0.002646 s
currentSize : 16 <-- 0.002667 s
currentSize : 18 <-- 0.003311 s
currentSize : 19 <-- 0.003462 s
currentSize : 21 <-- 0.003835 s
currentSize : 22 <-- 0.003913 s
currentSize : 25 <-- 0.006059 s

maxsize : 25
nodes : 2029.000000
filtered : 14090.000000
time : 0.007728
