Parameters: GAD=1 vflib=1 dir=0 label=0 vlabel=1 lowerbound=1 fileNameGp=../../cp2016-max-common-connected-subgraph-paper/datasets/graphsdb/mcs70/m2D/m2Dr6/mcs70_m2Dr6_s100.A03 fileNameGt=../../cp2016-max-common-connected-subgraph-paper/datasets/graphsdb/mcs70/m2D/m2Dr6/mcs70_m2Dr6_s100.B03
Reading graphs...
100 :  236
100 :  236
Initializing...
maxdom : 8
D->valSize : 389
Solving...
Blb : 2 (clique : 38)
currentSize : 38 <-- 0.006897 s
currentSize : 39 <-- 0.007423 s
currentSize : 40 <-- 0.007624 s
currentSize : 41 <-- 0.008552 s
currentSize : 42 <-- 0.008742 s
currentSize : 43 <-- 0.009183 s
currentSize : 44 <-- 0.011833 s
currentSize : 45 <-- 0.013070 s
currentSize : 46 <-- 0.013238 s
currentSize : 47 <-- 0.028178 s
currentSize : 48 <-- 0.028335 s
currentSize : 49 <-- 0.060423 s
currentSize : 50 <-- 17.341684 s
currentSize : 51 <-- 39.593670 s
currentSize : 52 <-- 39.593796 s
currentSize : 53 <-- 39.672523 s
currentSize : 54 <-- 134.595932 s
currentSize : 55 <-- 134.606201 s
currentSize : 56 <-- 171.730057 s
currentSize : 57 <-- 171.731277 s

TIMEOUT
maxsize : 57
nodes : 187644599.000000
filtered : 640727258.000000
time : 1000.000122
