Parameters: GAD=1 vflib=1 dir=0 label=0 vlabel=1 lowerbound=1 fileNameGp=../../cp2016-max-common-connected-subgraph-paper/datasets/graphsdb/mcs70/m3D/m3Dr2/mcs70_m3Dr2_s100.A04 fileNameGt=../../cp2016-max-common-connected-subgraph-paper/datasets/graphsdb/mcs70/m3D/m3Dr2/mcs70_m3Dr2_s100.B04
Reading graphs...
100 :  253
100 :  254
Initializing...
maxdom : 7
D->valSize : 369
Solving...
Blb : 3 (clique : 41)
currentSize : 41 <-- 0.003974 s
currentSize : 42 <-- 0.009222 s
currentSize : 44 <-- 0.010406 s
currentSize : 45 <-- 0.066009 s
currentSize : 46 <-- 0.066238 s
currentSize : 47 <-- 0.073062 s
currentSize : 48 <-- 0.073370 s
currentSize : 49 <-- 0.274283 s
currentSize : 50 <-- 0.274780 s
currentSize : 52 <-- 7.469350 s
currentSize : 53 <-- 7.469880 s
currentSize : 54 <-- 7.470276 s
currentSize : 55 <-- 7.470661 s
currentSize : 56 <-- 7.473308 s
currentSize : 57 <-- 27.650568 s
currentSize : 58 <-- 27.652271 s
currentSize : 59 <-- 247.750534 s
currentSize : 60 <-- 258.984833 s
currentSize : 61 <-- 259.034821 s

TIMEOUT
maxsize : 61
nodes : 206273286.000000
filtered : 626913816.000000
time : 1000.000122
