Parameters: GAD=1 vflib=1 dir=0 label=0 vlabel=1 lowerbound=1 fileNameGp=../../cp2016-max-common-connected-subgraph-paper/datasets/graphsdb/mcs70/m3D/m3D/mcs70_m3D_s90.A00 fileNameGt=../../cp2016-max-common-connected-subgraph-paper/datasets/graphsdb/mcs70/m3D/m3D/mcs70_m3D_s90.B00
Reading graphs...
90 :  209
90 :  209
Initializing...
maxdom : 12
D->valSize : 580
Solving...
Blb : 2 (clique : 39)
currentSize : 39 <-- 0.007288 s
currentSize : 40 <-- 0.008053 s
currentSize : 42 <-- 0.018273 s
currentSize : 43 <-- 0.068292 s
currentSize : 45 <-- 0.068388 s
currentSize : 46 <-- 0.103415 s
currentSize : 48 <-- 0.131309 s
currentSize : 50 <-- 0.131443 s
currentSize : 52 <-- 0.157953 s
currentSize : 53 <-- 0.158604 s
currentSize : 56 <-- 0.239608 s
currentSize : 58 <-- 0.263388 s
currentSize : 59 <-- 0.263889 s
currentSize : 60 <-- 9.215481 s
currentSize : 61 <-- 9.216113 s
currentSize : 62 <-- 9.242522 s
currentSize : 64 <-- 9.243791 s

maxsize : 64
nodes : 2856205.000000
filtered : 17665950.000000
time : 16.122099
