Parameters: GAD=1 vflib=1 dir=0 label=0 vlabel=1 lowerbound=1 fileNameGp=../../cp2016-max-common-connected-subgraph-paper/datasets/graphsdb/mcs70/m2D/m2Dr2/mcs70_m2Dr2_s60.A09 fileNameGt=../../cp2016-max-common-connected-subgraph-paper/datasets/graphsdb/mcs70/m2D/m2Dr2/mcs70_m2Dr2_s60.B09
Reading graphs...
60 :  116
60 :  116
Initializing...
maxdom : 7
D->valSize : 257
Solving...
Blb : 2 (clique : 27)
currentSize : 27 <-- 0.003008 s
currentSize : 28 <-- 0.003266 s
currentSize : 30 <-- 0.003840 s
currentSize : 31 <-- 0.010032 s
currentSize : 32 <-- 0.022193 s
currentSize : 33 <-- 0.025900 s
currentSize : 35 <-- 0.026821 s
currentSize : 36 <-- 0.027210 s
currentSize : 37 <-- 0.055423 s

maxsize : 37
nodes : 211083.000000
filtered : 1107652.000000
time : 1.019996
