Parameters: GAD=1 vflib=1 dir=0 label=0 vlabel=1 lowerbound=1 fileNameGp=../../cp2016-max-common-connected-subgraph-paper/datasets/graphsdb/mcs70/bvg/b09m/mcs70_b09m_s90.A09 fileNameGt=../../cp2016-max-common-connected-subgraph-paper/datasets/graphsdb/mcs70/bvg/b09m/mcs70_b09m_s90.B09
Reading graphs...
90 :  397
90 :  397
Initializing...
maxdom : 9
D->valSize : 522
Solving...
Blb : 3 (clique : 46)
currentSize : 46 <-- 0.005976 s
currentSize : 47 <-- 0.333574 s
currentSize : 48 <-- 0.334615 s
currentSize : 50 <-- 0.334805 s
currentSize : 51 <-- 5.522898 s
currentSize : 52 <-- 26.550535 s
currentSize : 62 <-- 26.753536 s

maxsize : 62
nodes : 6681284.000000
filtered : 39869001.000000
time : 36.802097
