Parameters: GAD=1 vflib=1 dir=0 label=0 vlabel=1 lowerbound=1 fileNameGp=../../cp2016-max-common-connected-subgraph-paper/datasets/graphsdb/mcs70/bvg/b03m/mcs70_b03m_s70.A02 fileNameGt=../../cp2016-max-common-connected-subgraph-paper/datasets/graphsdb/mcs70/bvg/b03m/mcs70_b03m_s70.B02
Reading graphs...
70 :  104
70 :  104
Initializing...
maxdom : 9
D->valSize : 349
Solving...
Blb : 2 (clique : 35)
currentSize : 35 <-- 0.005095 s
currentSize : 36 <-- 0.005436 s
currentSize : 38 <-- 0.006077 s
currentSize : 39 <-- 0.008464 s
currentSize : 40 <-- 0.009457 s
currentSize : 41 <-- 0.009921 s
currentSize : 42 <-- 0.054934 s
currentSize : 43 <-- 0.134996 s
currentSize : 44 <-- 0.135268 s
currentSize : 45 <-- 0.135512 s
currentSize : 46 <-- 19.673800 s
currentSize : 48 <-- 19.674126 s

maxsize : 48
nodes : 5265880.000000
filtered : 30164454.000000
time : 25.192453
