Parameters: GAD=1 vflib=1 dir=0 label=0 vlabel=1 lowerbound=1 fileNameGp=../../cp2016-max-common-connected-subgraph-paper/datasets/graphsdb/mcs70/bvg/b03/mcs70_b03_s80.A05 fileNameGt=../../cp2016-max-common-connected-subgraph-paper/datasets/graphsdb/mcs70/bvg/b03/mcs70_b03_s80.B05
Reading graphs...
80 :  120
80 :  119
Initializing...
maxdom : 11
D->valSize : 437
Solving...
Blb : 2 (clique : 46)
currentSize : 46 <-- 0.007562 s
currentSize : 47 <-- 1.545620 s
currentSize : 48 <-- 5.467787 s
currentSize : 49 <-- 28.783442 s
currentSize : 50 <-- 53.920433 s
currentSize : 51 <-- 208.108353 s
currentSize : 52 <-- 302.397003 s
currentSize : 53 <-- 377.990814 s
currentSize : 54 <-- 420.684021 s
currentSize : 58 <-- 420.691437 s

maxsize : 58
nodes : 103035236.000000
filtered : 618610858.000000
time : 538.296936
