Parameters: GAD=1 vflib=1 dir=0 label=0 vlabel=1 lowerbound=1 fileNameGp=../../cp2016-max-common-connected-subgraph-paper/datasets/graphsdb/mcs70/m3D/m3D/mcs70_m3D_s40.A03 fileNameGt=../../cp2016-max-common-connected-subgraph-paper/datasets/graphsdb/mcs70/m3D/m3D/mcs70_m3D_s40.B03
Reading graphs...
40 :  84
40 :  83
Initializing...
maxdom : 7
D->valSize : 221
Solving...
Blb : 2 (clique : 14)
currentSize : 14 <-- 0.001282 s
currentSize : 16 <-- 0.001362 s
currentSize : 17 <-- 0.001472 s
currentSize : 18 <-- 0.001607 s
currentSize : 19 <-- 0.002079 s
currentSize : 20 <-- 0.002124 s
currentSize : 21 <-- 0.005429 s
currentSize : 22 <-- 0.005459 s
currentSize : 23 <-- 0.005673 s
currentSize : 25 <-- 0.007082 s
currentSize : 26 <-- 0.007142 s
currentSize : 27 <-- 0.007253 s

maxsize : 27
nodes : 7165.000000
filtered : 57968.000000
time : 0.029596
