Parameters: GAD=1 vflib=1 dir=0 label=0 vlabel=1 lowerbound=1 fileNameGp=../../cp2016-max-common-connected-subgraph-paper/datasets/graphsdb/mcs70/rand/r005/mcs70_r005_s90.A07 fileNameGt=../../cp2016-max-common-connected-subgraph-paper/datasets/graphsdb/mcs70/rand/r005/mcs70_r005_s90.B07
Reading graphs...
90 :  386
90 :  386
Initializing...
maxdom : 8
D->valSize : 539
Solving...
Blb : 2 (clique : 26)
currentSize : 26 <-- 0.006305 s
currentSize : 28 <-- 0.012512 s
currentSize : 29 <-- 0.097112 s
currentSize : 30 <-- 0.242960 s
currentSize : 31 <-- 0.446521 s
currentSize : 32 <-- 0.446696 s
currentSize : 35 <-- 0.455919 s
currentSize : 37 <-- 0.597372 s
currentSize : 38 <-- 0.779868 s
currentSize : 39 <-- 0.780098 s
currentSize : 40 <-- 0.799570 s
currentSize : 42 <-- 0.799629 s
currentSize : 46 <-- 1.508595 s
currentSize : 47 <-- 3.523844 s
currentSize : 51 <-- 3.591421 s
currentSize : 55 <-- 4.320401 s
currentSize : 57 <-- 17.448328 s
currentSize : 58 <-- 20.580833 s
currentSize : 63 <-- 20.665760 s

maxsize : 63
nodes : 3413598.000000
filtered : 36285832.000000
time : 22.294367
