Parameters: GAD=1 vflib=1 dir=0 label=0 vlabel=1 lowerbound=1 fileNameGp=../../cp2016-max-common-connected-subgraph-paper/datasets/graphsdb/mcs70/m2D/m2D/mcs70_m2D_s70.A01 fileNameGt=../../cp2016-max-common-connected-subgraph-paper/datasets/graphsdb/mcs70/m2D/m2D/mcs70_m2D_s70.B01
Reading graphs...
70 :  123
70 :  123
Initializing...
maxdom : 8
D->valSize : 322
Solving...
Blb : 2 (clique : 37)
currentSize : 37 <-- 0.002932 s
currentSize : 39 <-- 0.003192 s
currentSize : 40 <-- 0.003371 s
currentSize : 41 <-- 0.931291 s
currentSize : 42 <-- 0.933512 s
currentSize : 43 <-- 1.827652 s
currentSize : 44 <-- 2.745850 s
currentSize : 45 <-- 2.746124 s
currentSize : 48 <-- 2.748120 s
currentSize : 49 <-- 2.780730 s

maxsize : 49
nodes : 682447.000000
filtered : 3680403.000000
time : 3.338902
