Parameters: GAD=1 vflib=1 dir=0 label=0 vlabel=1 lowerbound=1 fileNameGp=../../cp2016-max-common-connected-subgraph-paper/datasets/graphsdb/mcs70/bvg/b06m/mcs70_b06m_s90.A07 fileNameGt=../../cp2016-max-common-connected-subgraph-paper/datasets/graphsdb/mcs70/bvg/b06m/mcs70_b06m_s90.B07
Reading graphs...
90 :  267
90 :  267
Initializing...
maxdom : 8
D->valSize : 533
Solving...
Blb : 3 (clique : 35)
currentSize : 35 <-- 0.010228 s
currentSize : 37 <-- 0.013961 s
currentSize : 41 <-- 0.019607 s
currentSize : 42 <-- 0.019781 s
currentSize : 43 <-- 0.034512 s
currentSize : 46 <-- 0.467782 s
currentSize : 47 <-- 0.468029 s
currentSize : 48 <-- 0.508582 s
currentSize : 50 <-- 2.842745 s
currentSize : 51 <-- 2.843168 s
currentSize : 53 <-- 2.852644 s
currentSize : 55 <-- 2.852852 s
currentSize : 56 <-- 2.856684 s
currentSize : 58 <-- 2.856888 s
currentSize : 60 <-- 4.358679 s
currentSize : 61 <-- 4.359692 s
currentSize : 62 <-- 4.368799 s
currentSize : 63 <-- 4.370240 s

maxsize : 63
nodes : 5608681.000000
filtered : 30707059.000000
time : 31.235537
