Parameters: GAD=1 vflib=1 dir=0 label=0 vlabel=1 lowerbound=1 fileNameGp=../../cp2016-max-common-connected-subgraph-paper/datasets/graphsdb/mcs70/m2D/m2Dr2/mcs70_m2Dr2_s40.A04 fileNameGt=../../cp2016-max-common-connected-subgraph-paper/datasets/graphsdb/mcs70/m2D/m2Dr2/mcs70_m2Dr2_s40.B04
Reading graphs...
40 :  75
40 :  74
Initializing...
maxdom : 10
D->valSize : 248
Solving...
Blb : 2 (clique : 16)
currentSize : 16 <-- 0.002364 s
currentSize : 17 <-- 0.002573 s
currentSize : 18 <-- 0.002999 s
currentSize : 19 <-- 0.008220 s
currentSize : 20 <-- 0.011423 s
currentSize : 21 <-- 0.011439 s
currentSize : 22 <-- 0.015035 s
currentSize : 23 <-- 0.021057 s
currentSize : 25 <-- 0.030402 s
currentSize : 26 <-- 0.030932 s

maxsize : 26
nodes : 15324.000000
filtered : 95900.000000
time : 0.089126
