Parameters: GAD=1 vflib=1 dir=0 label=0 vlabel=1 lowerbound=1 fileNameGp=../../cp2016-max-common-connected-subgraph-paper/datasets/graphsdb/mcs70/rand/r01/mcs70_r01_s40.A06 fileNameGt=../../cp2016-max-common-connected-subgraph-paper/datasets/graphsdb/mcs70/rand/r01/mcs70_r01_s40.B06
Reading graphs...
40 :  148
40 :  150
Initializing...
maxdom : 11
D->valSize : 244
Solving...
Blb : 5 (clique : 14)
currentSize : 14 <-- 0.001446 s
currentSize : 15 <-- 0.001537 s
currentSize : 16 <-- 0.004017 s
currentSize : 17 <-- 0.020950 s
currentSize : 18 <-- 0.021604 s
currentSize : 21 <-- 0.032178 s
currentSize : 22 <-- 0.032403 s
currentSize : 23 <-- 0.035364 s
currentSize : 28 <-- 0.041402 s

maxsize : 28
nodes : 9867.000000
filtered : 87713.000000
time : 0.043338
