Parameters: GAD=1 vflib=1 dir=0 label=0 vlabel=1 lowerbound=1 fileNameGp=../../cp2016-max-common-connected-subgraph-paper/datasets/graphsdb/mcs70/m2D/m2Dr4/mcs70_m2Dr4_s80.A09 fileNameGt=../../cp2016-max-common-connected-subgraph-paper/datasets/graphsdb/mcs70/m2D/m2Dr4/mcs70_m2Dr4_s80.B09
Reading graphs...
80 :  173
80 :  172
Initializing...
maxdom : 8
D->valSize : 434
Solving...
Blb : 2 (clique : 30)
currentSize : 30 <-- 0.004570 s
currentSize : 31 <-- 0.004821 s
currentSize : 32 <-- 0.004925 s
currentSize : 33 <-- 0.659811 s
currentSize : 34 <-- 0.695047 s
currentSize : 35 <-- 11.431053 s
currentSize : 36 <-- 175.681641 s

TIMEOUT
maxsize : 36
nodes : 200248236.000000
filtered : 1379206466.000000
time : 1000.000061
