Parameters: GAD=1 vflib=1 dir=0 label=0 vlabel=1 lowerbound=1 fileNameGp=../../cp2016-max-common-connected-subgraph-paper/datasets/graphsdb/mcs70/bvg/b06m/mcs70_b06m_s70.A04 fileNameGt=../../cp2016-max-common-connected-subgraph-paper/datasets/graphsdb/mcs70/bvg/b06m/mcs70_b06m_s70.B04
Reading graphs...
70 :  207
70 :  208
Initializing...
maxdom : 7
D->valSize : 333
Solving...
Blb : 2 (clique : 24)
currentSize : 24 <-- 0.004605 s
currentSize : 28 <-- 0.006957 s
currentSize : 30 <-- 0.511357 s
currentSize : 31 <-- 1.111040 s
currentSize : 33 <-- 1.126048 s
currentSize : 34 <-- 1.303094 s
currentSize : 35 <-- 1.303356 s
currentSize : 36 <-- 1.303643 s
currentSize : 37 <-- 1.437178 s
currentSize : 39 <-- 1.437311 s
currentSize : 41 <-- 1.900455 s
currentSize : 42 <-- 2.394420 s
currentSize : 45 <-- 2.418445 s
currentSize : 47 <-- 2.516913 s
currentSize : 49 <-- 2.531728 s

maxsize : 49
nodes : 652220.000000
filtered : 4402392.000000
time : 3.310227
