Parameters: GAD=1 vflib=1 dir=0 label=0 vlabel=1 lowerbound=1 fileNameGp=../../cp2016-max-common-connected-subgraph-paper/datasets/graphsdb/mcs70/bvg/b09m/mcs70_b09m_s90.A00 fileNameGt=../../cp2016-max-common-connected-subgraph-paper/datasets/graphsdb/mcs70/bvg/b09m/mcs70_b09m_s90.B00
Reading graphs...
90 :  399
90 :  399
Initializing...
maxdom : 10
D->valSize : 556
Solving...
Blb : 3 (clique : 32)
currentSize : 32 <-- 0.010616 s
currentSize : 33 <-- 0.354883 s
currentSize : 34 <-- 0.460995 s
currentSize : 36 <-- 0.637859 s
currentSize : 39 <-- 0.662764 s
currentSize : 41 <-- 1.075879 s
currentSize : 43 <-- 1.082128 s
currentSize : 47 <-- 1.084895 s
currentSize : 48 <-- 1.090115 s
currentSize : 49 <-- 1.092489 s
currentSize : 50 <-- 1.330880 s
currentSize : 52 <-- 1.338642 s
currentSize : 56 <-- 1.339075 s
currentSize : 58 <-- 1.347659 s
currentSize : 62 <-- 1.488660 s

maxsize : 62
nodes : 823203.000000
filtered : 6513981.000000
time : 5.249980
