Parameters: GAD=1 vflib=1 dir=0 label=0 vlabel=1 lowerbound=1 fileNameGp=../../cp2016-max-common-connected-subgraph-paper/datasets/graphsdb/mcs70/m2D/m2Dr2/mcs70_m2Dr2_s80.A01 fileNameGt=../../cp2016-max-common-connected-subgraph-paper/datasets/graphsdb/mcs70/m2D/m2Dr2/mcs70_m2Dr2_s80.B01
Reading graphs...
80 :  158
80 :  157
Initializing...
maxdom : 14
D->valSize : 549
Solving...
Blb : 2 (clique : 37)
currentSize : 37 <-- 0.006283 s
currentSize : 38 <-- 0.013511 s
currentSize : 39 <-- 0.043940 s
currentSize : 40 <-- 0.061181 s
currentSize : 41 <-- 0.208954 s
currentSize : 42 <-- 0.209682 s
currentSize : 43 <-- 0.211359 s

TIMEOUT
maxsize : 43
nodes : 167287039.000000
filtered : 1598394686.000000
time : 1000.000061
