Parameters: GAD=1 vflib=1 dir=0 label=0 vlabel=1 lowerbound=1 fileNameGp=../../cp2016-max-common-connected-subgraph-paper/datasets/graphsdb/mcs70/bvg/b09/mcs70_b09_s70.A06 fileNameGt=../../cp2016-max-common-connected-subgraph-paper/datasets/graphsdb/mcs70/bvg/b09/mcs70_b09_s70.B06
Reading graphs...
70 :  311
70 :  315
Initializing...
maxdom : 9
D->valSize : 362
Solving...
Blb : 2 (clique : 24)
currentSize : 24 <-- 0.004898 s
currentSize : 26 <-- 0.005128 s
currentSize : 28 <-- 0.005312 s
currentSize : 29 <-- 0.005592 s
currentSize : 30 <-- 0.005783 s
currentSize : 31 <-- 0.005975 s
currentSize : 33 <-- 0.006658 s
currentSize : 35 <-- 0.006862 s
currentSize : 37 <-- 0.017030 s
currentSize : 38 <-- 0.017837 s
currentSize : 42 <-- 0.021786 s
currentSize : 45 <-- 0.022040 s
currentSize : 48 <-- 0.103360 s

maxsize : 48
nodes : 39118.000000
filtered : 424213.000000
time : 0.260172
