Parameters: GAD=1 vflib=1 dir=0 label=0 vlabel=1 lowerbound=1 fileNameGp=../../cp2016-max-common-connected-subgraph-paper/datasets/graphsdb/mcs70/rand/r001/mcs70_r001_s100.A07 fileNameGt=../../cp2016-max-common-connected-subgraph-paper/datasets/graphsdb/mcs70/rand/r001/mcs70_r001_s100.B07
Reading graphs...
100 :  120
100 :  120
Initializing...
maxdom : 8
D->valSize : 390
Solving...
Blb : 2 (clique : 56)
currentSize : 56 <-- 0.004573 s
currentSize : 57 <-- 0.010890 s
currentSize : 58 <-- 0.021157 s
currentSize : 59 <-- 0.306127 s
currentSize : 60 <-- 0.971753 s
currentSize : 61 <-- 1.117521 s
currentSize : 62 <-- 24.954517 s

TIMEOUT
maxsize : 62
nodes : 189289853.000000
filtered : 771439244.000000
time : 1000.000122
