Parameters: GAD=1 vflib=1 dir=0 label=0 vlabel=1 lowerbound=1 fileNameGp=../../cp2016-max-common-connected-subgraph-paper/datasets/graphsdb/mcs70/m2D/m2Dr4/mcs70_m2Dr4_s60.A00 fileNameGt=../../cp2016-max-common-connected-subgraph-paper/datasets/graphsdb/mcs70/m2D/m2Dr4/mcs70_m2Dr4_s60.B00
Reading graphs...
60 :  127
60 :  126
Initializing...
maxdom : 8
D->valSize : 273
Solving...
Blb : 5 (clique : 30)
currentSize : 30 <-- 0.003347 s
currentSize : 31 <-- 0.171635 s
currentSize : 32 <-- 1.022864 s
currentSize : 33 <-- 2.324765 s
currentSize : 34 <-- 5.392018 s
currentSize : 35 <-- 5.392286 s
currentSize : 36 <-- 5.392450 s
currentSize : 37 <-- 5.393907 s

maxsize : 37
nodes : 1634479.000000
filtered : 10352024.000000
time : 7.677400
