Parameters: GAD=1 vflib=1 dir=0 label=0 vlabel=1 lowerbound=1 fileNameGp=../../cp2016-max-common-connected-subgraph-paper/datasets/graphsdb/mcs70/rand/r005/mcs70_r005_s50.A01 fileNameGt=../../cp2016-max-common-connected-subgraph-paper/datasets/graphsdb/mcs70/rand/r005/mcs70_r005_s50.B01
Reading graphs...
50 :  120
50 :  120
Initializing...
maxdom : 7
D->valSize : 318
Solving...
Blb : 2 (clique : 18)
currentSize : 18 <-- 0.003556 s
currentSize : 19 <-- 0.066958 s
currentSize : 20 <-- 0.071735 s
currentSize : 21 <-- 0.172727 s
currentSize : 22 <-- 0.568928 s
currentSize : 23 <-- 0.617433 s
currentSize : 24 <-- 1.149271 s
currentSize : 27 <-- 1.733408 s
currentSize : 28 <-- 2.244528 s
currentSize : 29 <-- 2.341913 s
currentSize : 30 <-- 2.446381 s
currentSize : 31 <-- 2.539340 s
currentSize : 35 <-- 2.555565 s

maxsize : 35
nodes : 555723.000000
filtered : 4893633.000000
time : 2.605145
