Parameters: GAD=1 vflib=1 dir=0 label=0 vlabel=1 lowerbound=1 fileNameGp=../../cp2016-max-common-connected-subgraph-paper/datasets/graphsdb/mcs70/bvg/b09/mcs70_b09_s80.A05 fileNameGt=../../cp2016-max-common-connected-subgraph-paper/datasets/graphsdb/mcs70/bvg/b09/mcs70_b09_s80.B05
Reading graphs...
80 :  357
80 :  359
Initializing...
maxdom : 9
D->valSize : 445
Solving...
Blb : 2 (clique : 21)
currentSize : 21 <-- 0.004478 s
currentSize : 22 <-- 0.004693 s
currentSize : 23 <-- 0.005114 s
currentSize : 24 <-- 0.012201 s
currentSize : 29 <-- 0.020937 s
currentSize : 30 <-- 0.021080 s
currentSize : 31 <-- 0.021461 s
currentSize : 34 <-- 0.028130 s
currentSize : 35 <-- 0.028443 s
currentSize : 37 <-- 0.063879 s
currentSize : 38 <-- 0.064036 s
currentSize : 40 <-- 0.076103 s
currentSize : 41 <-- 0.172387 s
currentSize : 42 <-- 0.172435 s
currentSize : 43 <-- 5.883668 s
currentSize : 44 <-- 5.886855 s
currentSize : 45 <-- 5.887271 s
currentSize : 55 <-- 5.891737 s
currentSize : 56 <-- 5.892696 s

maxsize : 56
nodes : 1283043.000000
filtered : 9620060.000000
time : 6.983052
