Parameters: GAD=1 vflib=1 dir=0 label=0 vlabel=1 lowerbound=1 fileNameGp=../../cp2016-max-common-connected-subgraph-paper/datasets/graphsdb/mcs70/m2D/m2Dr2/mcs70_m2Dr2_s90.A00 fileNameGt=../../cp2016-max-common-connected-subgraph-paper/datasets/graphsdb/mcs70/m2D/m2Dr2/mcs70_m2Dr2_s90.B00
Reading graphs...
90 :  179
90 :  179
Initializing...
maxdom : 9
D->valSize : 539
Solving...
Blb : 2 (clique : 41)
currentSize : 41 <-- 0.006393 s
currentSize : 42 <-- 0.006814 s
currentSize : 43 <-- 0.007426 s
currentSize : 45 <-- 0.007526 s
currentSize : 49 <-- 0.009809 s
currentSize : 52 <-- 0.010271 s
currentSize : 53 <-- 0.013572 s
currentSize : 55 <-- 0.013701 s
currentSize : 57 <-- 0.025565 s
currentSize : 58 <-- 3.913682 s
currentSize : 59 <-- 3.951645 s
currentSize : 60 <-- 3.951776 s
currentSize : 62 <-- 5.659181 s
currentSize : 63 <-- 7.646380 s
currentSize : 64 <-- 96.152451 s

maxsize : 64
nodes : 28047236.000000
filtered : 183893154.000000
time : 164.116150
