Parameters: GAD=1 vflib=1 dir=0 label=0 vlabel=1 lowerbound=1 fileNameGp=../../cp2016-max-common-connected-subgraph-paper/datasets/graphsdb/mcs70/rand/r01/mcs70_r01_s70.A09 fileNameGt=../../cp2016-max-common-connected-subgraph-paper/datasets/graphsdb/mcs70/rand/r01/mcs70_r01_s70.B09
Reading graphs...
70 :  456
70 :  448
Initializing...
maxdom : 8
D->valSize : 333
Solving...
Blb : 2 (clique : 17)
currentSize : 17 <-- 0.002822 s
currentSize : 18 <-- 0.005174 s
currentSize : 19 <-- 0.005229 s
currentSize : 22 <-- 0.005345 s
currentSize : 24 <-- 0.005433 s
currentSize : 25 <-- 0.009292 s
currentSize : 27 <-- 0.009374 s
currentSize : 35 <-- 0.014855 s
currentSize : 40 <-- 0.018036 s
currentSize : 41 <-- 0.024232 s
currentSize : 49 <-- 0.024430 s

maxsize : 49
nodes : 10876.000000
filtered : 120953.000000
time : 0.064724
