Parameters: GAD=1 vflib=1 dir=0 label=0 vlabel=1 lowerbound=1 fileNameGp=../../cp2016-max-common-connected-subgraph-paper/datasets/graphsdb/mcs70/m2D/m2Dr6/mcs70_m2Dr6_s60.A05 fileNameGt=../../cp2016-max-common-connected-subgraph-paper/datasets/graphsdb/mcs70/m2D/m2Dr6/mcs70_m2Dr6_s60.B05
Reading graphs...
60 :  138
60 :  139
Initializing...
maxdom : 6
D->valSize : 241
Solving...
Blb : 2 (clique : 21)
currentSize : 21 <-- 0.001688 s
currentSize : 22 <-- 0.004001 s
currentSize : 23 <-- 0.007208 s
currentSize : 24 <-- 0.029681 s
currentSize : 25 <-- 0.037588 s
currentSize : 26 <-- 0.136330 s
currentSize : 27 <-- 0.136639 s
currentSize : 28 <-- 0.166604 s
currentSize : 29 <-- 0.176082 s
currentSize : 30 <-- 0.176323 s
currentSize : 31 <-- 0.181270 s
currentSize : 32 <-- 1.293066 s
currentSize : 33 <-- 1.293192 s
currentSize : 34 <-- 1.319106 s
currentSize : 36 <-- 7.671429 s

maxsize : 36
nodes : 3075408.000000
filtered : 12484930.000000
time : 12.592794
