Parameters: GAD=1 vflib=1 dir=0 label=0 vlabel=1 lowerbound=1 fileNameGp=../../cp2016-max-common-connected-subgraph-paper/datasets/graphsdb/mcs70/bvg/b03/mcs70_b03_s70.A07 fileNameGt=../../cp2016-max-common-connected-subgraph-paper/datasets/graphsdb/mcs70/bvg/b03/mcs70_b03_s70.B07
Reading graphs...
70 :  105
70 :  104
Initializing...
maxdom : 8
D->valSize : 361
Solving...
Blb : 2 (clique : 35)
currentSize : 35 <-- 0.005362 s
currentSize : 36 <-- 0.007850 s
currentSize : 39 <-- 0.009411 s
currentSize : 40 <-- 0.047620 s
currentSize : 41 <-- 0.048585 s
currentSize : 42 <-- 0.077199 s
currentSize : 43 <-- 0.077336 s
currentSize : 44 <-- 0.077946 s
currentSize : 45 <-- 0.205253 s
currentSize : 46 <-- 55.950466 s
currentSize : 47 <-- 55.950790 s
currentSize : 48 <-- 173.835434 s
currentSize : 49 <-- 173.835739 s

maxsize : 49
nodes : 43839978.000000
filtered : 267783181.000000
time : 217.223663
