Parameters: GAD=1 vflib=1 dir=0 label=0 vlabel=1 lowerbound=1 fileNameGp=../../cp2016-max-common-connected-subgraph-paper/datasets/graphsdb/mcs70/bvg/b03m/mcs70_b03m_s90.A09 fileNameGt=../../cp2016-max-common-connected-subgraph-paper/datasets/graphsdb/mcs70/bvg/b03m/mcs70_b03m_s90.B09
Reading graphs...
90 :  134
90 :  135
Initializing...
maxdom : 9
D->valSize : 556
Solving...
Blb : 2 (clique : 49)
currentSize : 49 <-- 0.011720 s
currentSize : 51 <-- 0.012438 s
currentSize : 53 <-- 0.071756 s
currentSize : 54 <-- 0.092300 s
currentSize : 55 <-- 0.095229 s
currentSize : 56 <-- 12.725746 s
currentSize : 57 <-- 348.030518 s
currentSize : 58 <-- 348.123413 s

TIMEOUT
maxsize : 58
nodes : 198717691.000000
filtered : 831606223.000000
time : 1000.000061
