Parameters: GAD=1 vflib=1 dir=0 label=0 vlabel=1 lowerbound=1 fileNameGp=../../cp2016-max-common-connected-subgraph-paper/datasets/graphsdb/mcs70/m2D/m2D/mcs70_m2D_s90.A08 fileNameGt=../../cp2016-max-common-connected-subgraph-paper/datasets/graphsdb/mcs70/m2D/m2D/mcs70_m2D_s90.B08
Reading graphs...
90 :  161
90 :  161
Initializing...
maxdom : 9
D->valSize : 575
Solving...
Blb : 2 (clique : 51)
currentSize : 51 <-- 0.012165 s
currentSize : 52 <-- 0.012998 s
currentSize : 53 <-- 0.014371 s
currentSize : 54 <-- 0.019402 s
currentSize : 55 <-- 0.025160 s
currentSize : 56 <-- 0.026942 s
currentSize : 57 <-- 0.036342 s
currentSize : 58 <-- 0.065929 s
currentSize : 59 <-- 0.068558 s
currentSize : 60 <-- 0.068812 s
currentSize : 61 <-- 0.071838 s
currentSize : 62 <-- 0.436070 s
currentSize : 63 <-- 0.436372 s
currentSize : 64 <-- 4.444897 s

maxsize : 64
nodes : 28694527.000000
filtered : 212666059.000000
time : 187.456268
