Parameters: GAD=1 vflib=1 dir=0 label=0 vlabel=1 lowerbound=1 fileNameGp=../../cp2016-max-common-connected-subgraph-paper/datasets/graphsdb/mcs70/bvg/b06/mcs70_b06_s60.A07 fileNameGt=../../cp2016-max-common-connected-subgraph-paper/datasets/graphsdb/mcs70/bvg/b06/mcs70_b06_s60.B07
Reading graphs...
60 :  180
60 :  180
Initializing...
maxdom : 10
D->valSize : 273
Solving...
Blb : 2 (clique : 25)
currentSize : 25 <-- 0.003173 s
currentSize : 26 <-- 0.003489 s
currentSize : 27 <-- 0.003686 s
currentSize : 29 <-- 0.003861 s
currentSize : 31 <-- 0.004036 s
currentSize : 32 <-- 0.010932 s
currentSize : 33 <-- 0.014834 s
currentSize : 34 <-- 0.015168 s
currentSize : 36 <-- 0.015386 s
currentSize : 39 <-- 0.035883 s
currentSize : 42 <-- 0.036016 s

maxsize : 42
nodes : 10866.000000
filtered : 57824.000000
time : 0.073581
