Parameters: GAD=1 vflib=1 dir=0 label=0 vlabel=1 lowerbound=1 fileNameGp=../../cp2016-max-common-connected-subgraph-paper/datasets/graphsdb/mcs70/bvg/b06m/mcs70_b06m_s50.A05 fileNameGt=../../cp2016-max-common-connected-subgraph-paper/datasets/graphsdb/mcs70/bvg/b06m/mcs70_b06m_s50.B05
Reading graphs...
50 :  146
50 :  147
Initializing...
maxdom : 10
D->valSize : 343
Solving...
Blb : 2 (clique : 19)
currentSize : 19 <-- 0.004017 s
currentSize : 20 <-- 0.004206 s
currentSize : 21 <-- 0.062510 s
currentSize : 22 <-- 0.095101 s
currentSize : 23 <-- 0.099493 s
currentSize : 24 <-- 0.100573 s
currentSize : 25 <-- 0.103792 s
currentSize : 26 <-- 0.417709 s
currentSize : 27 <-- 0.417893 s
currentSize : 28 <-- 0.418448 s
currentSize : 32 <-- 0.418695 s
currentSize : 35 <-- 0.419320 s

maxsize : 35
nodes : 73634.000000
filtered : 751308.000000
time : 0.453352
