Parameters: GAD=1 vflib=1 dir=0 label=0 vlabel=1 lowerbound=1 fileNameGp=../../cp2016-max-common-connected-subgraph-paper/datasets/graphsdb/mcs70/bvg/b03m/mcs70_b03m_s50.A06 fileNameGt=../../cp2016-max-common-connected-subgraph-paper/datasets/graphsdb/mcs70/bvg/b03m/mcs70_b03m_s50.B06
Reading graphs...
50 :  75
50 :  75
Initializing...
maxdom : 9
D->valSize : 351
Solving...
Blb : 2 (clique : 24)
currentSize : 24 <-- 0.004391 s
currentSize : 25 <-- 0.004620 s
currentSize : 26 <-- 0.004718 s
currentSize : 27 <-- 0.004930 s
currentSize : 28 <-- 0.005652 s
currentSize : 29 <-- 0.005828 s
currentSize : 30 <-- 0.198988 s
currentSize : 31 <-- 0.336517 s
currentSize : 32 <-- 1.253972 s
currentSize : 33 <-- 1.297628 s
currentSize : 34 <-- 1.451620 s

maxsize : 34
nodes : 408503.000000
filtered : 3910982.000000
time : 2.175392
