Parameters: GAD=1 vflib=1 dir=0 label=0 vlabel=1 lowerbound=1 fileNameGp=../../cp2016-max-common-connected-subgraph-paper/datasets/graphsdb/mcs70/bvg/b03/mcs70_b03_s70.A09 fileNameGt=../../cp2016-max-common-connected-subgraph-paper/datasets/graphsdb/mcs70/bvg/b03/mcs70_b03_s70.B09
Reading graphs...
70 :  105
70 :  105
Initializing...
maxdom : 8
D->valSize : 340
Solving...
Blb : 2 (clique : 36)
currentSize : 36 <-- 0.002970 s
currentSize : 37 <-- 8.148980 s
currentSize : 38 <-- 123.881889 s
currentSize : 40 <-- 128.546295 s
currentSize : 41 <-- 152.332260 s
currentSize : 42 <-- 152.335281 s
currentSize : 44 <-- 191.729950 s
currentSize : 45 <-- 202.062393 s
currentSize : 47 <-- 239.470718 s
currentSize : 48 <-- 240.621826 s

maxsize : 48
nodes : 50065485.000000
filtered : 319233269.000000
time : 242.309875
