Parameters: GAD=1 vflib=1 dir=0 label=0 vlabel=1 lowerbound=1 fileNameGp=../../cp2016-max-common-connected-subgraph-paper/datasets/graphsdb/mcs70/bvg/b06m/mcs70_b06m_s50.A08 fileNameGt=../../cp2016-max-common-connected-subgraph-paper/datasets/graphsdb/mcs70/bvg/b06m/mcs70_b06m_s50.B08
Reading graphs...
50 :  147
50 :  149
Initializing...
maxdom : 9
D->valSize : 352
Solving...
Blb : 3 (clique : 22)
currentSize : 22 <-- 0.004223 s
currentSize : 23 <-- 0.011424 s
currentSize : 24 <-- 0.014646 s
currentSize : 25 <-- 0.097075 s
currentSize : 26 <-- 0.484439 s
currentSize : 27 <-- 0.497355 s
currentSize : 28 <-- 0.739237 s
currentSize : 29 <-- 0.930328 s
currentSize : 34 <-- 0.935718 s
currentSize : 35 <-- 0.935914 s

maxsize : 35
nodes : 195753.000000
filtered : 2193460.000000
time : 0.998140
