Parameters: GAD=1 vflib=1 dir=0 label=0 vlabel=1 lowerbound=1 fileNameGp=../../cp2016-max-common-connected-subgraph-paper/datasets/graphsdb/mcs70/rand/r005/mcs70_r005_s50.A05 fileNameGt=../../cp2016-max-common-connected-subgraph-paper/datasets/graphsdb/mcs70/rand/r005/mcs70_r005_s50.B05
Reading graphs...
50 :  118
50 :  119
Initializing...
maxdom : 12
D->valSize : 338
Solving...
Blb : 2 (clique : 20)
currentSize : 20 <-- 0.004076 s
currentSize : 21 <-- 0.004273 s
currentSize : 22 <-- 0.004999 s
currentSize : 23 <-- 0.011855 s
currentSize : 24 <-- 0.011991 s
currentSize : 25 <-- 0.012130 s
currentSize : 26 <-- 0.037705 s
currentSize : 27 <-- 0.057807 s
currentSize : 29 <-- 0.057918 s
currentSize : 30 <-- 0.058402 s
currentSize : 31 <-- 0.058547 s
currentSize : 35 <-- 0.059933 s

maxsize : 35
nodes : 16873.000000
filtered : 206454.000000
time : 0.105570
