Parameters: GAD=1 vflib=1 dir=0 label=0 vlabel=1 lowerbound=1 fileNameGp=../../cp2016-max-common-connected-subgraph-paper/datasets/graphsdb/mcs70/m2D/m2Dr2/mcs70_m2Dr2_s90.A01 fileNameGt=../../cp2016-max-common-connected-subgraph-paper/datasets/graphsdb/mcs70/m2D/m2Dr2/mcs70_m2Dr2_s90.B01
Reading graphs...
90 :  178
90 :  178
Initializing...
maxdom : 12
D->valSize : 596
Solving...
Blb : 2 (clique : 41)
currentSize : 41 <-- 0.007553 s
currentSize : 42 <-- 0.030790 s
currentSize : 43 <-- 0.047971 s
currentSize : 45 <-- 0.048054 s
currentSize : 47 <-- 1.929080 s
currentSize : 48 <-- 1.929180 s
currentSize : 49 <-- 11.856691 s
currentSize : 50 <-- 11.864678 s
currentSize : 51 <-- 34.255707 s
currentSize : 52 <-- 34.272457 s
currentSize : 53 <-- 91.151741 s
currentSize : 54 <-- 91.214035 s
currentSize : 56 <-- 159.168274 s
currentSize : 57 <-- 159.168564 s
currentSize : 59 <-- 159.168777 s
currentSize : 60 <-- 918.341553 s

TIMEOUT
maxsize : 60
nodes : 186585321.000000
filtered : 964595040.000000
time : 1000.000122
