Parameters: GAD=1 vflib=1 dir=0 label=0 vlabel=1 lowerbound=1 fileNameGp=../../cp2016-max-common-connected-subgraph-paper/datasets/graphsdb/mcs70/m2D/m2D/mcs70_m2D_s40.A05 fileNameGt=../../cp2016-max-common-connected-subgraph-paper/datasets/graphsdb/mcs70/m2D/m2D/mcs70_m2D_s40.B05
Reading graphs...
40 :  67
40 :  66
Initializing...
maxdom : 7
D->valSize : 217
Solving...
Blb : 2 (clique : 16)
currentSize : 16 <-- 0.001242 s
currentSize : 17 <-- 0.001369 s
currentSize : 18 <-- 0.001606 s
currentSize : 19 <-- 0.003563 s
currentSize : 20 <-- 0.011986 s
currentSize : 21 <-- 0.079106 s
currentSize : 22 <-- 1.819487 s
currentSize : 23 <-- 1.916274 s
currentSize : 25 <-- 2.414162 s

maxsize : 25
nodes : 579339.000000
filtered : 4780898.000000
time : 2.441374
