Parameters: GAD=1 vflib=1 dir=0 label=0 vlabel=1 lowerbound=1 fileNameGp=../../cp2016-max-common-connected-subgraph-paper/datasets/graphsdb/mcs70/bvg/b03m/mcs70_b03m_s100.A04 fileNameGt=../../cp2016-max-common-connected-subgraph-paper/datasets/graphsdb/mcs70/bvg/b03m/mcs70_b03m_s100.B04
Reading graphs...
100 :  149
100 :  149
Initializing...
maxdom : 9
D->valSize : 427
Solving...
Blb : 2 (clique : 60)
currentSize : 60 <-- 0.006718 s
currentSize : 61 <-- 0.007292 s
currentSize : 63 <-- 0.007988 s
currentSize : 64 <-- 0.008567 s
currentSize : 65 <-- 0.012572 s
currentSize : 66 <-- 0.012891 s
currentSize : 67 <-- 0.109408 s
currentSize : 68 <-- 0.109739 s
currentSize : 69 <-- 0.110103 s
currentSize : 70 <-- 595.861206 s
currentSize : 71 <-- 595.866882 s

TIMEOUT
maxsize : 71
nodes : 206764851.000000
filtered : 609186255.000000
time : 1000.000122
