Parameters: GAD=1 vflib=1 dir=0 label=0 vlabel=1 lowerbound=1 fileNameGp=../../cp2016-max-common-connected-subgraph-paper/datasets/graphsdb/mcs70/bvg/b09m/mcs70_b09m_s80.A02 fileNameGt=../../cp2016-max-common-connected-subgraph-paper/datasets/graphsdb/mcs70/bvg/b09m/mcs70_b09m_s80.B02
Reading graphs...
80 :  353
80 :  356
Initializing...
maxdom : 9
D->valSize : 433
Solving...
Blb : 3 (clique : 38)
currentSize : 38 <-- 0.006879 s
currentSize : 39 <-- 0.387672 s
currentSize : 40 <-- 0.736711 s
currentSize : 42 <-- 0.741590 s
currentSize : 43 <-- 0.748514 s
currentSize : 46 <-- 1.682319 s
currentSize : 47 <-- 1.685788 s
currentSize : 51 <-- 2.932315 s
currentSize : 54 <-- 2.932881 s
currentSize : 57 <-- 3.336342 s

maxsize : 57
nodes : 671996.000000
filtered : 4810595.000000
time : 3.779418
