Parameters: GAD=1 vflib=1 dir=0 label=0 vlabel=1 lowerbound=1 fileNameGp=../../cp2016-max-common-connected-subgraph-paper/datasets/graphsdb/mcs70/m2D/m2D/mcs70_m2D_s100.A06 fileNameGt=../../cp2016-max-common-connected-subgraph-paper/datasets/graphsdb/mcs70/m2D/m2D/mcs70_m2D_s100.B06
Reading graphs...
100 :  180
100 :  180
Initializing...
maxdom : 6
D->valSize : 341
Solving...
Blb : 2 (clique : 48)
currentSize : 48 <-- 0.003595 s
currentSize : 49 <-- 0.004528 s
currentSize : 50 <-- 0.007752 s
currentSize : 51 <-- 0.049832 s
currentSize : 52 <-- 0.051520 s
currentSize : 53 <-- 0.051621 s
currentSize : 54 <-- 0.104129 s
currentSize : 55 <-- 0.176915 s
currentSize : 56 <-- 0.225642 s
currentSize : 58 <-- 0.301061 s
currentSize : 59 <-- 0.301892 s
currentSize : 60 <-- 196.693741 s
currentSize : 61 <-- 992.430725 s
currentSize : 62 <-- 992.705139 s
currentSize : 64 <-- 992.706360 s

TIMEOUT
maxsize : 64
nodes : 205595862.000000
filtered : 592963751.000000
time : 1000.000122
