Parameters: GAD=1 vflib=1 dir=0 label=0 vlabel=1 lowerbound=1 fileNameGp=../../cp2016-max-common-connected-subgraph-paper/datasets/graphsdb/mcs70/rand/r01/mcs70_r01_s35.A04 fileNameGt=../../cp2016-max-common-connected-subgraph-paper/datasets/graphsdb/mcs70/rand/r01/mcs70_r01_s35.B04
Reading graphs...
35 :  110
35 :  110
Initializing...
maxdom : 7
D->valSize : 174
Solving...
Blb : 2 (clique : 13)
currentSize : 13 <-- 0.001156 s
currentSize : 14 <-- 0.001732 s
currentSize : 15 <-- 0.001823 s
currentSize : 16 <-- 0.008961 s
currentSize : 17 <-- 0.010792 s
currentSize : 18 <-- 0.017852 s
currentSize : 20 <-- 0.020549 s
currentSize : 21 <-- 0.021177 s
currentSize : 24 <-- 0.021454 s

maxsize : 24
nodes : 5037.000000
filtered : 37182.000000
time : 0.024035
