Parameters: GAD=1 vflib=1 dir=0 label=0 vlabel=1 lowerbound=1 fileNameGp=../../cp2016-max-common-connected-subgraph-paper/datasets/graphsdb/mcs70/m2D/m2Dr4/mcs70_m2Dr4_s80.A07 fileNameGt=../../cp2016-max-common-connected-subgraph-paper/datasets/graphsdb/mcs70/m2D/m2Dr4/mcs70_m2Dr4_s80.B07
Reading graphs...
80 :  172
80 :  171
Initializing...
maxdom : 9
D->valSize : 440
Solving...
Blb : 2 (clique : 29)
currentSize : 29 <-- 0.007201 s
currentSize : 30 <-- 0.007586 s
currentSize : 31 <-- 0.007746 s
currentSize : 32 <-- 0.012969 s
currentSize : 33 <-- 0.098423 s
currentSize : 34 <-- 0.673459 s
currentSize : 35 <-- 43.649258 s
currentSize : 36 <-- 57.426773 s
currentSize : 37 <-- 259.102875 s
currentSize : 38 <-- 259.103333 s
currentSize : 39 <-- 647.192139 s
currentSize : 40 <-- 651.564392 s
currentSize : 41 <-- 738.385498 s
currentSize : 42 <-- 738.388245 s
currentSize : 43 <-- 854.581116 s
currentSize : 44 <-- 965.970825 s

TIMEOUT
maxsize : 44
nodes : 188979972.000000
filtered : 1223475862.000000
time : 1000.000061
