Parameters: GAD=1 vflib=1 dir=0 label=0 vlabel=1 lowerbound=1 fileNameGp=../../cp2016-max-common-connected-subgraph-paper/datasets/graphsdb/mcs70/m2D/m2Dr6/mcs70_m2Dr6_s70.A01 fileNameGt=../../cp2016-max-common-connected-subgraph-paper/datasets/graphsdb/mcs70/m2D/m2Dr6/mcs70_m2Dr6_s70.B01
Reading graphs...
70 :  165
70 :  163
Initializing...
maxdom : 8
D->valSize : 348
Solving...
Blb : 3 (clique : 37)
currentSize : 37 <-- 0.003079 s
currentSize : 38 <-- 0.026562 s
currentSize : 39 <-- 0.064024 s
currentSize : 40 <-- 1.962055 s
currentSize : 42 <-- 1.962281 s
currentSize : 43 <-- 2.414140 s
currentSize : 44 <-- 4.837135 s
currentSize : 45 <-- 4.837330 s
currentSize : 46 <-- 8.317745 s
currentSize : 47 <-- 8.328745 s
currentSize : 49 <-- 8.329918 s

maxsize : 49
nodes : 2305359.000000
filtered : 12294430.000000
time : 10.687083
