Parameters: GAD=1 vflib=1 dir=0 label=0 vlabel=1 lowerbound=1 fileNameGp=../../cp2016-max-common-connected-subgraph-paper/datasets/graphsdb/mcs70/m2D/m2Dr2/mcs70_m2Dr2_s80.A02 fileNameGt=../../cp2016-max-common-connected-subgraph-paper/datasets/graphsdb/mcs70/m2D/m2Dr2/mcs70_m2Dr2_s80.B02
Reading graphs...
80 :  158
80 :  158
Initializing...
maxdom : 10
D->valSize : 439
Solving...
Blb : 2 (clique : 34)
currentSize : 34 <-- 0.004726 s
currentSize : 36 <-- 0.004987 s
currentSize : 37 <-- 0.012389 s
currentSize : 39 <-- 0.012652 s
currentSize : 41 <-- 16.140501 s
currentSize : 42 <-- 70.700790 s
currentSize : 45 <-- 70.701012 s
currentSize : 46 <-- 70.716644 s
currentSize : 47 <-- 78.540436 s
currentSize : 48 <-- 78.540703 s
currentSize : 49 <-- 78.581619 s
currentSize : 50 <-- 128.046097 s
currentSize : 51 <-- 150.382446 s

maxsize : 51
nodes : 29282045.000000
filtered : 229246223.000000
time : 164.275726
