Parameters: GAD=1 vflib=1 dir=0 label=0 vlabel=1 lowerbound=1 fileNameGp=../../cp2016-max-common-connected-subgraph-paper/datasets/graphsdb/mcs70/bvg/b03m/mcs70_b03m_s90.A02 fileNameGt=../../cp2016-max-common-connected-subgraph-paper/datasets/graphsdb/mcs70/bvg/b03m/mcs70_b03m_s90.B02
Reading graphs...
90 :  135
90 :  135
Initializing...
maxdom : 11
D->valSize : 615
Solving...
Blb : 2 (clique : 46)
currentSize : 46 <-- 0.008229 s
currentSize : 47 <-- 0.008750 s
currentSize : 48 <-- 0.008824 s
currentSize : 49 <-- 0.010790 s
currentSize : 52 <-- 0.014185 s
currentSize : 53 <-- 0.014272 s
currentSize : 54 <-- 0.016963 s
currentSize : 56 <-- 0.024566 s
currentSize : 57 <-- 0.025909 s
currentSize : 58 <-- 0.160856 s
currentSize : 60 <-- 1.405423 s

TIMEOUT
maxsize : 60
nodes : 177766193.000000
filtered : 1052646911.000000
time : 1000.000122
