Parameters: GAD=1 vflib=1 dir=0 label=0 vlabel=1 lowerbound=1 fileNameGp=../../cp2016-max-common-connected-subgraph-paper/datasets/graphsdb/mcs70/bvg/b03/mcs70_b03_s70.A00 fileNameGt=../../cp2016-max-common-connected-subgraph-paper/datasets/graphsdb/mcs70/bvg/b03/mcs70_b03_s70.B00
Reading graphs...
70 :  105
70 :  105
Initializing...
maxdom : 11
D->valSize : 383
Solving...
Blb : 2 (clique : 28)
currentSize : 28 <-- 0.005886 s
currentSize : 29 <-- 0.006250 s
currentSize : 30 <-- 0.006437 s
currentSize : 31 <-- 0.011839 s
currentSize : 32 <-- 0.019268 s
currentSize : 33 <-- 0.090344 s
currentSize : 34 <-- 0.145439 s
currentSize : 35 <-- 0.208465 s
currentSize : 36 <-- 0.888213 s
currentSize : 37 <-- 2.264184 s
currentSize : 38 <-- 2.551879 s
currentSize : 39 <-- 12.776420 s
currentSize : 40 <-- 17.268927 s
currentSize : 41 <-- 23.623535 s
currentSize : 42 <-- 30.310488 s
currentSize : 43 <-- 30.312532 s
currentSize : 44 <-- 30.312948 s
currentSize : 45 <-- 45.785545 s
currentSize : 46 <-- 52.676128 s
currentSize : 47 <-- 52.717369 s
currentSize : 48 <-- 52.720142 s
currentSize : 49 <-- 60.379108 s

maxsize : 49
nodes : 12040157.000000
filtered : 92381047.000000
time : 63.424976
