Parameters: GAD=1 vflib=1 dir=0 label=0 vlabel=1 lowerbound=1 fileNameGp=../../cp2016-max-common-connected-subgraph-paper/datasets/graphsdb/mcs70/rand/r005/mcs70_r005_s50.A06 fileNameGt=../../cp2016-max-common-connected-subgraph-paper/datasets/graphsdb/mcs70/rand/r005/mcs70_r005_s50.B06
Reading graphs...
50 :  119
50 :  120
Initializing...
maxdom : 10
D->valSize : 321
Solving...
Blb : 2 (clique : 19)
currentSize : 19 <-- 0.002301 s
currentSize : 20 <-- 0.002460 s
currentSize : 21 <-- 0.018699 s
currentSize : 22 <-- 0.155123 s
currentSize : 23 <-- 0.369203 s
currentSize : 24 <-- 0.765262 s
currentSize : 26 <-- 2.620840 s
currentSize : 27 <-- 2.621740 s
currentSize : 28 <-- 2.624375 s
currentSize : 32 <-- 2.951054 s
currentSize : 35 <-- 3.141336 s

maxsize : 35
nodes : 683094.000000
filtered : 6384827.000000
time : 3.190746
