Parameters: GAD=1 vflib=1 dir=0 label=0 vlabel=1 lowerbound=1 fileNameGp=../../cp2016-max-common-connected-subgraph-paper/datasets/graphsdb/mcs70/rand/r005/mcs70_r005_s70.A09 fileNameGt=../../cp2016-max-common-connected-subgraph-paper/datasets/graphsdb/mcs70/rand/r005/mcs70_r005_s70.B09
Reading graphs...
70 :  233
70 :  233
Initializing...
maxdom : 12
D->valSize : 391
Solving...
Blb : 2 (clique : 30)
currentSize : 30 <-- 0.003565 s
currentSize : 31 <-- 0.003888 s
currentSize : 32 <-- 0.004022 s
currentSize : 33 <-- 0.004278 s
currentSize : 35 <-- 0.004368 s
currentSize : 36 <-- 0.004647 s
currentSize : 40 <-- 0.004872 s
currentSize : 42 <-- 0.005494 s
currentSize : 49 <-- 0.006421 s

maxsize : 49
nodes : 9439.000000
filtered : 120685.000000
time : 0.060226
