Parameters: GAD=1 vflib=1 dir=0 label=0 vlabel=1 lowerbound=1 fileNameGp=../../cp2016-max-common-connected-subgraph-paper/datasets/graphsdb/mcs70/rand/r005/mcs70_r005_s80.A07 fileNameGt=../../cp2016-max-common-connected-subgraph-paper/datasets/graphsdb/mcs70/rand/r005/mcs70_r005_s80.B07
Reading graphs...
80 :  307
80 :  308
Initializing...
maxdom : 13
D->valSize : 466
Solving...
Blb : 2 (clique : 25)
currentSize : 25 <-- 0.004597 s
currentSize : 26 <-- 0.004801 s
currentSize : 27 <-- 0.006071 s
currentSize : 30 <-- 0.006863 s
currentSize : 31 <-- 0.007459 s
currentSize : 32 <-- 0.008130 s
currentSize : 33 <-- 0.027214 s
currentSize : 36 <-- 0.107267 s
currentSize : 37 <-- 0.107761 s
currentSize : 39 <-- 0.196853 s
currentSize : 44 <-- 0.196989 s
currentSize : 47 <-- 0.197233 s
currentSize : 50 <-- 0.384193 s
currentSize : 56 <-- 0.881014 s

maxsize : 56
nodes : 202713.000000
filtered : 2256534.000000
time : 1.274290
