Parameters: GAD=1 vflib=1 dir=0 label=0 vlabel=1 lowerbound=1 fileNameGp=../../cp2016-max-common-connected-subgraph-paper/datasets/graphsdb/mcs70/bvg/b09m/mcs70_b09m_s100.A00 fileNameGt=../../cp2016-max-common-connected-subgraph-paper/datasets/graphsdb/mcs70/bvg/b09m/mcs70_b09m_s100.B00
Reading graphs...
100 :  445
100 :  447
Initializing...
maxdom : 8
D->valSize : 371
Solving...
Blb : 3 (clique : 49)
currentSize : 49 <-- 0.004283 s
currentSize : 50 <-- 0.005026 s
currentSize : 51 <-- 0.056138 s
currentSize : 54 <-- 0.061162 s
currentSize : 55 <-- 0.639366 s
currentSize : 59 <-- 1.290646 s
currentSize : 61 <-- 1.301123 s
currentSize : 62 <-- 3.488439 s
currentSize : 65 <-- 3.489592 s
currentSize : 66 <-- 3.491340 s
currentSize : 67 <-- 3.493642 s
currentSize : 69 <-- 3.494227 s
currentSize : 70 <-- 3.494720 s

maxsize : 70
nodes : 2306049.000000
filtered : 8616945.000000
time : 12.005166
