Parameters: GAD=1 vflib=1 dir=0 label=0 vlabel=1 lowerbound=1 fileNameGp=../../cp2016-max-common-connected-subgraph-paper/datasets/graphsdb/mcs70/m2D/m2Dr6/mcs70_m2Dr6_s70.A00 fileNameGt=../../cp2016-max-common-connected-subgraph-paper/datasets/graphsdb/mcs70/m2D/m2Dr6/mcs70_m2Dr6_s70.B00
Reading graphs...
70 :  163
70 :  161
Initializing...
maxdom : 10
D->valSize : 354
Solving...
Blb : 3 (clique : 28)
currentSize : 28 <-- 0.003079 s
currentSize : 29 <-- 0.018782 s
currentSize : 30 <-- 0.035153 s
currentSize : 31 <-- 40.672455 s
currentSize : 33 <-- 57.507439 s
currentSize : 35 <-- 57.511295 s
currentSize : 37 <-- 57.514519 s
currentSize : 38 <-- 57.518394 s
currentSize : 39 <-- 57.970104 s
currentSize : 40 <-- 58.040104 s
currentSize : 41 <-- 58.040371 s
currentSize : 42 <-- 58.040878 s
currentSize : 43 <-- 58.044064 s
currentSize : 44 <-- 58.044617 s
currentSize : 45 <-- 58.322475 s
currentSize : 46 <-- 58.324104 s
currentSize : 48 <-- 58.331650 s
currentSize : 49 <-- 58.332710 s

maxsize : 49
nodes : 11748804.000000
filtered : 94153649.000000
time : 58.452976
