Parameters: GAD=1 vflib=1 dir=0 label=0 vlabel=1 lowerbound=1 fileNameGp=../../cp2016-max-common-connected-subgraph-paper/datasets/graphsdb/mcs70/m2D/m2Dr2/mcs70_m2Dr2_s70.A07 fileNameGt=../../cp2016-max-common-connected-subgraph-paper/datasets/graphsdb/mcs70/m2D/m2Dr2/mcs70_m2Dr2_s70.B07
Reading graphs...
70 :  137
70 :  136
Initializing...
maxdom : 9
D->valSize : 393
Solving...
Blb : 2 (clique : 40)
currentSize : 40 <-- 0.003789 s
currentSize : 41 <-- 0.004949 s
currentSize : 43 <-- 0.005225 s
currentSize : 44 <-- 0.014400 s
currentSize : 46 <-- 0.019222 s
currentSize : 47 <-- 0.019474 s
currentSize : 49 <-- 0.052432 s
currentSize : 50 <-- 0.052704 s

maxsize : 50
nodes : 1846956.000000
filtered : 9599619.000000
time : 8.377521
