Parameters: GAD=1 vflib=1 dir=0 label=0 vlabel=1 lowerbound=1 fileNameGp=../../cp2016-max-common-connected-subgraph-paper/datasets/graphsdb/mcs70/bvg/b09/mcs70_b09_s70.A02 fileNameGt=../../cp2016-max-common-connected-subgraph-paper/datasets/graphsdb/mcs70/bvg/b09/mcs70_b09_s70.B02
Reading graphs...
70 :  313
70 :  309
Initializing...
maxdom : 7
D->valSize : 333
Solving...
Blb : 2 (clique : 21)
currentSize : 21 <-- 0.003862 s
currentSize : 22 <-- 0.004367 s
currentSize : 23 <-- 0.055660 s
currentSize : 24 <-- 0.162337 s
currentSize : 25 <-- 0.165157 s
currentSize : 28 <-- 0.225608 s
currentSize : 30 <-- 0.383574 s
currentSize : 31 <-- 1.450705 s
currentSize : 33 <-- 1.451293 s
currentSize : 36 <-- 1.460178 s
currentSize : 37 <-- 1.540837 s
currentSize : 39 <-- 1.541249 s
currentSize : 43 <-- 1.550525 s
currentSize : 48 <-- 1.557837 s

maxsize : 48
nodes : 313064.000000
filtered : 2728278.000000
time : 1.695585
