Parameters: GAD=1 vflib=1 dir=0 label=0 vlabel=1 lowerbound=1 fileNameGp=../../cp2016-max-common-connected-subgraph-paper/datasets/graphsdb/mcs70/m2D/m2Dr4/mcs70_m2Dr4_s40.A05 fileNameGt=../../cp2016-max-common-connected-subgraph-paper/datasets/graphsdb/mcs70/m2D/m2Dr4/mcs70_m2Dr4_s40.B05
Reading graphs...
40 :  82
40 :  81
Initializing...
maxdom : 8
D->valSize : 237
Solving...
Blb : 2 (clique : 17)
currentSize : 17 <-- 0.002214 s
currentSize : 18 <-- 0.004100 s
currentSize : 19 <-- 0.004693 s
currentSize : 20 <-- 0.016502 s
currentSize : 21 <-- 0.031563 s
currentSize : 22 <-- 0.070079 s
currentSize : 23 <-- 0.070466 s
currentSize : 25 <-- 0.073175 s
currentSize : 26 <-- 0.073782 s

maxsize : 26
nodes : 16396.000000
filtered : 116134.000000
time : 0.099727
