Parameters: GAD=1 vflib=1 dir=0 label=0 vlabel=1 lowerbound=1 fileNameGp=../../cp2016-max-common-connected-subgraph-paper/datasets/graphsdb/mcs70/bvg/b03m/mcs70_b03m_s70.A08 fileNameGt=../../cp2016-max-common-connected-subgraph-paper/datasets/graphsdb/mcs70/bvg/b03m/mcs70_b03m_s70.B08
Reading graphs...
70 :  105
70 :  105
Initializing...
maxdom : 9
D->valSize : 350
Solving...
Blb : 2 (clique : 41)
currentSize : 41 <-- 0.005204 s
currentSize : 42 <-- 0.005651 s
currentSize : 43 <-- 0.006001 s
currentSize : 44 <-- 0.006225 s
currentSize : 45 <-- 0.006493 s
currentSize : 46 <-- 0.006704 s
currentSize : 47 <-- 0.074391 s
currentSize : 49 <-- 0.074761 s

maxsize : 49
nodes : 1559349.000000
filtered : 7181649.000000
time : 7.143338
