Parameters: GAD=1 vflib=1 dir=0 label=0 vlabel=1 lowerbound=1 fileNameGp=../../cp2016-max-common-connected-subgraph-paper/datasets/graphsdb/mcs70/bvg/b06/mcs70_b06_s50.A05 fileNameGt=../../cp2016-max-common-connected-subgraph-paper/datasets/graphsdb/mcs70/bvg/b06/mcs70_b06_s50.B05
Reading graphs...
50 :  149
50 :  150
Initializing...
maxdom : 12
D->valSize : 359
Solving...
Blb : 2 (clique : 22)
currentSize : 22 <-- 0.004333 s
currentSize : 23 <-- 0.258865 s
currentSize : 24 <-- 0.267333 s
currentSize : 25 <-- 0.305912 s
currentSize : 26 <-- 0.469347 s
currentSize : 27 <-- 0.671023 s
currentSize : 28 <-- 1.071459 s
currentSize : 30 <-- 1.071602 s
currentSize : 35 <-- 1.132613 s

maxsize : 35
nodes : 211336.000000
filtered : 2295078.000000
time : 1.256987
