Parameters: GAD=1 vflib=1 dir=0 label=0 vlabel=1 lowerbound=1 fileNameGp=../../cp2016-max-common-connected-subgraph-paper/datasets/graphsdb/mcs70/rand/r02/mcs70_r02_s80.A05 fileNameGt=../../cp2016-max-common-connected-subgraph-paper/datasets/graphsdb/mcs70/rand/r02/mcs70_r02_s80.B05
Reading graphs...
80 :  1130
80 :  1137
Initializing...
maxdom : 9
D->valSize : 461
Solving...
Blb : 3 (clique : 13)
currentSize : 13 <-- 0.004414 s
currentSize : 14 <-- 0.014840 s
currentSize : 15 <-- 0.064330 s
currentSize : 16 <-- 0.064413 s
currentSize : 17 <-- 0.064528 s
currentSize : 18 <-- 0.109802 s
currentSize : 24 <-- 0.117629 s
currentSize : 56 <-- 0.197942 s

maxsize : 56
nodes : 33956.000000
filtered : 308034.000000
time : 0.207879
