Parameters: GAD=1 vflib=1 dir=0 label=0 vlabel=1 lowerbound=1 fileNameGp=../../cp2016-max-common-connected-subgraph-paper/datasets/graphsdb/mcs70/rand/r01/mcs70_r01_s70.A08 fileNameGt=../../cp2016-max-common-connected-subgraph-paper/datasets/graphsdb/mcs70/rand/r01/mcs70_r01_s70.B08
Reading graphs...
70 :  450
70 :  455
Initializing...
maxdom : 8
D->valSize : 342
Solving...
Blb : 2 (clique : 14)
currentSize : 14 <-- 0.002736 s
currentSize : 15 <-- 0.003152 s
currentSize : 16 <-- 0.003202 s
currentSize : 17 <-- 0.003984 s
currentSize : 18 <-- 0.004069 s
currentSize : 19 <-- 0.005293 s
currentSize : 20 <-- 0.005369 s
currentSize : 21 <-- 0.010120 s
currentSize : 22 <-- 0.010236 s
currentSize : 24 <-- 0.010300 s
currentSize : 26 <-- 0.011760 s
currentSize : 29 <-- 0.012011 s
currentSize : 34 <-- 0.028999 s
currentSize : 37 <-- 0.044649 s
currentSize : 39 <-- 0.091954 s
currentSize : 49 <-- 0.098617 s

maxsize : 49
nodes : 18848.000000
filtered : 186036.000000
time : 0.108187
