Parameters: GAD=1 vflib=1 dir=0 label=0 vlabel=1 lowerbound=1 fileNameGp=../../cp2016-max-common-connected-subgraph-paper/datasets/graphsdb/mcs70/m2D/m2Dr4/mcs70_m2Dr4_s70.A00 fileNameGt=../../cp2016-max-common-connected-subgraph-paper/datasets/graphsdb/mcs70/m2D/m2Dr4/mcs70_m2Dr4_s70.B00
Reading graphs...
70 :  146
70 :  150
Initializing...
maxdom : 9
D->valSize : 368
Solving...
Blb : 2 (clique : 30)
currentSize : 30 <-- 0.005263 s
currentSize : 31 <-- 0.384138 s
currentSize : 32 <-- 0.398233 s
currentSize : 33 <-- 0.434139 s
currentSize : 35 <-- 0.529815 s
currentSize : 37 <-- 0.996005 s
currentSize : 38 <-- 0.996132 s
currentSize : 39 <-- 0.998385 s
currentSize : 40 <-- 0.999057 s
currentSize : 42 <-- 1.064429 s
currentSize : 43 <-- 1.064602 s
currentSize : 44 <-- 2.033025 s
currentSize : 47 <-- 2.039498 s
currentSize : 48 <-- 2.039752 s
currentSize : 49 <-- 3.731943 s

maxsize : 49
nodes : 1018664.000000
filtered : 5255400.000000
time : 4.602219
