Parameters: GAD=1 vflib=1 dir=0 label=0 vlabel=1 lowerbound=1 fileNameGp=../../cp2016-max-common-connected-subgraph-paper/datasets/graphsdb/mcs70/bvg/b06m/mcs70_b06m_s80.A01 fileNameGt=../../cp2016-max-common-connected-subgraph-paper/datasets/graphsdb/mcs70/bvg/b06m/mcs70_b06m_s80.B01
Reading graphs...
80 :  237
80 :  238
Initializing...
maxdom : 8
D->valSize : 433
Solving...
Blb : 3 (clique : 42)
currentSize : 42 <-- 0.004700 s
currentSize : 43 <-- 20.472139 s
currentSize : 46 <-- 21.940220 s
currentSize : 47 <-- 25.241373 s
currentSize : 48 <-- 61.250996 s
currentSize : 49 <-- 61.251667 s
currentSize : 50 <-- 83.414993 s
currentSize : 52 <-- 83.434319 s
currentSize : 53 <-- 83.606926 s
currentSize : 54 <-- 83.774734 s
currentSize : 55 <-- 84.013031 s
currentSize : 56 <-- 84.013618 s

maxsize : 56
nodes : 20593687.000000
filtered : 115116538.000000
time : 104.737709
