Parameters: GAD=1 vflib=1 dir=0 label=0 vlabel=1 lowerbound=1 fileNameGp=../../cp2016-max-common-connected-subgraph-paper/datasets/graphsdb/mcs70/bvg/b09/mcs70_b09_s60.A02 fileNameGt=../../cp2016-max-common-connected-subgraph-paper/datasets/graphsdb/mcs70/bvg/b09/mcs70_b09_s60.B02
Reading graphs...
60 :  270
60 :  267
Initializing...
maxdom : 9
D->valSize : 271
Solving...
Blb : 3 (clique : 16)
currentSize : 16 <-- 0.002072 s
currentSize : 18 <-- 0.002787 s
currentSize : 19 <-- 0.017208 s
currentSize : 21 <-- 0.017940 s
currentSize : 22 <-- 0.023775 s
currentSize : 23 <-- 0.025784 s
currentSize : 26 <-- 0.033211 s
currentSize : 27 <-- 0.036011 s
currentSize : 28 <-- 0.040103 s
currentSize : 30 <-- 0.040199 s
currentSize : 31 <-- 0.042264 s
currentSize : 33 <-- 0.057281 s
currentSize : 39 <-- 0.082778 s
currentSize : 42 <-- 0.082902 s

maxsize : 42
nodes : 18552.000000
filtered : 150574.000000
time : 0.092817
