Parameters: GAD=1 vflib=1 dir=0 label=0 vlabel=1 lowerbound=1 fileNameGp=../../cp2016-max-common-connected-subgraph-paper/datasets/graphsdb/mcs70/bvg/b06/mcs70_b06_s70.A05 fileNameGt=../../cp2016-max-common-connected-subgraph-paper/datasets/graphsdb/mcs70/bvg/b06/mcs70_b06_s70.B05
Reading graphs...
70 :  208
70 :  210
Initializing...
maxdom : 7
D->valSize : 335
Solving...
Blb : 3 (clique : 35)
currentSize : 35 <-- 0.004672 s
currentSize : 36 <-- 2.181751 s
currentSize : 37 <-- 8.192641 s
currentSize : 38 <-- 17.672873 s
currentSize : 39 <-- 22.274996 s
currentSize : 40 <-- 26.391211 s
currentSize : 41 <-- 26.408007 s
currentSize : 42 <-- 26.416592 s
currentSize : 43 <-- 30.813440 s
currentSize : 45 <-- 30.813744 s
currentSize : 47 <-- 30.813871 s
currentSize : 49 <-- 30.818983 s

maxsize : 49
nodes : 7176306.000000
filtered : 38328834.000000
time : 32.924629
