Parameters: GAD=1 vflib=1 dir=0 label=0 vlabel=1 lowerbound=1 fileNameGp=../../cp2016-max-common-connected-subgraph-paper/datasets/graphsdb/mcs70/rand/r005/mcs70_r005_s70.A00 fileNameGt=../../cp2016-max-common-connected-subgraph-paper/datasets/graphsdb/mcs70/rand/r005/mcs70_r005_s70.B00
Reading graphs...
70 :  235
70 :  235
Initializing...
maxdom : 11
D->valSize : 377
Solving...
Blb : 2 (clique : 26)
currentSize : 26 <-- 0.005380 s
currentSize : 27 <-- 0.014717 s
currentSize : 28 <-- 0.021200 s
currentSize : 30 <-- 0.021315 s
currentSize : 31 <-- 0.025080 s
currentSize : 32 <-- 0.025297 s
currentSize : 33 <-- 0.088712 s
currentSize : 34 <-- 0.090807 s
currentSize : 35 <-- 0.092039 s
currentSize : 37 <-- 0.092269 s
currentSize : 38 <-- 0.320902 s
currentSize : 39 <-- 1.309877 s
currentSize : 40 <-- 1.640213 s
currentSize : 41 <-- 1.640313 s
currentSize : 44 <-- 2.611729 s
currentSize : 46 <-- 2.613151 s
currentSize : 49 <-- 2.613351 s

maxsize : 49
nodes : 488055.000000
filtered : 4556564.000000
time : 2.777628
