Parameters: GAD=1 vflib=1 dir=0 label=0 vlabel=1 lowerbound=1 fileNameGp=../../cp2016-max-common-connected-subgraph-paper/datasets/graphsdb/mcs70/m3D/m3Dr6/mcs70_m3Dr6_s90.A01 fileNameGt=../../cp2016-max-common-connected-subgraph-paper/datasets/graphsdb/mcs70/m3D/m3Dr6/mcs70_m3Dr6_s90.B01
Reading graphs...
90 :  262
90 :  262
Initializing...
maxdom : 11
D->valSize : 621
Solving...
Blb : 3 (clique : 30)
currentSize : 30 <-- 0.007748 s
currentSize : 31 <-- 0.008133 s
currentSize : 32 <-- 0.009514 s
currentSize : 33 <-- 0.727286 s
currentSize : 34 <-- 139.336868 s
currentSize : 35 <-- 188.059021 s
currentSize : 36 <-- 706.438354 s
currentSize : 37 <-- 706.466980 s
currentSize : 38 <-- 825.373230 s

TIMEOUT
maxsize : 38
nodes : 171869670.000000
filtered : 1513139868.000000
time : 1000.000061
