Parameters: GAD=1 vflib=1 dir=0 label=0 vlabel=1 lowerbound=1 fileNameGp=../../cp2016-max-common-connected-subgraph-paper/datasets/graphsdb/mcs70/bvg/b03/mcs70_b03_s50.A00 fileNameGt=../../cp2016-max-common-connected-subgraph-paper/datasets/graphsdb/mcs70/bvg/b03/mcs70_b03_s50.B00
Reading graphs...
50 :  75
50 :  75
Initializing...
maxdom : 8
D->valSize : 310
Solving...
Blb : 2 (clique : 22)
currentSize : 22 <-- 0.002290 s
currentSize : 23 <-- 0.002659 s
currentSize : 25 <-- 0.039224 s
currentSize : 26 <-- 0.091132 s
currentSize : 27 <-- 0.092795 s
currentSize : 28 <-- 0.190237 s
currentSize : 29 <-- 2.378795 s
currentSize : 30 <-- 2.954968 s
currentSize : 31 <-- 10.356209 s
currentSize : 32 <-- 11.994066 s
currentSize : 34 <-- 14.811405 s
currentSize : 36 <-- 18.427814 s

maxsize : 36
nodes : 4021034.000000
filtered : 38657214.000000
time : 18.871115
