Parameters: GAD=1 vflib=1 dir=0 label=0 vlabel=1 lowerbound=1 fileNameGp=../../cp2016-max-common-connected-subgraph-paper/datasets/graphsdb/mcs70/rand/r01/mcs70_r01_s50.A03 fileNameGt=../../cp2016-max-common-connected-subgraph-paper/datasets/graphsdb/mcs70/rand/r01/mcs70_r01_s50.B03
Reading graphs...
50 :  236
50 :  234
Initializing...
maxdom : 9
D->valSize : 336
Solving...
Blb : 3 (clique : 14)
currentSize : 14 <-- 0.002314 s
currentSize : 15 <-- 0.005176 s
currentSize : 16 <-- 0.034154 s
currentSize : 17 <-- 0.051110 s
currentSize : 18 <-- 0.124247 s
currentSize : 20 <-- 0.124320 s
currentSize : 21 <-- 0.153201 s
currentSize : 22 <-- 0.154228 s
currentSize : 25 <-- 0.154582 s
currentSize : 29 <-- 0.169051 s
currentSize : 35 <-- 0.172852 s

maxsize : 35
nodes : 40100.000000
filtered : 381541.000000
time : 0.185450
