Parameters: GAD=1 vflib=1 dir=0 label=0 vlabel=1 lowerbound=1 fileNameGp=../../cp2016-max-common-connected-subgraph-paper/datasets/graphsdb/mcs70/m2D/m2Dr2/mcs70_m2Dr2_s80.A05 fileNameGt=../../cp2016-max-common-connected-subgraph-paper/datasets/graphsdb/mcs70/m2D/m2Dr2/mcs70_m2Dr2_s80.B05
Reading graphs...
80 :  157
80 :  155
Initializing...
maxdom : 9
D->valSize : 434
Solving...
Blb : 3 (clique : 30)
currentSize : 30 <-- 0.004484 s
currentSize : 31 <-- 0.024714 s
currentSize : 32 <-- 0.162988 s
currentSize : 33 <-- 0.749961 s
currentSize : 34 <-- 21.253035 s
currentSize : 35 <-- 21.342575 s
currentSize : 36 <-- 25.103115 s
currentSize : 37 <-- 30.744366 s
currentSize : 38 <-- 32.088902 s
currentSize : 39 <-- 37.976997 s
currentSize : 40 <-- 122.128677 s
currentSize : 41 <-- 152.283691 s
currentSize : 42 <-- 255.926926 s
currentSize : 43 <-- 302.920532 s
currentSize : 44 <-- 986.674744 s
currentSize : 45 <-- 987.680176 s
currentSize : 46 <-- 989.459534 s

TIMEOUT
maxsize : 46
nodes : 190060684.000000
filtered : 1225868797.000000
time : 1000.000061
