Parameters: GAD=1 vflib=1 dir=0 label=0 vlabel=1 lowerbound=1 fileNameGp=../../cp2016-max-common-connected-subgraph-paper/datasets/graphsdb/mcs70/rand/r02/mcs70_r02_s90.A03 fileNameGt=../../cp2016-max-common-connected-subgraph-paper/datasets/graphsdb/mcs70/rand/r02/mcs70_r02_s90.B03
Reading graphs...
90 :  1431
90 :  1465
Initializing...
maxdom : 11
D->valSize : 561
Solving...
Blb : 2 (clique : 13)
currentSize : 13 <-- 0.006062 s
currentSize : 14 <-- 0.010659 s
currentSize : 17 <-- 0.075336 s
currentSize : 21 <-- 0.186759 s
currentSize : 30 <-- 0.329073 s
currentSize : 31 <-- 0.641469 s
currentSize : 39 <-- 0.737533 s
currentSize : 40 <-- 0.970035 s
currentSize : 63 <-- 1.157110 s

maxsize : 63
nodes : 157732.000000
filtered : 2675695.000000
time : 1.179772
