Parameters: GAD=1 vflib=1 dir=0 label=0 vlabel=1 lowerbound=1 fileNameGp=../../cp2016-max-common-connected-subgraph-paper/datasets/graphsdb/mcs70/m2D/m2Dr4/mcs70_m2Dr4_s90.A09 fileNameGt=../../cp2016-max-common-connected-subgraph-paper/datasets/graphsdb/mcs70/m2D/m2Dr4/mcs70_m2Dr4_s90.B09
Reading graphs...
90 :  193
90 :  193
Initializing...
maxdom : 7
D->valSize : 539
Solving...
Blb : 2 (clique : 55)
currentSize : 55 <-- 0.010793 s
currentSize : 57 <-- 0.011728 s
currentSize : 58 <-- 0.013932 s
currentSize : 59 <-- 3.879252 s
currentSize : 60 <-- 3.880024 s
currentSize : 61 <-- 18.822643 s
currentSize : 62 <-- 18.823751 s
currentSize : 63 <-- 19.627640 s
currentSize : 64 <-- 19.628471 s

maxsize : 64
nodes : 23489962.000000
filtered : 181426740.000000
time : 142.154816
