Parameters: GAD=1 vflib=1 dir=0 label=0 vlabel=1 lowerbound=1 fileNameGp=../../cp2016-max-common-connected-subgraph-paper/datasets/graphsdb/mcs70/rand/r02/mcs70_r02_s50.A05 fileNameGt=../../cp2016-max-common-connected-subgraph-paper/datasets/graphsdb/mcs70/rand/r02/mcs70_r02_s50.B05
Reading graphs...
50 :  437
50 :  443
Initializing...
maxdom : 12
D->valSize : 354
Solving...
Blb : 2 (clique : 12)
currentSize : 12 <-- 0.002570 s
currentSize : 13 <-- 0.004424 s
currentSize : 15 <-- 0.004469 s
currentSize : 17 <-- 0.019520 s
currentSize : 18 <-- 0.029303 s
currentSize : 22 <-- 0.034521 s
currentSize : 23 <-- 0.044812 s
currentSize : 35 <-- 0.047796 s

maxsize : 35
nodes : 10704.000000
filtered : 127907.000000
time : 0.053812
