Parameters: GAD=1 vflib=1 dir=0 label=0 vlabel=1 lowerbound=1 fileNameGp=../../cp2016-max-common-connected-subgraph-paper/datasets/graphsdb/mcs70/m2D/m2Dr2/mcs70_m2Dr2_s100.A01 fileNameGt=../../cp2016-max-common-connected-subgraph-paper/datasets/graphsdb/mcs70/m2D/m2Dr2/mcs70_m2Dr2_s100.B01
Reading graphs...
100 :  199
100 :  199
Initializing...
maxdom : 6
D->valSize : 345
Solving...
Blb : 2 (clique : 41)
currentSize : 41 <-- 0.003525 s
currentSize : 42 <-- 9.120146 s
currentSize : 43 <-- 44.336689 s
currentSize : 44 <-- 46.377872 s
currentSize : 45 <-- 79.027924 s
currentSize : 46 <-- 84.680771 s
currentSize : 47 <-- 84.740227 s
currentSize : 48 <-- 100.044678 s
currentSize : 49 <-- 100.044846 s
currentSize : 50 <-- 161.445450 s
currentSize : 51 <-- 344.737579 s
currentSize : 52 <-- 346.521118 s
currentSize : 53 <-- 380.737549 s

TIMEOUT
maxsize : 53
nodes : 199740019.000000
filtered : 660977421.000000
time : 1000.000122
