Parameters: GAD=1 vflib=1 dir=0 label=0 vlabel=1 lowerbound=1 fileNameGp=../../cp2016-max-common-connected-subgraph-paper/datasets/graphsdb/mcs70/m2D/m2D/mcs70_m2D_s70.A08 fileNameGt=../../cp2016-max-common-connected-subgraph-paper/datasets/graphsdb/mcs70/m2D/m2D/mcs70_m2D_s70.B08
Reading graphs...
70 :  122
70 :  123
Initializing...
maxdom : 7
D->valSize : 335
Solving...
Blb : 2 (clique : 35)
currentSize : 35 <-- 0.003041 s
currentSize : 36 <-- 0.041787 s
currentSize : 37 <-- 0.069096 s
currentSize : 38 <-- 3.837000 s
currentSize : 39 <-- 3.997252 s
currentSize : 40 <-- 12.814777 s
currentSize : 42 <-- 12.815570 s
currentSize : 43 <-- 12.819157 s
currentSize : 46 <-- 18.596334 s
currentSize : 47 <-- 25.450151 s
currentSize : 48 <-- 28.179468 s
currentSize : 49 <-- 28.179577 s

maxsize : 49
nodes : 9117352.000000
filtered : 44425861.000000
time : 41.188217
