Parameters: GAD=1 vflib=1 dir=0 label=0 vlabel=1 lowerbound=1 fileNameGp=../../cp2016-max-common-connected-subgraph-paper/datasets/graphsdb/mcs70/rand/r005/mcs70_r005_s50.A09 fileNameGt=../../cp2016-max-common-connected-subgraph-paper/datasets/graphsdb/mcs70/rand/r005/mcs70_r005_s50.B09
Reading graphs...
50 :  121
50 :  118
Initializing...
maxdom : 10
D->valSize : 355
Solving...
Blb : 2 (clique : 19)
currentSize : 19 <-- 0.002677 s
currentSize : 20 <-- 0.002810 s
currentSize : 21 <-- 0.003004 s
currentSize : 22 <-- 0.003576 s
currentSize : 23 <-- 0.003853 s
currentSize : 24 <-- 0.003987 s
currentSize : 25 <-- 0.004197 s
currentSize : 26 <-- 0.004525 s
currentSize : 28 <-- 0.004700 s
currentSize : 30 <-- 0.021257 s
currentSize : 31 <-- 0.044567 s
currentSize : 35 <-- 0.044796 s

maxsize : 35
nodes : 18964.000000
filtered : 237518.000000
time : 0.102768
