Parameters: GAD=1 vflib=1 dir=0 label=0 vlabel=1 lowerbound=1 fileNameGp=../../cp2016-max-common-connected-subgraph-paper/datasets/graphsdb/mcs70/rand/r005/mcs70_r005_s100.A01 fileNameGt=../../cp2016-max-common-connected-subgraph-paper/datasets/graphsdb/mcs70/rand/r005/mcs70_r005_s100.B01
Reading graphs...
100 :  484
100 :  484
Initializing...
maxdom : 8
D->valSize : 396
Solving...
Blb : 3 (clique : 28)
currentSize : 28 <-- 0.004206 s
currentSize : 29 <-- 0.004562 s
currentSize : 30 <-- 0.006510 s
currentSize : 33 <-- 0.011928 s
currentSize : 36 <-- 0.020517 s
currentSize : 37 <-- 0.021243 s
currentSize : 40 <-- 0.037528 s
currentSize : 42 <-- 0.037912 s
currentSize : 43 <-- 0.038890 s
currentSize : 44 <-- 0.095397 s
currentSize : 45 <-- 0.285454 s
currentSize : 48 <-- 0.285849 s
currentSize : 50 <-- 0.286215 s
currentSize : 51 <-- 0.630668 s
currentSize : 55 <-- 0.631372 s
currentSize : 60 <-- 0.777673 s
currentSize : 64 <-- 0.852447 s
currentSize : 70 <-- 0.854769 s

maxsize : 70
nodes : 164525.000000
filtered : 917297.000000
time : 1.000204
