Parameters: GAD=1 vflib=1 dir=0 label=0 vlabel=1 lowerbound=1 fileNameGp=../../cp2016-max-common-connected-subgraph-paper/datasets/graphsdb/mcs70/bvg/b09/mcs70_b09_s60.A09 fileNameGt=../../cp2016-max-common-connected-subgraph-paper/datasets/graphsdb/mcs70/bvg/b09/mcs70_b09_s60.B09
Reading graphs...
60 :  267
60 :  267
Initializing...
maxdom : 6
D->valSize : 247
Solving...
Blb : 3 (clique : 21)
currentSize : 21 <-- 0.001716 s
currentSize : 22 <-- 0.006096 s
currentSize : 26 <-- 0.012035 s
currentSize : 27 <-- 0.015968 s
currentSize : 28 <-- 0.021143 s
currentSize : 29 <-- 0.030947 s
currentSize : 37 <-- 0.041537 s
currentSize : 40 <-- 0.041670 s
currentSize : 42 <-- 0.066604 s

maxsize : 42
nodes : 20350.000000
filtered : 130915.000000
time : 0.096043
