Parameters: GAD=1 vflib=1 dir=0 label=0 vlabel=1 lowerbound=1 fileNameGp=../../cp2016-max-common-connected-subgraph-paper/datasets/graphsdb/mcs70/m2D/m2Dr6/mcs70_m2Dr6_s60.A09 fileNameGt=../../cp2016-max-common-connected-subgraph-paper/datasets/graphsdb/mcs70/m2D/m2Dr6/mcs70_m2Dr6_s60.B09
Reading graphs...
60 :  139
60 :  136
Initializing...
maxdom : 10
D->valSize : 298
Solving...
Blb : 2 (clique : 21)
currentSize : 21 <-- 0.003635 s
currentSize : 23 <-- 0.003834 s
currentSize : 24 <-- 0.004075 s
currentSize : 25 <-- 0.015825 s
currentSize : 26 <-- 0.023810 s
currentSize : 27 <-- 0.048021 s
currentSize : 28 <-- 0.060110 s
currentSize : 29 <-- 0.060188 s
currentSize : 31 <-- 0.069284 s
currentSize : 32 <-- 0.069405 s
currentSize : 33 <-- 0.102091 s
currentSize : 34 <-- 0.435404 s
currentSize : 35 <-- 0.854736 s
currentSize : 36 <-- 0.854850 s

maxsize : 36
nodes : 546587.000000
filtered : 3430940.000000
time : 2.790487
