Parameters: GAD=1 vflib=1 dir=0 label=0 vlabel=1 lowerbound=1 fileNameGp=../../cp2016-max-common-connected-subgraph-paper/datasets/graphsdb/mcs70/rand/r01/mcs70_r01_s100.A08 fileNameGt=../../cp2016-max-common-connected-subgraph-paper/datasets/graphsdb/mcs70/rand/r01/mcs70_r01_s100.B08
Reading graphs...
100 :  934
100 :  935
Initializing...
maxdom : 7
D->valSize : 390
Solving...
Blb : 2 (clique : 14)
currentSize : 14 <-- 0.003920 s
currentSize : 15 <-- 0.004132 s
currentSize : 16 <-- 0.004744 s
currentSize : 17 <-- 0.017017 s
currentSize : 18 <-- 0.046477 s
currentSize : 20 <-- 0.046632 s
currentSize : 21 <-- 0.083825 s
currentSize : 22 <-- 0.105530 s
currentSize : 24 <-- 0.136699 s
currentSize : 26 <-- 0.136872 s
currentSize : 30 <-- 0.137002 s
currentSize : 32 <-- 0.174490 s
currentSize : 35 <-- 0.191424 s
currentSize : 46 <-- 0.306876 s
currentSize : 50 <-- 0.396736 s
currentSize : 70 <-- 0.437578 s

maxsize : 70
nodes : 66235.000000
filtered : 582549.000000
time : 0.451520
