Parameters: GAD=1 vflib=1 dir=0 label=0 vlabel=1 lowerbound=1 fileNameGp=../../cp2016-max-common-connected-subgraph-paper/datasets/graphsdb/mcs70/bvg/b03/mcs70_b03_s70.A03 fileNameGt=../../cp2016-max-common-connected-subgraph-paper/datasets/graphsdb/mcs70/bvg/b03/mcs70_b03_s70.B03
Reading graphs...
70 :  105
70 :  105
Initializing...
maxdom : 8
D->valSize : 354
Solving...
Blb : 2 (clique : 38)
currentSize : 38 <-- 0.005269 s
currentSize : 39 <-- 0.853068 s
currentSize : 40 <-- 0.853210 s
currentSize : 41 <-- 0.857235 s
currentSize : 42 <-- 0.859421 s
currentSize : 43 <-- 0.860063 s
currentSize : 44 <-- 3.476821 s
currentSize : 45 <-- 6.695704 s
currentSize : 46 <-- 6.992730 s
currentSize : 47 <-- 15.451613 s
currentSize : 49 <-- 29.415607 s
currentSize : 50 <-- 74.910896 s

maxsize : 50
nodes : 20190745.000000
filtered : 110071711.000000
time : 92.676849
