Parameters: GAD=1 vflib=1 dir=0 label=0 vlabel=1 lowerbound=1 fileNameGp=../../cp2016-max-common-connected-subgraph-paper/datasets/graphsdb/mcs70/m2D/m2Dr2/mcs70_m2Dr2_s80.A03 fileNameGt=../../cp2016-max-common-connected-subgraph-paper/datasets/graphsdb/mcs70/m2D/m2Dr2/mcs70_m2Dr2_s80.B03
Reading graphs...
80 :  157
80 :  157
Initializing...
maxdom : 9
D->valSize : 439
Solving...
Blb : 2 (clique : 32)
currentSize : 32 <-- 0.004524 s
currentSize : 33 <-- 0.004916 s
currentSize : 34 <-- 0.516482 s
currentSize : 35 <-- 1.049931 s
currentSize : 36 <-- 12.253310 s
currentSize : 37 <-- 50.386044 s
currentSize : 38 <-- 61.966221 s

TIMEOUT
maxsize : 38
nodes : 158729373.000000
filtered : 1419039053.000000
time : 1000.000061
