Parameters: GAD=1 vflib=1 dir=0 label=0 vlabel=1 lowerbound=1 fileNameGp=../../cp2016-max-common-connected-subgraph-paper/datasets/graphsdb/mcs70/bvg/b06m/mcs70_b06m_s100.A04 fileNameGt=../../cp2016-max-common-connected-subgraph-paper/datasets/graphsdb/mcs70/bvg/b06m/mcs70_b06m_s100.B04
Reading graphs...
100 :  299
100 :  299
Initializing...
maxdom : 8
D->valSize : 404
Solving...
Blb : 3 (clique : 55)
currentSize : 55 <-- 0.004454 s
currentSize : 56 <-- 15.703294 s
currentSize : 62 <-- 47.308922 s
currentSize : 63 <-- 47.323673 s
currentSize : 64 <-- 48.426048 s
currentSize : 65 <-- 52.417171 s
currentSize : 67 <-- 58.400719 s
currentSize : 68 <-- 58.411072 s
currentSize : 69 <-- 59.260220 s
currentSize : 70 <-- 62.256657 s

maxsize : 70
nodes : 11754169.000000
filtered : 57320115.000000
time : 67.387177
