Parameters: GAD=1 vflib=1 dir=0 label=0 vlabel=1 lowerbound=1 fileNameGp=../../cp2016-max-common-connected-subgraph-paper/datasets/graphsdb/mcs70/bvg/b03m/mcs70_b03m_s100.A09 fileNameGt=../../cp2016-max-common-connected-subgraph-paper/datasets/graphsdb/mcs70/bvg/b03m/mcs70_b03m_s100.B09
Reading graphs...
100 :  149
100 :  150
Initializing...
maxdom : 9
D->valSize : 399
Solving...
Blb : 2 (clique : 46)
currentSize : 46 <-- 0.004626 s
currentSize : 47 <-- 0.005002 s
currentSize : 48 <-- 0.005247 s
currentSize : 49 <-- 0.005855 s
currentSize : 50 <-- 0.006073 s
currentSize : 51 <-- 0.007529 s
currentSize : 52 <-- 0.009692 s
currentSize : 53 <-- 0.010958 s
currentSize : 54 <-- 0.013583 s
currentSize : 55 <-- 0.014399 s
currentSize : 56 <-- 0.033090 s
currentSize : 57 <-- 5.530691 s
currentSize : 58 <-- 52.005184 s
currentSize : 59 <-- 486.215851 s
currentSize : 60 <-- 486.760773 s
currentSize : 61 <-- 523.366577 s
currentSize : 62 <-- 524.066589 s
currentSize : 63 <-- 761.441589 s
currentSize : 64 <-- 762.129089 s

TIMEOUT
maxsize : 64
nodes : 191732444.000000
filtered : 711310101.000000
time : 1000.000122
