Parameters: GAD=1 vflib=1 dir=0 label=0 vlabel=1 lowerbound=1 fileNameGp=../../cp2016-max-common-connected-subgraph-paper/datasets/graphsdb/mcs70/rand/r01/mcs70_r01_s80.A00 fileNameGt=../../cp2016-max-common-connected-subgraph-paper/datasets/graphsdb/mcs70/rand/r01/mcs70_r01_s80.B00
Reading graphs...
80 :  592
80 :  596
Initializing...
maxdom : 9
D->valSize : 433
Solving...
Blb : 2 (clique : 14)
currentSize : 14 <-- 0.004484 s
currentSize : 15 <-- 0.004887 s
currentSize : 16 <-- 0.004974 s
currentSize : 17 <-- 0.014747 s
currentSize : 18 <-- 0.027587 s
currentSize : 20 <-- 0.028138 s
currentSize : 21 <-- 0.029340 s
currentSize : 28 <-- 0.191104 s
currentSize : 31 <-- 0.436862 s
currentSize : 32 <-- 0.535839 s
currentSize : 37 <-- 0.623451 s
currentSize : 38 <-- 0.727196 s
currentSize : 43 <-- 0.729810 s
currentSize : 56 <-- 0.730502 s

maxsize : 56
nodes : 119853.000000
filtered : 1287097.000000
time : 0.762797
