Parameters: GAD=1 vflib=1 dir=0 label=0 vlabel=1 lowerbound=1 fileNameGp=../../cp2016-max-common-connected-subgraph-paper/datasets/graphsdb/mcs70/rand/r01/mcs70_r01_s30.A05 fileNameGt=../../cp2016-max-common-connected-subgraph-paper/datasets/graphsdb/mcs70/rand/r01/mcs70_r01_s30.B05
Reading graphs...
30 :  80
30 :  82
Initializing...
maxdom : 6
D->valSize : 123
Solving...
Blb : 5 (clique : 10)
currentSize : 10 <-- 0.000671 s
currentSize : 12 <-- 0.000733 s
currentSize : 13 <-- 0.000841 s
currentSize : 14 <-- 0.001452 s
currentSize : 15 <-- 0.002512 s
currentSize : 16 <-- 0.002975 s
currentSize : 17 <-- 0.003104 s
currentSize : 18 <-- 0.003380 s
currentSize : 20 <-- 0.003863 s
currentSize : 21 <-- 0.003932 s

maxsize : 21
nodes : 1048.000000
filtered : 6433.000000
time : 0.004219
