Parameters: GAD=1 vflib=1 dir=0 label=0 vlabel=1 lowerbound=1 fileNameGp=../../cp2016-max-common-connected-subgraph-paper/datasets/graphsdb/mcs70/rand/r005/mcs70_r005_s70.A08 fileNameGt=../../cp2016-max-common-connected-subgraph-paper/datasets/graphsdb/mcs70/rand/r005/mcs70_r005_s70.B08
Reading graphs...
70 :  234
70 :  230
Initializing...
maxdom : 10
D->valSize : 352
Solving...
Blb : 2 (clique : 24)
currentSize : 24 <-- 0.004814 s
currentSize : 25 <-- 0.032087 s
currentSize : 27 <-- 0.171216 s
currentSize : 28 <-- 0.188500 s
currentSize : 30 <-- 0.203773 s
currentSize : 31 <-- 1.271929 s
currentSize : 33 <-- 1.279913 s
currentSize : 34 <-- 1.571014 s
currentSize : 35 <-- 1.616396 s
currentSize : 36 <-- 1.735190 s
currentSize : 38 <-- 1.735276 s
currentSize : 39 <-- 1.828769 s
currentSize : 40 <-- 1.915994 s
currentSize : 41 <-- 2.028407 s
currentSize : 45 <-- 2.039641 s
currentSize : 46 <-- 2.039938 s
currentSize : 49 <-- 2.040064 s

maxsize : 49
nodes : 417708.000000
filtered : 2995726.000000
time : 2.163555
