Parameters: GAD=1 vflib=1 dir=0 label=0 vlabel=1 lowerbound=1 fileNameGp=../../cp2016-max-common-connected-subgraph-paper/datasets/graphsdb/mcs70/bvg/b06m/mcs70_b06m_s100.A08 fileNameGt=../../cp2016-max-common-connected-subgraph-paper/datasets/graphsdb/mcs70/bvg/b06m/mcs70_b06m_s100.B08
Reading graphs...
100 :  298
100 :  298
Initializing...
maxdom : 6
D->valSize : 385
Solving...
Blb : 3 (clique : 38)
currentSize : 38 <-- 0.004109 s
currentSize : 39 <-- 0.654502 s
currentSize : 40 <-- 3.919530 s
currentSize : 42 <-- 4.401843 s
currentSize : 43 <-- 10.394993 s
currentSize : 45 <-- 26.762360 s
currentSize : 48 <-- 38.882210 s
currentSize : 50 <-- 41.552822 s
currentSize : 51 <-- 51.441200 s
currentSize : 53 <-- 55.873695 s
currentSize : 57 <-- 59.946529 s
currentSize : 59 <-- 72.074562 s
currentSize : 63 <-- 81.284370 s
currentSize : 64 <-- 91.559647 s
currentSize : 65 <-- 97.179153 s
currentSize : 70 <-- 97.811577 s

maxsize : 70
nodes : 19132279.000000
filtered : 95757193.000000
time : 110.007118
