Parameters: GAD=1 vflib=1 dir=0 label=0 vlabel=1 lowerbound=1 fileNameGp=../../cp2016-max-common-connected-subgraph-paper/datasets/graphsdb/mcs70/bvg/b03/mcs70_b03_s70.A04 fileNameGt=../../cp2016-max-common-connected-subgraph-paper/datasets/graphsdb/mcs70/bvg/b03/mcs70_b03_s70.B04
Reading graphs...
70 :  104
70 :  104
Initializing...
maxdom : 9
D->valSize : 358
Solving...
Blb : 5 (clique : 30)
currentSize : 30 <-- 0.005320 s
currentSize : 35 <-- 0.005639 s
currentSize : 36 <-- 0.005802 s
currentSize : 37 <-- 0.005973 s
currentSize : 38 <-- 0.007056 s
currentSize : 39 <-- 0.008483 s
currentSize : 40 <-- 0.012493 s
currentSize : 41 <-- 0.325262 s
currentSize : 42 <-- 0.727944 s
currentSize : 43 <-- 0.730767 s
currentSize : 44 <-- 4.239867 s
currentSize : 45 <-- 4.239952 s
currentSize : 46 <-- 4.240092 s
currentSize : 47 <-- 4.240192 s
currentSize : 48 <-- 12.820809 s

maxsize : 48
nodes : 3734117.000000
filtered : 19027220.000000
time : 18.148624
