Parameters: GAD=1 vflib=1 dir=0 label=0 vlabel=1 lowerbound=1 fileNameGp=../../cp2016-max-common-connected-subgraph-paper/datasets/graphsdb/mcs70/bvg/b09m/mcs70_b09m_s90.A01 fileNameGt=../../cp2016-max-common-connected-subgraph-paper/datasets/graphsdb/mcs70/bvg/b09m/mcs70_b09m_s90.B01
Reading graphs...
90 :  399
90 :  401
Initializing...
maxdom : 10
D->valSize : 561
Solving...
Blb : 2 (clique : 54)
currentSize : 54 <-- 0.006493 s
currentSize : 55 <-- 0.007178 s
currentSize : 57 <-- 0.007401 s
currentSize : 58 <-- 0.008020 s
currentSize : 59 <-- 0.008758 s
currentSize : 61 <-- 0.009151 s
currentSize : 62 <-- 0.009582 s

maxsize : 62
nodes : 7804392.000000
filtered : 48055326.000000
time : 42.701939
