Parameters: GAD=1 vflib=1 dir=0 label=0 vlabel=1 lowerbound=1 fileNameGp=../../cp2016-max-common-connected-subgraph-paper/datasets/graphsdb/mcs70/bvg/b09/mcs70_b09_s50.A09 fileNameGt=../../cp2016-max-common-connected-subgraph-paper/datasets/graphsdb/mcs70/bvg/b09/mcs70_b09_s50.B09
Reading graphs...
50 :  222
50 :  222
Initializing...
maxdom : 9
D->valSize : 321
Solving...
Blb : 3 (clique : 13)
currentSize : 13 <-- 0.003539 s
currentSize : 14 <-- 0.003698 s
currentSize : 15 <-- 0.003888 s
currentSize : 16 <-- 0.029007 s
currentSize : 17 <-- 0.380989 s
currentSize : 18 <-- 1.021669 s
currentSize : 19 <-- 1.021979 s
currentSize : 21 <-- 2.169066 s
currentSize : 23 <-- 2.169561 s
currentSize : 24 <-- 2.169771 s
currentSize : 29 <-- 2.323267 s
currentSize : 34 <-- 2.325361 s

maxsize : 34
nodes : 525347.000000
filtered : 4657094.000000
time : 2.351696
