Parameters: GAD=1 vflib=1 dir=0 label=0 vlabel=1 lowerbound=1 fileNameGp=../../cp2016-max-common-connected-subgraph-paper/datasets/graphsdb/mcs70/m3D/m3Dr2/mcs70_m3Dr2_s90.A03 fileNameGt=../../cp2016-max-common-connected-subgraph-paper/datasets/graphsdb/mcs70/m3D/m3Dr2/mcs70_m3Dr2_s90.B03
Reading graphs...
90 :  226
90 :  224
Initializing...
maxdom : 10
D->valSize : 598
Solving...
Blb : 2 (clique : 30)
currentSize : 30 <-- 0.007372 s
currentSize : 35 <-- 0.007634 s
currentSize : 36 <-- 0.027100 s
currentSize : 37 <-- 0.031389 s
currentSize : 38 <-- 0.139600 s
currentSize : 39 <-- 0.463082 s
currentSize : 40 <-- 602.236023 s
currentSize : 41 <-- 602.720764 s
currentSize : 42 <-- 602.795532 s
currentSize : 43 <-- 769.361023 s
currentSize : 44 <-- 769.433533 s
currentSize : 45 <-- 961.581970 s
currentSize : 46 <-- 961.586792 s
currentSize : 47 <-- 961.590942 s
currentSize : 48 <-- 961.610535 s

TIMEOUT
maxsize : 48
nodes : 163248519.000000
filtered : 1471516307.000000
time : 1000.000061
