Parameters: GAD=1 vflib=1 dir=0 label=0 vlabel=1 lowerbound=1 fileNameGp=../../cp2016-max-common-connected-subgraph-paper/datasets/graphsdb/mcs70/bvg/b06m/mcs70_b06m_s80.A09 fileNameGt=../../cp2016-max-common-connected-subgraph-paper/datasets/graphsdb/mcs70/bvg/b06m/mcs70_b06m_s80.B09
Reading graphs...
80 :  237
80 :  238
Initializing...
maxdom : 8
D->valSize : 447
Solving...
Blb : 2 (clique : 47)
currentSize : 47 <-- 0.007401 s
currentSize : 48 <-- 14.307162 s
currentSize : 49 <-- 14.307613 s
currentSize : 50 <-- 63.198910 s
currentSize : 51 <-- 63.199123 s
currentSize : 52 <-- 63.201115 s
currentSize : 54 <-- 63.201256 s
currentSize : 56 <-- 63.201508 s

maxsize : 56
nodes : 16824883.000000
filtered : 64264142.000000
time : 77.017433
