Parameters: GAD=1 vflib=1 dir=0 label=0 vlabel=1 lowerbound=1 fileNameGp=../../cp2016-max-common-connected-subgraph-paper/datasets/graphsdb/mcs70/bvg/b06m/mcs70_b06m_s50.A01 fileNameGt=../../cp2016-max-common-connected-subgraph-paper/datasets/graphsdb/mcs70/bvg/b06m/mcs70_b06m_s50.B01
Reading graphs...
50 :  147
50 :  149
Initializing...
maxdom : 9
D->valSize : 321
Solving...
Blb : 2 (clique : 18)
currentSize : 18 <-- 0.003751 s
currentSize : 21 <-- 0.003917 s
currentSize : 22 <-- 0.003953 s
currentSize : 23 <-- 0.004201 s
currentSize : 24 <-- 0.277600 s
currentSize : 25 <-- 0.277666 s
currentSize : 27 <-- 0.495348 s
currentSize : 29 <-- 0.510275 s
currentSize : 30 <-- 0.510695 s
currentSize : 31 <-- 0.706101 s
currentSize : 32 <-- 0.724334 s
currentSize : 34 <-- 0.724473 s
currentSize : 35 <-- 0.831742 s

maxsize : 35
nodes : 151179.000000
filtered : 1446073.000000
time : 0.851228
