Parameters: GAD=1 vflib=1 dir=0 label=0 vlabel=1 lowerbound=1 fileNameGp=../../cp2016-max-common-connected-subgraph-paper/datasets/graphsdb/mcs70/m2D/m2Dr6/mcs70_m2Dr6_s60.A03 fileNameGt=../../cp2016-max-common-connected-subgraph-paper/datasets/graphsdb/mcs70/m2D/m2Dr6/mcs70_m2Dr6_s60.B03
Reading graphs...
60 :  136
60 :  137
Initializing...
maxdom : 6
D->valSize : 233
Solving...
Blb : 2 (clique : 25)
currentSize : 25 <-- 0.002644 s
currentSize : 26 <-- 0.002940 s
currentSize : 28 <-- 0.003086 s
currentSize : 29 <-- 0.003274 s
currentSize : 30 <-- 0.019052 s
currentSize : 31 <-- 0.044629 s
currentSize : 32 <-- 0.044720 s
currentSize : 33 <-- 0.045489 s
currentSize : 34 <-- 0.045699 s
currentSize : 36 <-- 0.358660 s
currentSize : 37 <-- 0.358955 s

maxsize : 37
nodes : 994056.000000
filtered : 3712352.000000
time : 3.791449
