Parameters: GAD=1 vflib=1 dir=0 label=0 vlabel=1 lowerbound=1 fileNameGp=../../cp2016-max-common-connected-subgraph-paper/datasets/graphsdb/mcs70/bvg/b06m/mcs70_b06m_s90.A01 fileNameGt=../../cp2016-max-common-connected-subgraph-paper/datasets/graphsdb/mcs70/bvg/b06m/mcs70_b06m_s90.B01
Reading graphs...
90 :  266
90 :  265
Initializing...
maxdom : 10
D->valSize : 547
Solving...
Blb : 2 (clique : 41)
currentSize : 41 <-- 0.010877 s
currentSize : 43 <-- 0.011364 s
currentSize : 45 <-- 0.029987 s
currentSize : 46 <-- 0.520179 s
currentSize : 47 <-- 0.525480 s
currentSize : 49 <-- 0.531966 s
currentSize : 53 <-- 1.448322 s
currentSize : 55 <-- 1.448443 s
currentSize : 61 <-- 2.062426 s
currentSize : 63 <-- 2.062568 s

maxsize : 63
nodes : 18470757.000000
filtered : 113144290.000000
time : 102.293327
