Parameters: GAD=1 vflib=1 dir=0 label=0 vlabel=1 lowerbound=1 fileNameGp=../../cp2016-max-common-connected-subgraph-paper/datasets/graphsdb/mcs70/rand/r005/mcs70_r005_s80.A01 fileNameGt=../../cp2016-max-common-connected-subgraph-paper/datasets/graphsdb/mcs70/rand/r005/mcs70_r005_s80.B01
Reading graphs...
80 :  307
80 :  302
Initializing...
maxdom : 8
D->valSize : 434
Solving...
Blb : 2 (clique : 25)
currentSize : 25 <-- 0.004185 s
currentSize : 27 <-- 0.004749 s
currentSize : 29 <-- 0.007741 s
currentSize : 33 <-- 0.010269 s
currentSize : 34 <-- 0.010480 s
currentSize : 36 <-- 0.010634 s
currentSize : 37 <-- 0.010855 s
currentSize : 42 <-- 0.014630 s
currentSize : 43 <-- 0.014769 s
currentSize : 44 <-- 0.015335 s
currentSize : 46 <-- 0.015404 s
currentSize : 49 <-- 0.032194 s
currentSize : 51 <-- 0.032281 s
currentSize : 56 <-- 0.033842 s

maxsize : 56
nodes : 36462.000000
filtered : 342813.000000
time : 0.223750
