Parameters: GAD=1 vflib=1 dir=0 label=0 vlabel=1 lowerbound=1 fileNameGp=../../cp2016-max-common-connected-subgraph-paper/datasets/graphsdb/mcs70/m2D/m2Dr6/mcs70_m2Dr6_s90.A09 fileNameGt=../../cp2016-max-common-connected-subgraph-paper/datasets/graphsdb/mcs70/m2D/m2Dr6/mcs70_m2Dr6_s90.B09
Reading graphs...
90 :  214
90 :  211
Initializing...
maxdom : 12
D->valSize : 543
Solving...
Blb : 2 (clique : 34)
currentSize : 34 <-- 0.010577 s
currentSize : 35 <-- 0.343468 s
currentSize : 36 <-- 3.562377 s
currentSize : 37 <-- 14.008420 s
currentSize : 38 <-- 24.432764 s
currentSize : 39 <-- 24.577188 s
currentSize : 40 <-- 142.119705 s
currentSize : 41 <-- 246.942062 s
currentSize : 42 <-- 247.029007 s
currentSize : 43 <-- 302.440460 s

TIMEOUT
maxsize : 43
nodes : 178959306.000000
filtered : 1258318665.000000
time : 1000.000061
