Parameters: GAD=1 vflib=1 dir=0 label=0 vlabel=1 lowerbound=1 fileNameGp=../../cp2016-max-common-connected-subgraph-paper/datasets/graphsdb/mcs70/rand/r005/mcs70_r005_s80.A09 fileNameGt=../../cp2016-max-common-connected-subgraph-paper/datasets/graphsdb/mcs70/rand/r005/mcs70_r005_s80.B09
Reading graphs...
80 :  312
80 :  313
Initializing...
maxdom : 8
D->valSize : 428
Solving...
Blb : 2 (clique : 28)
currentSize : 28 <-- 0.004100 s
currentSize : 30 <-- 0.004362 s
currentSize : 31 <-- 0.005283 s
currentSize : 33 <-- 0.005782 s
currentSize : 34 <-- 0.006226 s
currentSize : 35 <-- 0.006978 s
currentSize : 37 <-- 0.007247 s
currentSize : 38 <-- 0.008412 s
currentSize : 40 <-- 0.009491 s
currentSize : 41 <-- 0.009725 s
currentSize : 42 <-- 0.017407 s
currentSize : 43 <-- 0.239416 s
currentSize : 44 <-- 0.285476 s
currentSize : 45 <-- 0.285760 s
currentSize : 46 <-- 0.287794 s
currentSize : 48 <-- 1.076652 s
currentSize : 54 <-- 1.111811 s
currentSize : 56 <-- 1.111980 s

maxsize : 56
nodes : 288090.000000
filtered : 1981336.000000
time : 1.657709
