Parameters: GAD=1 vflib=1 dir=0 label=0 vlabel=1 lowerbound=1 fileNameGp=../../cp2016-max-common-connected-subgraph-paper/datasets/graphsdb/mcs70/m2D/m2Dr6/mcs70_m2Dr6_s70.A05 fileNameGt=../../cp2016-max-common-connected-subgraph-paper/datasets/graphsdb/mcs70/m2D/m2Dr6/mcs70_m2Dr6_s70.B05
Reading graphs...
70 :  164
70 :  163
Initializing...
maxdom : 10
D->valSize : 355
Solving...
Blb : 2 (clique : 24)
currentSize : 24 <-- 0.003155 s
currentSize : 27 <-- 0.003381 s
currentSize : 28 <-- 0.003655 s
currentSize : 29 <-- 0.003751 s
currentSize : 30 <-- 0.004133 s
currentSize : 31 <-- 0.004441 s
currentSize : 32 <-- 0.004551 s
currentSize : 33 <-- 0.004638 s
currentSize : 35 <-- 0.005144 s
currentSize : 40 <-- 0.005869 s
currentSize : 43 <-- 0.008258 s
currentSize : 46 <-- 0.112031 s
currentSize : 49 <-- 0.290763 s

maxsize : 49
nodes : 404896.000000
filtered : 2212993.000000
time : 1.807409
