Parameters: GAD=1 vflib=1 dir=0 label=0 vlabel=1 lowerbound=1 fileNameGp=../../cp2016-max-common-connected-subgraph-paper/datasets/graphsdb/mcs70/bvg/b09/mcs70_b09_s80.A06 fileNameGt=../../cp2016-max-common-connected-subgraph-paper/datasets/graphsdb/mcs70/bvg/b09/mcs70_b09_s80.B06
Reading graphs...
80 :  360
80 :  359
Initializing...
maxdom : 11
D->valSize : 490
Solving...
Blb : 2 (clique : 28)
currentSize : 28 <-- 0.005106 s
currentSize : 29 <-- 0.005337 s
currentSize : 34 <-- 0.005525 s
currentSize : 36 <-- 0.005866 s
currentSize : 37 <-- 0.007779 s
currentSize : 46 <-- 0.011037 s
currentSize : 48 <-- 0.011347 s
currentSize : 49 <-- 0.017210 s
currentSize : 51 <-- 0.017479 s
currentSize : 52 <-- 0.021286 s
currentSize : 54 <-- 0.034449 s
currentSize : 56 <-- 0.034657 s

maxsize : 56
nodes : 218667.000000
filtered : 1665127.000000
time : 1.262912
