Parameters: GAD=1 vflib=1 dir=0 label=0 vlabel=1 lowerbound=1 fileNameGp=../../cp2016-max-common-connected-subgraph-paper/datasets/graphsdb/mcs70/rand/r02/mcs70_r02_s70.A01 fileNameGt=../../cp2016-max-common-connected-subgraph-paper/datasets/graphsdb/mcs70/rand/r02/mcs70_r02_s70.B01
Reading graphs...
70 :  855
70 :  864
Initializing...
maxdom : 10
D->valSize : 340
Solving...
Blb : 2 (clique : 11)
currentSize : 11 <-- 0.004308 s
currentSize : 13 <-- 0.004492 s
currentSize : 14 <-- 0.004636 s
currentSize : 16 <-- 0.004782 s
currentSize : 19 <-- 0.005021 s
currentSize : 21 <-- 0.056649 s
currentSize : 23 <-- 0.080495 s
currentSize : 26 <-- 0.080679 s
currentSize : 49 <-- 0.109601 s

maxsize : 49
nodes : 15885.000000
filtered : 171541.000000
time : 0.117986
