Parameters: GAD=1 vflib=1 dir=0 label=0 vlabel=1 lowerbound=1 fileNameGp=../../cp2016-max-common-connected-subgraph-paper/datasets/graphsdb/mcs70/m2D/m2Dr4/mcs70_m2Dr4_s60.A02 fileNameGt=../../cp2016-max-common-connected-subgraph-paper/datasets/graphsdb/mcs70/m2D/m2Dr4/mcs70_m2Dr4_s60.B02
Reading graphs...
60 :  128
60 :  126
Initializing...
maxdom : 7
D->valSize : 278
Solving...
Blb : 2 (clique : 26)
currentSize : 26 <-- 0.002163 s
currentSize : 27 <-- 0.002356 s
currentSize : 28 <-- 0.002506 s
currentSize : 29 <-- 0.003360 s
currentSize : 30 <-- 0.006800 s
currentSize : 31 <-- 0.009382 s
currentSize : 32 <-- 0.009791 s
currentSize : 33 <-- 0.642539 s
currentSize : 34 <-- 0.642712 s
currentSize : 36 <-- 0.728917 s
currentSize : 37 <-- 0.729266 s

maxsize : 37
nodes : 428316.000000
filtered : 1975054.000000
time : 1.878563
