Parameters: GAD=1 vflib=1 dir=0 label=0 vlabel=1 lowerbound=1 fileNameGp=../../cp2016-max-common-connected-subgraph-paper/datasets/graphsdb/mcs70/bvg/b06m/mcs70_b06m_s40.A09 fileNameGt=../../cp2016-max-common-connected-subgraph-paper/datasets/graphsdb/mcs70/bvg/b06m/mcs70_b06m_s40.B09
Reading graphs...
40 :  118
40 :  119
Initializing...
maxdom : 7
D->valSize : 211
Solving...
Blb : 3 (clique : 15)
currentSize : 15 <-- 0.001238 s
currentSize : 17 <-- 0.007826 s
currentSize : 18 <-- 0.008071 s
currentSize : 19 <-- 0.009857 s
currentSize : 20 <-- 0.014152 s
currentSize : 22 <-- 0.018445 s
currentSize : 23 <-- 0.019593 s
currentSize : 24 <-- 0.022782 s
currentSize : 26 <-- 0.022819 s
currentSize : 28 <-- 0.022987 s

maxsize : 28
nodes : 5575.000000
filtered : 44384.000000
time : 0.025266
