Parameters: GAD=1 vflib=1 dir=0 label=0 vlabel=1 lowerbound=1 fileNameGp=../../cp2016-max-common-connected-subgraph-paper/datasets/graphsdb/mcs70/m2D/m2Dr4/mcs70_m2Dr4_s90.A00 fileNameGt=../../cp2016-max-common-connected-subgraph-paper/datasets/graphsdb/mcs70/m2D/m2Dr4/mcs70_m2Dr4_s90.B00
Reading graphs...
90 :  195
90 :  196
Initializing...
maxdom : 10
D->valSize : 571
Solving...
Blb : 2 (clique : 42)
currentSize : 42 <-- 0.007146 s
currentSize : 43 <-- 0.007583 s
currentSize : 44 <-- 0.008952 s
currentSize : 46 <-- 0.014533 s
currentSize : 48 <-- 0.014615 s
currentSize : 50 <-- 0.014733 s
currentSize : 51 <-- 0.021343 s
currentSize : 52 <-- 0.046387 s
currentSize : 53 <-- 0.061093 s
currentSize : 54 <-- 0.072153 s
currentSize : 55 <-- 0.072292 s
currentSize : 56 <-- 0.072611 s
currentSize : 57 <-- 9.160437 s
currentSize : 58 <-- 9.162062 s
currentSize : 59 <-- 9.166126 s
currentSize : 62 <-- 9.167098 s
currentSize : 63 <-- 9.167359 s
currentSize : 64 <-- 13.585048 s

maxsize : 64
nodes : 42307989.000000
filtered : 241644609.000000
time : 227.226334
