Parameters: GAD=1 vflib=1 dir=0 label=0 vlabel=1 lowerbound=1 fileNameGp=../../cp2016-max-common-connected-subgraph-paper/datasets/graphsdb/mcs70/m3D/m3D/mcs70_m3D_s90.A08 fileNameGt=../../cp2016-max-common-connected-subgraph-paper/datasets/graphsdb/mcs70/m3D/m3D/mcs70_m3D_s90.B08
Reading graphs...
90 :  209
90 :  209
Initializing...
maxdom : 9
D->valSize : 548
Solving...
Blb : 2 (clique : 39)
currentSize : 39 <-- 0.006578 s
currentSize : 40 <-- 0.007002 s
currentSize : 41 <-- 0.007362 s
currentSize : 42 <-- 0.017021 s
currentSize : 44 <-- 0.167451 s
currentSize : 45 <-- 0.173039 s
currentSize : 46 <-- 0.184781 s
currentSize : 47 <-- 0.209162 s
currentSize : 48 <-- 18.798937 s
currentSize : 49 <-- 18.838217 s
currentSize : 51 <-- 18.839188 s
currentSize : 53 <-- 18.847418 s
currentSize : 54 <-- 18.875587 s
currentSize : 55 <-- 24.226904 s
currentSize : 56 <-- 30.189243 s
currentSize : 57 <-- 30.189554 s
currentSize : 58 <-- 30.227091 s
currentSize : 61 <-- 30.227980 s
currentSize : 62 <-- 213.498734 s
currentSize : 64 <-- 213.533951 s

maxsize : 64
nodes : 45856553.000000
filtered : 294711359.000000
time : 263.814270
