Parameters: GAD=1 vflib=1 dir=0 label=0 vlabel=1 lowerbound=1 fileNameGp=../../cp2016-max-common-connected-subgraph-paper/datasets/graphsdb/mcs70/m2D/m2Dr2/mcs70_m2Dr2_s90.A03 fileNameGt=../../cp2016-max-common-connected-subgraph-paper/datasets/graphsdb/mcs70/m2D/m2Dr2/mcs70_m2Dr2_s90.B03
Reading graphs...
90 :  178
90 :  178
Initializing...
maxdom : 9
D->valSize : 533
Solving...
Blb : 2 (clique : 42)
currentSize : 42 <-- 0.006195 s
currentSize : 43 <-- 10.611239 s
currentSize : 44 <-- 61.852882 s
currentSize : 45 <-- 62.995281 s
currentSize : 46 <-- 184.877350 s
currentSize : 47 <-- 184.878235 s
currentSize : 48 <-- 185.861542 s
currentSize : 49 <-- 185.861893 s
currentSize : 50 <-- 216.287354 s
currentSize : 51 <-- 218.225677 s
currentSize : 52 <-- 218.225906 s
currentSize : 53 <-- 282.507935 s
currentSize : 54 <-- 282.508179 s
currentSize : 56 <-- 320.559235 s
currentSize : 57 <-- 320.562592 s
currentSize : 59 <-- 358.890900 s
currentSize : 60 <-- 382.576172 s
currentSize : 61 <-- 497.527374 s
currentSize : 62 <-- 742.280945 s
currentSize : 63 <-- 776.458923 s
currentSize : 64 <-- 789.553772 s

maxsize : 64
nodes : 154511296.000000
filtered : 1037252802.000000
time : 879.550964
