Parameters: GAD=1 vflib=1 dir=0 label=0 vlabel=1 lowerbound=1 fileNameGp=../../cp2016-max-common-connected-subgraph-paper/datasets/graphsdb/mcs70/m3D/m3Dr4/mcs70_m3Dr4_s90.A06 fileNameGt=../../cp2016-max-common-connected-subgraph-paper/datasets/graphsdb/mcs70/m3D/m3Dr4/mcs70_m3Dr4_s90.B06
Reading graphs...
90 :  245
90 :  241
Initializing...
maxdom : 8
D->valSize : 559
Solving...
Blb : 2 (clique : 38)
currentSize : 38 <-- 0.011169 s
currentSize : 40 <-- 0.011812 s
currentSize : 42 <-- 0.022161 s
currentSize : 43 <-- 0.119060 s
currentSize : 44 <-- 0.122986 s
currentSize : 46 <-- 0.150093 s
currentSize : 47 <-- 0.737768 s
currentSize : 48 <-- 2.511732 s
currentSize : 50 <-- 2.518593 s
currentSize : 51 <-- 2.592191 s
currentSize : 52 <-- 2.592521 s
currentSize : 53 <-- 2.665768 s
currentSize : 54 <-- 2.666147 s
currentSize : 55 <-- 3.244598 s
currentSize : 57 <-- 200.842957 s
currentSize : 59 <-- 200.843155 s
currentSize : 60 <-- 200.932449 s
currentSize : 62 <-- 200.932617 s
currentSize : 64 <-- 200.939423 s

maxsize : 64
nodes : 99896200.000000
filtered : 558874127.000000
time : 538.581177
