Parameters: GAD=1 vflib=1 dir=0 label=0 vlabel=1 lowerbound=1 fileNameGp=../../cp2016-max-common-connected-subgraph-paper/datasets/graphsdb/mcs70/rand/r01/mcs70_r01_s80.A01 fileNameGt=../../cp2016-max-common-connected-subgraph-paper/datasets/graphsdb/mcs70/rand/r01/mcs70_r01_s80.B01
Reading graphs...
80 :  595
80 :  605
Initializing...
maxdom : 9
D->valSize : 454
Solving...
Blb : 5 (clique : 14)
currentSize : 14 <-- 0.004418 s
currentSize : 15 <-- 0.008824 s
currentSize : 16 <-- 0.009051 s
currentSize : 17 <-- 0.119507 s
currentSize : 18 <-- 0.381610 s
currentSize : 19 <-- 0.617920 s
currentSize : 20 <-- 0.618268 s
currentSize : 21 <-- 0.618331 s
currentSize : 22 <-- 0.822731 s
currentSize : 24 <-- 1.548196 s
currentSize : 26 <-- 1.556147 s
currentSize : 28 <-- 1.556285 s
currentSize : 30 <-- 1.665252 s
currentSize : 32 <-- 2.185476 s
currentSize : 41 <-- 2.192900 s
currentSize : 42 <-- 2.251986 s
currentSize : 43 <-- 2.406526 s
currentSize : 56 <-- 2.408104 s

maxsize : 56
nodes : 425325.000000
filtered : 3236383.000000
time : 2.426157
