Parameters: GAD=1 vflib=1 dir=0 label=0 vlabel=1 lowerbound=1 fileNameGp=../../cp2016-max-common-connected-subgraph-paper/datasets/graphsdb/mcs70/bvg/b06/mcs70_b06_s50.A02 fileNameGt=../../cp2016-max-common-connected-subgraph-paper/datasets/graphsdb/mcs70/bvg/b06/mcs70_b06_s50.B02
Reading graphs...
50 :  150
50 :  150
Initializing...
maxdom : 14
D->valSize : 375
Solving...
Blb : 2 (clique : 24)
currentSize : 24 <-- 0.002795 s
currentSize : 25 <-- 0.002969 s
currentSize : 26 <-- 0.003298 s
currentSize : 27 <-- 0.003391 s
currentSize : 28 <-- 0.003596 s
currentSize : 29 <-- 0.007866 s
currentSize : 30 <-- 0.008049 s
currentSize : 31 <-- 0.008203 s
currentSize : 32 <-- 0.008388 s
currentSize : 35 <-- 0.400747 s

maxsize : 35
nodes : 91337.000000
filtered : 1035594.000000
time : 0.441734
