Parameters: GAD=1 vflib=1 dir=0 label=0 vlabel=1 lowerbound=1 fileNameGp=../../cp2016-max-common-connected-subgraph-paper/datasets/graphsdb/mcs70/bvg/b06/mcs70_b06_s80.A07 fileNameGt=../../cp2016-max-common-connected-subgraph-paper/datasets/graphsdb/mcs70/bvg/b06/mcs70_b06_s80.B07
Reading graphs...
80 :  239
80 :  239
Initializing...
maxdom : 11
D->valSize : 493
Solving...
Blb : 2 (clique : 26)
currentSize : 26 <-- 0.005257 s
currentSize : 27 <-- 0.005504 s
currentSize : 29 <-- 0.005565 s
currentSize : 30 <-- 0.005708 s
currentSize : 31 <-- 0.007516 s
currentSize : 32 <-- 0.066029 s
currentSize : 33 <-- 0.066385 s
currentSize : 34 <-- 0.066993 s
currentSize : 35 <-- 0.068490 s
currentSize : 36 <-- 0.430520 s
currentSize : 37 <-- 5.886850 s
currentSize : 42 <-- 6.189629 s
currentSize : 43 <-- 6.189861 s
currentSize : 47 <-- 10.550736 s
currentSize : 48 <-- 10.550954 s
currentSize : 50 <-- 10.631157 s
currentSize : 51 <-- 10.765766 s
currentSize : 52 <-- 16.890079 s
currentSize : 53 <-- 16.890261 s
currentSize : 55 <-- 16.955059 s
currentSize : 56 <-- 16.955238 s

maxsize : 56
nodes : 3537776.000000
filtered : 27022224.000000
time : 19.290209
