Parameters: GAD=1 vflib=1 dir=0 label=0 vlabel=1 lowerbound=1 fileNameGp=../../cp2016-max-common-connected-subgraph-paper/datasets/graphsdb/mcs70/bvg/b03/mcs70_b03_s100.A09 fileNameGt=../../cp2016-max-common-connected-subgraph-paper/datasets/graphsdb/mcs70/bvg/b03/mcs70_b03_s100.B09
Reading graphs...
100 :  150
100 :  150
Initializing...
maxdom : 6
D->valSize : 368
Solving...
Blb : 2 (clique : 48)
currentSize : 48 <-- 0.004206 s
currentSize : 49 <-- 0.020811 s
currentSize : 50 <-- 0.025297 s
currentSize : 51 <-- 1.327286 s
currentSize : 52 <-- 1.336076 s
currentSize : 53 <-- 20.236471 s
currentSize : 55 <-- 20.238377 s
currentSize : 56 <-- 20.238541 s
currentSize : 57 <-- 52.055119 s
currentSize : 58 <-- 52.293335 s
currentSize : 59 <-- 236.285980 s
currentSize : 60 <-- 310.976990 s
currentSize : 61 <-- 311.428680 s
currentSize : 62 <-- 311.450836 s
currentSize : 63 <-- 685.352722 s
currentSize : 64 <-- 712.494812 s
currentSize : 65 <-- 712.662720 s
currentSize : 66 <-- 712.726562 s

TIMEOUT
maxsize : 66
nodes : 219964226.000000
filtered : 450779442.000000
time : 1000.000122
