Parameters: GAD=1 vflib=1 dir=0 label=0 vlabel=1 lowerbound=1 fileNameGp=../../cp2016-max-common-connected-subgraph-paper/datasets/graphsdb/mcs70/m2D/m2Dr2/mcs70_m2Dr2_s70.A03 fileNameGt=../../cp2016-max-common-connected-subgraph-paper/datasets/graphsdb/mcs70/m2D/m2Dr2/mcs70_m2Dr2_s70.B03
Reading graphs...
70 :  135
70 :  135
Initializing...
maxdom : 7
D->valSize : 335
Solving...
Blb : 2 (clique : 33)
currentSize : 33 <-- 0.002975 s
currentSize : 35 <-- 0.003180 s
currentSize : 36 <-- 0.070198 s
currentSize : 37 <-- 1.191588 s
currentSize : 38 <-- 3.280899 s
currentSize : 39 <-- 3.283231 s
currentSize : 40 <-- 3.308010 s
currentSize : 41 <-- 3.308895 s
currentSize : 42 <-- 9.059866 s
currentSize : 43 <-- 9.060024 s
currentSize : 44 <-- 12.847582 s
currentSize : 45 <-- 12.847966 s
currentSize : 46 <-- 18.819233 s
currentSize : 47 <-- 18.819431 s
currentSize : 48 <-- 19.778534 s
currentSize : 49 <-- 19.778780 s

maxsize : 49
nodes : 4866292.000000
filtered : 23428374.000000
time : 22.261440
