Parameters: GAD=1 vflib=1 dir=0 label=0 vlabel=1 lowerbound=1 fileNameGp=../../cp2016-max-common-connected-subgraph-paper/datasets/graphsdb/mcs70/m2D/m2Dr6/mcs70_m2Dr6_s90.A03 fileNameGt=../../cp2016-max-common-connected-subgraph-paper/datasets/graphsdb/mcs70/m2D/m2Dr6/mcs70_m2Dr6_s90.B03
Reading graphs...
90 :  213
90 :  213
Initializing...
maxdom : 9
D->valSize : 564
Solving...
Blb : 2 (clique : 33)
currentSize : 33 <-- 0.011111 s
currentSize : 34 <-- 0.012049 s
currentSize : 35 <-- 0.012329 s
currentSize : 36 <-- 0.015442 s
currentSize : 37 <-- 0.017702 s
currentSize : 38 <-- 0.029987 s
currentSize : 39 <-- 0.060088 s
currentSize : 40 <-- 0.127358 s
currentSize : 41 <-- 1.400717 s
currentSize : 42 <-- 2.449092 s
currentSize : 43 <-- 6.367213 s
currentSize : 44 <-- 6.368083 s
currentSize : 45 <-- 52.131386 s
currentSize : 46 <-- 52.611912 s
currentSize : 47 <-- 52.653770 s
currentSize : 48 <-- 120.613091 s
currentSize : 49 <-- 120.618851 s
currentSize : 50 <-- 224.512299 s
currentSize : 52 <-- 635.258606 s
currentSize : 53 <-- 635.258850 s
currentSize : 54 <-- 857.518677 s

TIMEOUT
maxsize : 54
nodes : 185410041.000000
filtered : 1149563162.000000
time : 1000.000122
