Parameters: GAD=1 vflib=1 dir=0 label=0 vlabel=1 lowerbound=1 fileNameGp=../../cp2016-max-common-connected-subgraph-paper/datasets/graphsdb/mcs70/m3D/m3Dr4/mcs70_m3Dr4_s100.A05 fileNameGt=../../cp2016-max-common-connected-subgraph-paper/datasets/graphsdb/mcs70/m3D/m3Dr4/mcs70_m3Dr4_s100.B05
Reading graphs...
100 :  273
100 :  272
Initializing...
maxdom : 7
D->valSize : 369
Solving...
Blb : 3 (clique : 44)
currentSize : 44 <-- 0.006545 s
currentSize : 45 <-- 0.008525 s
currentSize : 47 <-- 0.128484 s
currentSize : 48 <-- 16.621704 s
currentSize : 49 <-- 16.635221 s
currentSize : 51 <-- 16.677258 s
currentSize : 52 <-- 18.001400 s
currentSize : 54 <-- 24.492935 s
currentSize : 55 <-- 24.562574 s
currentSize : 56 <-- 24.572056 s
currentSize : 57 <-- 26.313339 s
currentSize : 58 <-- 29.947111 s
currentSize : 59 <-- 34.781796 s
currentSize : 60 <-- 42.725231 s
currentSize : 61 <-- 47.950314 s
currentSize : 62 <-- 48.877853 s
currentSize : 63 <-- 48.900864 s
currentSize : 64 <-- 90.323547 s

maxsize : 64
nodes : 65818049.000000
filtered : 245625718.000000
time : 346.690430
