Parameters: GAD=1 vflib=1 dir=0 label=0 vlabel=1 lowerbound=1 fileNameGp=../../cp2016-max-common-connected-subgraph-paper/datasets/graphsdb/mcs70/m3D/m3Dr2/mcs70_m3Dr2_s100.A06 fileNameGt=../../cp2016-max-common-connected-subgraph-paper/datasets/graphsdb/mcs70/m3D/m3Dr2/mcs70_m3Dr2_s100.B06
Reading graphs...
100 :  254
100 :  254
Initializing...
maxdom : 8
D->valSize : 394
Solving...
Blb : 2 (clique : 41)
currentSize : 41 <-- 0.004249 s
currentSize : 42 <-- 0.004656 s
currentSize : 43 <-- 0.005169 s
currentSize : 44 <-- 0.007420 s
currentSize : 45 <-- 0.008324 s
currentSize : 46 <-- 0.008517 s
currentSize : 47 <-- 0.021701 s
currentSize : 48 <-- 0.021895 s
currentSize : 49 <-- 0.051235 s
currentSize : 50 <-- 0.091902 s
currentSize : 52 <-- 0.092011 s
currentSize : 54 <-- 0.101930 s
currentSize : 55 <-- 0.216306 s
currentSize : 57 <-- 0.216439 s
currentSize : 59 <-- 0.227005 s
currentSize : 60 <-- 4.318971 s
currentSize : 62 <-- 4.319200 s
currentSize : 64 <-- 4.321940 s

TIMEOUT
maxsize : 64
nodes : 190973383.000000
filtered : 715077812.000000
time : 1000.000122
