Parameters: GAD=1 vflib=1 dir=0 label=0 vlabel=1 lowerbound=1 fileNameGp=../../cp2016-max-common-connected-subgraph-paper/datasets/graphsdb/mcs70/m2D/m2D/mcs70_m2D_s70.A06 fileNameGt=../../cp2016-max-common-connected-subgraph-paper/datasets/graphsdb/mcs70/m2D/m2D/mcs70_m2D_s70.B06
Reading graphs...
70 :  123
70 :  123
Initializing...
maxdom : 8
D->valSize : 365
Solving...
Blb : 5 (clique : 30)
currentSize : 30 <-- 0.003178 s
currentSize : 31 <-- 0.003757 s
currentSize : 32 <-- 0.004053 s
currentSize : 33 <-- 0.932341 s
currentSize : 34 <-- 2.064750 s
currentSize : 37 <-- 3.188095 s
currentSize : 38 <-- 3.189287 s
currentSize : 39 <-- 5.595154 s
currentSize : 40 <-- 5.671809 s
currentSize : 41 <-- 13.644768 s
currentSize : 42 <-- 21.845743 s
currentSize : 43 <-- 21.845873 s
currentSize : 44 <-- 44.105877 s
currentSize : 46 <-- 47.847004 s
currentSize : 48 <-- 47.921585 s
currentSize : 50 <-- 59.816513 s

maxsize : 50
nodes : 15716191.000000
filtered : 77049746.000000
time : 72.813881
