Parameters: GAD=1 vflib=1 dir=0 label=0 vlabel=1 lowerbound=1 fileNameGp=../../cp2016-max-common-connected-subgraph-paper/datasets/graphsdb/mcs70/m2D/m2Dr4/mcs70_m2Dr4_s90.A02 fileNameGt=../../cp2016-max-common-connected-subgraph-paper/datasets/graphsdb/mcs70/m2D/m2Dr4/mcs70_m2Dr4_s90.B02
Reading graphs...
90 :  195
90 :  194
Initializing...
maxdom : 9
D->valSize : 582
Solving...
Blb : 2 (clique : 41)
currentSize : 41 <-- 0.007096 s
currentSize : 42 <-- 0.007437 s
currentSize : 44 <-- 0.007722 s
currentSize : 45 <-- 0.012632 s
currentSize : 46 <-- 0.090927 s
currentSize : 47 <-- 0.142543 s
currentSize : 48 <-- 0.145949 s
currentSize : 50 <-- 0.813921 s
currentSize : 51 <-- 0.814490 s
currentSize : 52 <-- 0.815623 s
currentSize : 53 <-- 1.184537 s
currentSize : 54 <-- 1.578959 s
currentSize : 55 <-- 1.660559 s
currentSize : 56 <-- 1.660817 s
currentSize : 57 <-- 1.699457 s
currentSize : 60 <-- 5.104709 s
currentSize : 62 <-- 5.115703 s
currentSize : 63 <-- 5.119258 s
currentSize : 64 <-- 347.678162 s
currentSize : 65 <-- 347.683899 s

TIMEOUT
maxsize : 65
nodes : 189797440.000000
filtered : 1037811176.000000
time : 1000.000122
