Parameters: GAD=1 vflib=1 dir=0 label=0 vlabel=1 lowerbound=1 fileNameGp=../../cp2016-max-common-connected-subgraph-paper/datasets/graphsdb/mcs70/rand/r005/mcs70_r005_s60.A05 fileNameGt=../../cp2016-max-common-connected-subgraph-paper/datasets/graphsdb/mcs70/rand/r005/mcs70_r005_s60.B05
Reading graphs...
60 :  171
60 :  172
Initializing...
maxdom : 7
D->valSize : 238
Solving...
Blb : 5 (clique : 19)
currentSize : 19 <-- 0.001734 s
currentSize : 20 <-- 0.001879 s
currentSize : 21 <-- 0.002013 s
currentSize : 22 <-- 0.002083 s
currentSize : 23 <-- 0.019185 s
currentSize : 24 <-- 0.055749 s
currentSize : 25 <-- 0.057662 s
currentSize : 26 <-- 0.191793 s
currentSize : 27 <-- 0.191917 s
currentSize : 28 <-- 0.192067 s
currentSize : 29 <-- 0.447529 s
currentSize : 30 <-- 0.631634 s
currentSize : 31 <-- 0.632137 s
currentSize : 34 <-- 0.792642 s
currentSize : 37 <-- 0.856051 s
currentSize : 38 <-- 0.856505 s
currentSize : 42 <-- 0.856627 s

maxsize : 42
nodes : 189351.000000
filtered : 1062110.000000
time : 0.865051
