Parameters: GAD=1 vflib=1 dir=0 label=0 vlabel=1 lowerbound=1 fileNameGp=../../cp2016-max-common-connected-subgraph-paper/datasets/graphsdb/mcs70/bvg/b09/mcs70_b09_s50.A01 fileNameGt=../../cp2016-max-common-connected-subgraph-paper/datasets/graphsdb/mcs70/bvg/b09/mcs70_b09_s50.B01
Reading graphs...
50 :  221
50 :  223
Initializing...
maxdom : 9
D->valSize : 332
Solving...
Blb : 2 (clique : 15)
currentSize : 15 <-- 0.002518 s
currentSize : 16 <-- 0.006396 s
currentSize : 17 <-- 0.021177 s
currentSize : 20 <-- 0.021439 s
currentSize : 21 <-- 0.035097 s
currentSize : 22 <-- 0.035173 s
currentSize : 23 <-- 0.050407 s
currentSize : 24 <-- 0.050484 s
currentSize : 25 <-- 0.195804 s
currentSize : 34 <-- 0.196742 s

maxsize : 34
nodes : 43409.000000
filtered : 490696.000000
time : 0.212007
