Parameters: GAD=1 vflib=1 dir=0 label=0 vlabel=1 lowerbound=1 fileNameGp=../../cp2016-max-common-connected-subgraph-paper/datasets/graphsdb/mcs70/bvg/b03/mcs70_b03_s90.A02 fileNameGt=../../cp2016-max-common-connected-subgraph-paper/datasets/graphsdb/mcs70/bvg/b03/mcs70_b03_s90.B02
Reading graphs...
90 :  135
90 :  135
Initializing...
maxdom : 11
D->valSize : 571
Solving...
Blb : 2 (clique : 38)
currentSize : 38 <-- 0.012129 s
currentSize : 39 <-- 0.023459 s
currentSize : 40 <-- 0.092694 s
currentSize : 41 <-- 1.650767 s
currentSize : 42 <-- 1.700738 s
currentSize : 43 <-- 1.841294 s
currentSize : 44 <-- 67.372643 s
currentSize : 45 <-- 327.144775 s
currentSize : 46 <-- 854.981140 s

TIMEOUT
maxsize : 46
nodes : 176227463.000000
filtered : 1237802060.000000
time : 1000.000122
