Parameters: GAD=1 vflib=1 dir=0 label=0 vlabel=1 lowerbound=1 fileNameGp=../../cp2016-max-common-connected-subgraph-paper/datasets/graphsdb/mcs70/rand/r01/mcs70_r01_s90.A08 fileNameGt=../../cp2016-max-common-connected-subgraph-paper/datasets/graphsdb/mcs70/rand/r01/mcs70_r01_s90.B08
Reading graphs...
90 :  767
90 :  765
Initializing...
maxdom : 9
D->valSize : 528
Solving...
Blb : 2 (clique : 16)
currentSize : 16 <-- 0.005841 s
currentSize : 17 <-- 0.006312 s
currentSize : 18 <-- 0.007839 s
currentSize : 19 <-- 0.009056 s
currentSize : 20 <-- 0.044834 s
currentSize : 21 <-- 0.311009 s
currentSize : 22 <-- 0.311069 s
currentSize : 23 <-- 0.356157 s
currentSize : 25 <-- 0.712443 s
currentSize : 30 <-- 0.827145 s
currentSize : 32 <-- 0.827289 s
currentSize : 35 <-- 1.312596 s
currentSize : 36 <-- 1.511328 s
currentSize : 38 <-- 1.575097 s
currentSize : 46 <-- 1.575325 s
currentSize : 52 <-- 1.977200 s
currentSize : 63 <-- 2.061852 s

maxsize : 63
nodes : 313107.000000
filtered : 3306022.000000
time : 2.106657
