Parameters: GAD=1 vflib=1 dir=0 label=0 vlabel=1 lowerbound=1 fileNameGp=../../cp2016-max-common-connected-subgraph-paper/datasets/graphsdb/mcs70/bvg/b09m/mcs70_b09m_s35.A07 fileNameGt=../../cp2016-max-common-connected-subgraph-paper/datasets/graphsdb/mcs70/bvg/b09m/mcs70_b09m_s35.B07
Reading graphs...
35 :  148
35 :  149
Initializing...
maxdom : 8
D->valSize : 175
Solving...
Blb : 2 (clique : 9)
currentSize : 9 <-- 0.000931 s
currentSize : 10 <-- 0.001022 s
currentSize : 11 <-- 0.001087 s
currentSize : 12 <-- 0.001157 s
currentSize : 14 <-- 0.001193 s
currentSize : 15 <-- 0.006810 s
currentSize : 17 <-- 0.006916 s
currentSize : 18 <-- 0.006983 s
currentSize : 21 <-- 0.007017 s
currentSize : 22 <-- 0.007123 s
currentSize : 24 <-- 0.007418 s

maxsize : 24
nodes : 2008.000000
filtered : 18086.000000
time : 0.008594
