Parameters: GAD=1 vflib=1 dir=0 label=0 vlabel=1 lowerbound=1 fileNameGp=../../cp2016-max-common-connected-subgraph-paper/datasets/graphsdb/mcs70/m2D/m2Dr4/mcs70_m2Dr4_s80.A03 fileNameGt=../../cp2016-max-common-connected-subgraph-paper/datasets/graphsdb/mcs70/m2D/m2Dr4/mcs70_m2Dr4_s80.B03
Reading graphs...
80 :  174
80 :  174
Initializing...
maxdom : 10
D->valSize : 422
Solving...
Blb : 3 (clique : 38)
currentSize : 38 <-- 0.004545 s
currentSize : 41 <-- 0.005196 s
currentSize : 42 <-- 0.008891 s
currentSize : 46 <-- 0.018793 s
currentSize : 47 <-- 0.025463 s
currentSize : 48 <-- 70.843987 s
currentSize : 49 <-- 105.273827 s
currentSize : 50 <-- 105.274033 s

maxsize : 50
nodes : 42309258.000000
filtered : 234366586.000000
time : 215.207596
