Parameters: GAD=1 vflib=1 dir=0 label=0 vlabel=1 lowerbound=1 fileNameGp=../../cp2016-max-common-connected-subgraph-paper/datasets/graphsdb/mcs70/bvg/b09/mcs70_b09_s100.A09 fileNameGt=../../cp2016-max-common-connected-subgraph-paper/datasets/graphsdb/mcs70/bvg/b09/mcs70_b09_s100.B09
Reading graphs...
100 :  448
100 :  447
Initializing...
maxdom : 8
D->valSize : 380
Solving...
Blb : 2 (clique : 42)
currentSize : 42 <-- 0.003951 s
currentSize : 43 <-- 0.004486 s
currentSize : 44 <-- 0.168285 s
currentSize : 45 <-- 2.563063 s
currentSize : 46 <-- 10.184945 s
currentSize : 49 <-- 10.682264 s
currentSize : 53 <-- 11.306280 s
currentSize : 54 <-- 11.411228 s
currentSize : 58 <-- 12.749537 s
currentSize : 61 <-- 14.442547 s
currentSize : 63 <-- 14.442830 s
currentSize : 64 <-- 14.831616 s
currentSize : 68 <-- 14.831918 s
currentSize : 70 <-- 14.832221 s

maxsize : 70
nodes : 2690500.000000
filtered : 13167269.000000
time : 14.893855
