Parameters: GAD=1 vflib=1 dir=0 label=0 vlabel=1 lowerbound=1 fileNameGp=../../cp2016-max-common-connected-subgraph-paper/datasets/graphsdb/mcs70/bvg/b09m/mcs70_b09m_s50.A02 fileNameGt=../../cp2016-max-common-connected-subgraph-paper/datasets/graphsdb/mcs70/bvg/b09m/mcs70_b09m_s50.B02
Reading graphs...
50 :  221
50 :  221
Initializing...
maxdom : 10
D->valSize : 340
Solving...
Blb : 3 (clique : 14)
currentSize : 14 <-- 0.002398 s
currentSize : 15 <-- 0.002568 s
currentSize : 16 <-- 0.004522 s
currentSize : 17 <-- 0.008717 s
currentSize : 19 <-- 0.011419 s
currentSize : 20 <-- 0.033961 s
currentSize : 24 <-- 0.038933 s
currentSize : 25 <-- 0.185854 s
currentSize : 26 <-- 0.185926 s
currentSize : 34 <-- 0.231098 s

maxsize : 34
nodes : 50685.000000
filtered : 539255.000000
time : 0.263281
