Parameters: GAD=1 vflib=1 dir=0 label=0 vlabel=1 lowerbound=1 fileNameGp=../../cp2016-max-common-connected-subgraph-paper/datasets/graphsdb/mcs70/bvg/b06m/mcs70_b06m_s90.A04 fileNameGt=../../cp2016-max-common-connected-subgraph-paper/datasets/graphsdb/mcs70/bvg/b06m/mcs70_b06m_s90.B04
Reading graphs...
90 :  268
90 :  267
Initializing...
maxdom : 9
D->valSize : 529
Solving...
Blb : 2 (clique : 36)
currentSize : 36 <-- 0.006154 s
currentSize : 37 <-- 0.006786 s
currentSize : 38 <-- 0.007159 s
currentSize : 39 <-- 0.007373 s
currentSize : 41 <-- 0.008018 s
currentSize : 43 <-- 0.008494 s
currentSize : 44 <-- 0.009004 s
currentSize : 46 <-- 0.009469 s
currentSize : 50 <-- 0.045493 s
currentSize : 55 <-- 0.046009 s
currentSize : 60 <-- 0.069497 s
currentSize : 62 <-- 0.186505 s
currentSize : 63 <-- 1.542709 s

maxsize : 63
nodes : 480018.000000
filtered : 3589647.000000
time : 3.009831
