Parameters: GAD=1 vflib=1 dir=0 label=0 vlabel=1 lowerbound=1 fileNameGp=../../cp2016-max-common-connected-subgraph-paper/datasets/graphsdb/mcs70/m2D/m2Dr4/mcs70_m2Dr4_s80.A05 fileNameGt=../../cp2016-max-common-connected-subgraph-paper/datasets/graphsdb/mcs70/m2D/m2Dr4/mcs70_m2Dr4_s80.B05
Reading graphs...
80 :  173
80 :  172
Initializing...
maxdom : 8
D->valSize : 426
Solving...
Blb : 2 (clique : 33)
currentSize : 33 <-- 0.004312 s
currentSize : 34 <-- 0.358013 s
currentSize : 35 <-- 6.306550 s
currentSize : 36 <-- 6.690353 s
currentSize : 37 <-- 59.882660 s
currentSize : 38 <-- 191.180557 s
currentSize : 39 <-- 192.858032 s
currentSize : 40 <-- 194.642944 s
currentSize : 41 <-- 233.392807 s
currentSize : 42 <-- 233.734238 s
currentSize : 43 <-- 281.259094 s
currentSize : 44 <-- 566.673584 s
currentSize : 45 <-- 567.049438 s
currentSize : 46 <-- 585.028748 s
currentSize : 47 <-- 615.013306 s
currentSize : 48 <-- 900.925476 s
currentSize : 49 <-- 900.942749 s
currentSize : 50 <-- 901.205994 s

TIMEOUT
maxsize : 50
nodes : 180599997.000000
filtered : 1557145159.000000
time : 1000.000061
