Parameters: GAD=1 vflib=1 dir=0 label=0 vlabel=1 lowerbound=1 fileNameGp=../../cp2016-max-common-connected-subgraph-paper/datasets/graphsdb/mcs70/m2D/m2Dr2/mcs70_m2Dr2_s80.A09 fileNameGt=../../cp2016-max-common-connected-subgraph-paper/datasets/graphsdb/mcs70/m2D/m2Dr2/mcs70_m2Dr2_s80.B09
Reading graphs...
80 :  158
80 :  158
Initializing...
maxdom : 8
D->valSize : 424
Solving...
Blb : 5 (clique : 31)
currentSize : 31 <-- 0.004382 s
currentSize : 32 <-- 0.015291 s
currentSize : 33 <-- 0.023176 s
currentSize : 34 <-- 0.024453 s
currentSize : 35 <-- 0.029944 s
currentSize : 36 <-- 4.162593 s
currentSize : 37 <-- 4.162803 s
currentSize : 38 <-- 4.187413 s
currentSize : 39 <-- 4.854325 s
currentSize : 40 <-- 25.945221 s
currentSize : 41 <-- 28.091228 s
currentSize : 42 <-- 28.091492 s
currentSize : 43 <-- 28.094696 s
currentSize : 44 <-- 39.890064 s
currentSize : 45 <-- 80.410172 s
currentSize : 46 <-- 91.249832 s
currentSize : 47 <-- 91.252640 s
currentSize : 48 <-- 115.401169 s
currentSize : 49 <-- 157.965317 s

maxsize : 49
nodes : 31742235.000000
filtered : 228884178.000000
time : 174.928391
