Parameters: GAD=1 vflib=1 dir=0 label=0 vlabel=1 lowerbound=1 fileNameGp=../../cp2016-max-common-connected-subgraph-paper/datasets/graphsdb/mcs70/rand/r01/mcs70_r01_s70.A04 fileNameGt=../../cp2016-max-common-connected-subgraph-paper/datasets/graphsdb/mcs70/rand/r01/mcs70_r01_s70.B04
Reading graphs...
70 :  457
70 :  458
Initializing...
maxdom : 8
D->valSize : 350
Solving...
Blb : 3 (clique : 18)
currentSize : 18 <-- 0.004543 s
currentSize : 19 <-- 0.006470 s
currentSize : 20 <-- 0.044349 s
currentSize : 21 <-- 0.047617 s
currentSize : 22 <-- 0.058287 s
currentSize : 23 <-- 0.058336 s
currentSize : 26 <-- 0.119835 s
currentSize : 27 <-- 0.120629 s
currentSize : 28 <-- 0.237448 s
currentSize : 29 <-- 0.300652 s
currentSize : 33 <-- 0.300968 s
currentSize : 38 <-- 0.342813 s
currentSize : 39 <-- 0.356552 s
currentSize : 49 <-- 0.356970 s

maxsize : 49
nodes : 67225.000000
filtered : 544082.000000
time : 0.383091
