Parameters: GAD=1 vflib=1 dir=0 label=0 vlabel=1 lowerbound=1 fileNameGp=../../cp2016-max-common-connected-subgraph-paper/datasets/graphsdb/mcs70/m2D/m2Dr2/mcs70_m2Dr2_s90.A06 fileNameGt=../../cp2016-max-common-connected-subgraph-paper/datasets/graphsdb/mcs70/m2D/m2Dr2/mcs70_m2Dr2_s90.B06
Reading graphs...
90 :  178
90 :  177
Initializing...
maxdom : 10
D->valSize : 549
Solving...
Blb : 2 (clique : 49)
currentSize : 49 <-- 0.006723 s
currentSize : 52 <-- 0.007085 s
currentSize : 53 <-- 0.010347 s
currentSize : 54 <-- 1.035053 s
currentSize : 55 <-- 1.078148 s
currentSize : 56 <-- 5.406718 s
currentSize : 57 <-- 5.408208 s
currentSize : 58 <-- 60.697960 s
currentSize : 59 <-- 60.701504 s
currentSize : 60 <-- 62.326920 s
currentSize : 61 <-- 628.858398 s
currentSize : 62 <-- 628.876953 s
currentSize : 64 <-- 628.877258 s
currentSize : 66 <-- 631.437622 s

maxsize : 66
nodes : 118299799.000000
filtered : 741999704.000000
time : 673.821777
