Parameters: GAD=1 vflib=1 dir=0 label=0 vlabel=1 lowerbound=1 fileNameGp=../../cp2016-max-common-connected-subgraph-paper/datasets/graphsdb/mcs70/rand/r01/mcs70_r01_s70.A03 fileNameGt=../../cp2016-max-common-connected-subgraph-paper/datasets/graphsdb/mcs70/rand/r01/mcs70_r01_s70.B03
Reading graphs...
70 :  454
70 :  451
Initializing...
maxdom : 9
D->valSize : 340
Solving...
Blb : 5 (clique : 14)
currentSize : 14 <-- 0.002772 s
currentSize : 15 <-- 0.004640 s
currentSize : 16 <-- 0.004782 s
currentSize : 17 <-- 0.004967 s
currentSize : 18 <-- 0.007278 s
currentSize : 24 <-- 0.008593 s
currentSize : 25 <-- 0.015427 s
currentSize : 27 <-- 0.015675 s
currentSize : 31 <-- 0.016436 s
currentSize : 33 <-- 0.016558 s
currentSize : 38 <-- 0.023368 s
currentSize : 49 <-- 0.025839 s

maxsize : 49
nodes : 6396.000000
filtered : 52558.000000
time : 0.035723
