Parameters: GAD=1 vflib=1 dir=0 label=0 vlabel=1 lowerbound=1 fileNameGp=../../cp2016-max-common-connected-subgraph-paper/datasets/graphsdb/mcs70/rand/r02/mcs70_r02_s90.A00 fileNameGt=../../cp2016-max-common-connected-subgraph-paper/datasets/graphsdb/mcs70/rand/r02/mcs70_r02_s90.B00
Reading graphs...
90 :  1435
90 :  1448
Initializing...
maxdom : 8
D->valSize : 556
Solving...
Blb : 5 (clique : 10)
currentSize : 10 <-- 0.009525 s
currentSize : 11 <-- 0.009782 s
currentSize : 12 <-- 0.010283 s
currentSize : 13 <-- 0.010582 s
currentSize : 15 <-- 0.025979 s
currentSize : 16 <-- 0.026158 s
currentSize : 17 <-- 0.026665 s
currentSize : 18 <-- 0.028134 s
currentSize : 20 <-- 0.028307 s
currentSize : 21 <-- 0.029600 s
currentSize : 25 <-- 0.029799 s
currentSize : 30 <-- 0.050344 s
currentSize : 37 <-- 0.053119 s
currentSize : 42 <-- 0.767266 s
currentSize : 63 <-- 0.782722 s

maxsize : 63
nodes : 88050.000000
filtered : 1752393.000000
time : 0.804985
