Parameters: GAD=1 vflib=1 dir=0 label=0 vlabel=1 lowerbound=1 fileNameGp=../../cp2016-max-common-connected-subgraph-paper/datasets/graphsdb/mcs70/m3D/m3Dr2/mcs70_m3Dr2_s90.A06 fileNameGt=../../cp2016-max-common-connected-subgraph-paper/datasets/graphsdb/mcs70/m3D/m3Dr2/mcs70_m3Dr2_s90.B06
Reading graphs...
90 :  226
90 :  226
Initializing...
maxdom : 11
D->valSize : 544
Solving...
Blb : 2 (clique : 48)
currentSize : 48 <-- 0.006412 s
currentSize : 49 <-- 0.006894 s
currentSize : 52 <-- 0.007038 s
currentSize : 53 <-- 0.007363 s
currentSize : 54 <-- 0.007771 s
currentSize : 55 <-- 0.021818 s
currentSize : 56 <-- 0.022295 s
currentSize : 57 <-- 0.022833 s
currentSize : 58 <-- 0.023340 s
currentSize : 60 <-- 0.081164 s
currentSize : 61 <-- 0.081683 s
currentSize : 63 <-- 0.092528 s
currentSize : 65 <-- 0.092798 s

maxsize : 65
nodes : 5037434.000000
filtered : 41338557.000000
time : 30.520966
