Parameters: GAD=1 vflib=1 dir=0 label=0 vlabel=1 lowerbound=1 fileNameGp=../../cp2016-max-common-connected-subgraph-paper/datasets/graphsdb/mcs70/m2D/m2Dr6/mcs70_m2Dr6_s35.A07 fileNameGt=../../cp2016-max-common-connected-subgraph-paper/datasets/graphsdb/mcs70/m2D/m2Dr6/mcs70_m2Dr6_s35.B07
Reading graphs...
35 :  74
35 :  76
Initializing...
maxdom : 7
D->valSize : 163
Solving...
Blb : 2 (clique : 14)
currentSize : 14 <-- 0.001022 s
currentSize : 15 <-- 0.001113 s
currentSize : 16 <-- 0.001392 s
currentSize : 17 <-- 0.002197 s
currentSize : 18 <-- 0.018762 s
currentSize : 19 <-- 0.029667 s
currentSize : 20 <-- 0.029851 s
currentSize : 21 <-- 0.030239 s
currentSize : 22 <-- 0.030541 s
currentSize : 25 <-- 0.045169 s

maxsize : 25
nodes : 13437.000000
filtered : 83549.000000
time : 0.048339
