Parameters: GAD=1 vflib=1 dir=0 label=0 vlabel=1 lowerbound=1 fileNameGp=../../cp2016-max-common-connected-subgraph-paper/datasets/graphsdb/mcs70/rand/r01/mcs70_r01_s90.A07 fileNameGt=../../cp2016-max-common-connected-subgraph-paper/datasets/graphsdb/mcs70/rand/r01/mcs70_r01_s90.B07
Reading graphs...
90 :  755
90 :  756
Initializing...
maxdom : 11
D->valSize : 565
Solving...
Blb : 2 (clique : 16)
currentSize : 16 <-- 0.007484 s
currentSize : 17 <-- 0.007813 s
currentSize : 18 <-- 0.007944 s
currentSize : 19 <-- 0.018344 s
currentSize : 20 <-- 0.140445 s
currentSize : 21 <-- 0.306357 s
currentSize : 22 <-- 0.322826 s
currentSize : 23 <-- 0.327908 s
currentSize : 24 <-- 0.330780 s
currentSize : 27 <-- 0.351290 s
currentSize : 28 <-- 0.657063 s
currentSize : 31 <-- 0.657349 s
currentSize : 37 <-- 0.717964 s
currentSize : 38 <-- 1.448033 s
currentSize : 47 <-- 1.565590 s
currentSize : 63 <-- 1.631111 s

maxsize : 63
nodes : 234672.000000
filtered : 2815980.000000
time : 1.698311
