Parameters: GAD=1 vflib=1 dir=0 label=0 vlabel=1 lowerbound=1 fileNameGp=../../cp2016-max-common-connected-subgraph-paper/datasets/graphsdb/mcs70/m2D/m2D/mcs70_m2D_s80.A05 fileNameGt=../../cp2016-max-common-connected-subgraph-paper/datasets/graphsdb/mcs70/m2D/m2D/mcs70_m2D_s80.B05
Reading graphs...
80 :  142
80 :  142
Initializing...
maxdom : 9
D->valSize : 420
Solving...
Blb : 2 (clique : 33)
currentSize : 33 <-- 0.004279 s
currentSize : 34 <-- 0.028211 s
currentSize : 35 <-- 0.040553 s
currentSize : 36 <-- 0.153308 s
currentSize : 37 <-- 0.252527 s
currentSize : 38 <-- 1.071591 s
currentSize : 39 <-- 3.277759 s
currentSize : 40 <-- 3.277848 s
currentSize : 41 <-- 297.111633 s
currentSize : 42 <-- 496.396393 s

TIMEOUT
maxsize : 42
nodes : 171430632.000000
filtered : 1415888567.000000
time : 1000.000061
