Parameters: GAD=1 vflib=1 dir=0 label=0 vlabel=1 lowerbound=1 fileNameGp=../../cp2016-max-common-connected-subgraph-paper/datasets/graphsdb/mcs70/bvg/b06m/mcs70_b06m_s90.A08 fileNameGt=../../cp2016-max-common-connected-subgraph-paper/datasets/graphsdb/mcs70/bvg/b06m/mcs70_b06m_s90.B08
Reading graphs...
90 :  269
90 :  269
Initializing...
maxdom : 12
D->valSize : 584
Solving...
Blb : 2 (clique : 44)
currentSize : 44 <-- 0.011987 s
currentSize : 48 <-- 0.015483 s
currentSize : 50 <-- 0.057355 s
currentSize : 52 <-- 0.057522 s
currentSize : 53 <-- 0.057928 s
currentSize : 55 <-- 0.058266 s
currentSize : 57 <-- 0.072500 s
currentSize : 58 <-- 0.074731 s
currentSize : 61 <-- 0.075265 s
currentSize : 63 <-- 0.104556 s
currentSize : 64 <-- 0.106737 s

maxsize : 64
nodes : 3135480.000000
filtered : 30047934.000000
time : 20.269844
