Parameters: GAD=1 vflib=1 dir=0 label=0 vlabel=1 lowerbound=1 fileNameGp=../../cp2016-max-common-connected-subgraph-paper/datasets/graphsdb/mcs70/m3D/m3Dr4/mcs70_m3Dr4_s90.A05 fileNameGt=../../cp2016-max-common-connected-subgraph-paper/datasets/graphsdb/mcs70/m3D/m3Dr4/mcs70_m3Dr4_s90.B05
Reading graphs...
90 :  244
90 :  243
Initializing...
maxdom : 11
D->valSize : 555
Solving...
Blb : 2 (clique : 46)
currentSize : 46 <-- 0.011017 s
currentSize : 47 <-- 3.122390 s
currentSize : 48 <-- 3.122683 s
currentSize : 49 <-- 3.128529 s
currentSize : 50 <-- 11.176149 s
currentSize : 51 <-- 11.176924 s
currentSize : 52 <-- 63.648540 s
currentSize : 54 <-- 63.649651 s
currentSize : 55 <-- 63.680466 s
currentSize : 56 <-- 73.951698 s
currentSize : 57 <-- 73.952255 s
currentSize : 58 <-- 123.574173 s
currentSize : 59 <-- 123.574707 s
currentSize : 61 <-- 123.596062 s
currentSize : 62 <-- 123.597870 s
currentSize : 64 <-- 123.598114 s

maxsize : 64
nodes : 30637386.000000
filtered : 222397081.000000
time : 177.961945
