Parameters: GAD=1 vflib=1 dir=0 label=0 vlabel=1 lowerbound=1 fileNameGp=../../cp2016-max-common-connected-subgraph-paper/datasets/graphsdb/mcs70/bvg/b06/mcs70_b06_s70.A01 fileNameGt=../../cp2016-max-common-connected-subgraph-paper/datasets/graphsdb/mcs70/bvg/b06/mcs70_b06_s70.B01
Reading graphs...
70 :  210
70 :  208
Initializing...
maxdom : 10
D->valSize : 390
Solving...
Blb : 3 (clique : 26)
currentSize : 26 <-- 0.003542 s
currentSize : 28 <-- 0.005943 s
currentSize : 29 <-- 0.396065 s
currentSize : 30 <-- 0.671392 s
currentSize : 32 <-- 0.722427 s
currentSize : 33 <-- 0.722559 s
currentSize : 34 <-- 0.758302 s
currentSize : 35 <-- 0.995374 s
currentSize : 41 <-- 1.450351 s
currentSize : 46 <-- 2.080525 s
currentSize : 47 <-- 2.080867 s
currentSize : 49 <-- 2.711487 s

maxsize : 49
nodes : 905216.000000
filtered : 4907094.000000
time : 4.179508
