Parameters: GAD=1 vflib=1 dir=0 label=0 vlabel=1 lowerbound=1 fileNameGp=../../cp2016-max-common-connected-subgraph-paper/datasets/graphsdb/mcs70/bvg/b03m/mcs70_b03m_s80.A06 fileNameGt=../../cp2016-max-common-connected-subgraph-paper/datasets/graphsdb/mcs70/bvg/b03m/mcs70_b03m_s80.B06
Reading graphs...
80 :  120
80 :  120
Initializing...
maxdom : 10
D->valSize : 475
Solving...
Blb : 2 (clique : 45)
currentSize : 45 <-- 0.005198 s
currentSize : 46 <-- 0.033152 s
currentSize : 47 <-- 0.066777 s
currentSize : 49 <-- 0.069632 s
currentSize : 50 <-- 0.080202 s
currentSize : 51 <-- 0.189168 s
currentSize : 52 <-- 0.194302 s
currentSize : 53 <-- 0.638011 s
currentSize : 55 <-- 1.130198 s
currentSize : 57 <-- 47.301792 s

maxsize : 57
nodes : 10465527.000000
filtered : 65410421.000000
time : 55.673447
