Parameters: GAD=1 vflib=1 dir=0 label=0 vlabel=1 lowerbound=1 fileNameGp=../../cp2016-max-common-connected-subgraph-paper/datasets/graphsdb/mcs70/rand/r01/mcs70_r01_s40.A00 fileNameGt=../../cp2016-max-common-connected-subgraph-paper/datasets/graphsdb/mcs70/rand/r01/mcs70_r01_s40.B00
Reading graphs...
40 :  145
40 :  146
Initializing...
maxdom : 7
D->valSize : 236
Solving...
Blb : 2 (clique : 14)
currentSize : 14 <-- 0.001382 s
currentSize : 15 <-- 0.004259 s
currentSize : 16 <-- 0.012244 s
currentSize : 17 <-- 0.017706 s
currentSize : 18 <-- 0.020017 s
currentSize : 20 <-- 0.020329 s
currentSize : 21 <-- 0.024871 s
currentSize : 22 <-- 0.029691 s
currentSize : 23 <-- 0.029767 s
currentSize : 24 <-- 0.029997 s
currentSize : 28 <-- 0.030213 s

maxsize : 28
nodes : 7823.000000
filtered : 62374.000000
time : 0.032354
