Parameters: GAD=1 vflib=1 dir=0 label=0 vlabel=1 lowerbound=1 fileNameGp=../../cp2016-max-common-connected-subgraph-paper/datasets/graphsdb/mcs70/m2D/m2Dr6/mcs70_m2Dr6_s70.A02 fileNameGt=../../cp2016-max-common-connected-subgraph-paper/datasets/graphsdb/mcs70/m2D/m2Dr6/mcs70_m2Dr6_s70.B02
Reading graphs...
70 :  162
70 :  160
Initializing...
maxdom : 9
D->valSize : 335
Solving...
Blb : 3 (clique : 25)
currentSize : 25 <-- 0.002933 s
currentSize : 26 <-- 0.390965 s
currentSize : 27 <-- 1.099982 s
currentSize : 28 <-- 1.100075 s
currentSize : 29 <-- 1.738830 s
currentSize : 30 <-- 2.358889 s
currentSize : 31 <-- 2.375087 s
currentSize : 32 <-- 2.405802 s
currentSize : 33 <-- 6.769484 s
currentSize : 34 <-- 6.825247 s
currentSize : 35 <-- 6.832194 s
currentSize : 36 <-- 9.398428 s
currentSize : 37 <-- 9.399322 s
currentSize : 38 <-- 11.318545 s
currentSize : 40 <-- 18.357927 s
currentSize : 41 <-- 21.422329 s
currentSize : 43 <-- 21.426537 s
currentSize : 44 <-- 25.620289 s
currentSize : 47 <-- 25.724180 s
currentSize : 48 <-- 25.724379 s
currentSize : 49 <-- 25.724636 s

maxsize : 49
nodes : 5932442.000000
filtered : 26823906.000000
time : 26.167473
