Parameters: GAD=1 vflib=1 dir=0 label=0 vlabel=1 lowerbound=1 fileNameGp=../../cp2016-max-common-connected-subgraph-paper/datasets/graphsdb/mcs70/bvg/b03/mcs70_b03_s70.A08 fileNameGt=../../cp2016-max-common-connected-subgraph-paper/datasets/graphsdb/mcs70/bvg/b03/mcs70_b03_s70.B08
Reading graphs...
70 :  105
70 :  105
Initializing...
maxdom : 8
D->valSize : 344
Solving...
Blb : 2 (clique : 38)
currentSize : 38 <-- 0.003122 s
currentSize : 39 <-- 0.003521 s
currentSize : 40 <-- 0.003689 s
currentSize : 41 <-- 0.004211 s
currentSize : 42 <-- 0.004305 s
currentSize : 43 <-- 0.004384 s
currentSize : 46 <-- 0.025765 s
currentSize : 47 <-- 5.335147 s
currentSize : 48 <-- 21.432489 s

maxsize : 48
nodes : 5325695.000000
filtered : 29040485.000000
time : 25.844110
