Parameters: GAD=1 vflib=1 dir=0 label=0 vlabel=1 lowerbound=1 fileNameGp=../../cp2016-max-common-connected-subgraph-paper/datasets/graphsdb/mcs70/m2D/m2Dr4/mcs70_m2Dr4_s90.A06 fileNameGt=../../cp2016-max-common-connected-subgraph-paper/datasets/graphsdb/mcs70/m2D/m2Dr4/mcs70_m2Dr4_s90.B06
Reading graphs...
90 :  196
90 :  196
Initializing...
maxdom : 9
D->valSize : 521
Solving...
Blb : 3 (clique : 43)
currentSize : 43 <-- 0.010184 s
currentSize : 44 <-- 38.380173 s
currentSize : 45 <-- 38.768951 s
currentSize : 46 <-- 111.630608 s
currentSize : 47 <-- 212.378494 s
currentSize : 48 <-- 213.059280 s
currentSize : 49 <-- 213.059830 s
currentSize : 51 <-- 324.502808 s
currentSize : 52 <-- 352.620453 s
currentSize : 53 <-- 352.647949 s
currentSize : 55 <-- 352.650238 s
currentSize : 56 <-- 767.565674 s
currentSize : 57 <-- 774.066406 s

TIMEOUT
maxsize : 57
nodes : 177803411.000000
filtered : 1085815542.000000
time : 1000.000122
