Parameters: GAD=1 vflib=1 dir=0 label=0 vlabel=1 lowerbound=1 fileNameGp=../../cp2016-max-common-connected-subgraph-paper/datasets/graphsdb/mcs70/rand/r005/mcs70_r005_s70.A04 fileNameGt=../../cp2016-max-common-connected-subgraph-paper/datasets/graphsdb/mcs70/rand/r005/mcs70_r005_s70.B04
Reading graphs...
70 :  234
70 :  231
Initializing...
maxdom : 7
D->valSize : 344
Solving...
Blb : 3 (clique : 34)
currentSize : 34 <-- 0.003173 s
currentSize : 36 <-- 0.003389 s
currentSize : 39 <-- 0.003789 s
currentSize : 40 <-- 0.004030 s
currentSize : 44 <-- 0.032339 s
currentSize : 45 <-- 0.032725 s
currentSize : 46 <-- 0.101682 s
currentSize : 49 <-- 0.124076 s

maxsize : 49
nodes : 30463.000000
filtered : 298701.000000
time : 0.176192
