Parameters: GAD=1 vflib=1 dir=0 label=0 vlabel=1 lowerbound=1 fileNameGp=../../cp2016-max-common-connected-subgraph-paper/datasets/graphsdb/mcs70/rand/r005/mcs70_r005_s60.A00 fileNameGt=../../cp2016-max-common-connected-subgraph-paper/datasets/graphsdb/mcs70/rand/r005/mcs70_r005_s60.B00
Reading graphs...
60 :  175
60 :  173
Initializing...
maxdom : 7
D->valSize : 246
Solving...
Blb : 2 (clique : 28)
currentSize : 28 <-- 0.002017 s
currentSize : 30 <-- 0.003410 s
currentSize : 31 <-- 0.003953 s
currentSize : 32 <-- 0.004405 s
currentSize : 33 <-- 0.004761 s
currentSize : 35 <-- 0.006290 s
currentSize : 37 <-- 0.006601 s
currentSize : 38 <-- 0.006928 s
currentSize : 42 <-- 0.009399 s

maxsize : 42
nodes : 3690.000000
filtered : 24471.000000
time : 0.019889
