Parameters: GAD=1 vflib=1 dir=0 label=0 vlabel=1 lowerbound=1 fileNameGp=../../cp2016-max-common-connected-subgraph-paper/datasets/graphsdb/mcs70/bvg/b09/mcs70_b09_s90.A09 fileNameGt=../../cp2016-max-common-connected-subgraph-paper/datasets/graphsdb/mcs70/bvg/b09/mcs70_b09_s90.B09
Reading graphs...
90 :  402
90 :  405
Initializing...
maxdom : 8
D->valSize : 550
Solving...
Blb : 3 (clique : 36)
currentSize : 36 <-- 0.006386 s
currentSize : 37 <-- 194.152969 s
currentSize : 38 <-- 194.483231 s
currentSize : 39 <-- 399.932648 s
currentSize : 41 <-- 483.504059 s
currentSize : 42 <-- 483.504333 s
currentSize : 44 <-- 484.508545 s
currentSize : 46 <-- 484.508789 s
currentSize : 56 <-- 608.659912 s
currentSize : 57 <-- 608.660583 s
currentSize : 60 <-- 608.661072 s
currentSize : 62 <-- 608.661255 s

maxsize : 62
nodes : 97535296.000000
filtered : 987416541.000000
time : 626.878174
