Parameters: GAD=1 vflib=1 dir=0 label=0 vlabel=1 lowerbound=1 fileNameGp=../../cp2016-max-common-connected-subgraph-paper/datasets/graphsdb/mcs70/bvg/b03m/mcs70_b03m_s50.A00 fileNameGt=../../cp2016-max-common-connected-subgraph-paper/datasets/graphsdb/mcs70/bvg/b03m/mcs70_b03m_s50.B00
Reading graphs...
50 :  74
50 :  74
Initializing...
maxdom : 11
D->valSize : 378
Solving...
Blb : 2 (clique : 23)
currentSize : 23 <-- 0.005034 s
currentSize : 24 <-- 0.005559 s
currentSize : 25 <-- 0.005943 s
currentSize : 26 <-- 0.007097 s
currentSize : 27 <-- 0.029164 s
currentSize : 28 <-- 1.213441 s
currentSize : 29 <-- 1.214292 s
currentSize : 31 <-- 11.564292 s
currentSize : 32 <-- 15.789220 s
currentSize : 33 <-- 25.438406 s
currentSize : 34 <-- 28.112577 s
currentSize : 35 <-- 28.662855 s

maxsize : 35
nodes : 5918810.000000
filtered : 63376437.000000
time : 29.634628
