Parameters: GAD=1 vflib=1 dir=0 label=0 vlabel=1 lowerbound=1 fileNameGp=../../cp2016-max-common-connected-subgraph-paper/datasets/graphsdb/mcs70/rand/r01/mcs70_r01_s90.A01 fileNameGt=../../cp2016-max-common-connected-subgraph-paper/datasets/graphsdb/mcs70/rand/r01/mcs70_r01_s90.B01
Reading graphs...
90 :  747
90 :  747
Initializing...
maxdom : 11
D->valSize : 602
Solving...
Blb : 2 (clique : 18)
currentSize : 18 <-- 0.007126 s
currentSize : 19 <-- 0.007655 s
currentSize : 20 <-- 0.009464 s
currentSize : 21 <-- 0.010127 s
currentSize : 22 <-- 0.031480 s
currentSize : 24 <-- 0.031559 s
currentSize : 25 <-- 0.032521 s
currentSize : 26 <-- 0.378707 s
currentSize : 28 <-- 0.396921 s
currentSize : 29 <-- 1.005457 s
currentSize : 31 <-- 1.012294 s
currentSize : 33 <-- 1.371081 s
currentSize : 36 <-- 1.389586 s
currentSize : 38 <-- 2.035759 s
currentSize : 45 <-- 2.035980 s
currentSize : 48 <-- 3.273252 s
currentSize : 63 <-- 3.571748 s

maxsize : 63
nodes : 509224.000000
filtered : 7255664.000000
time : 3.687082
