Parameters: GAD=1 vflib=1 dir=0 label=0 vlabel=1 lowerbound=1 fileNameGp=../../cp2016-max-common-connected-subgraph-paper/datasets/graphsdb/mcs70/bvg/b09/mcs70_b09_s100.A08 fileNameGt=../../cp2016-max-common-connected-subgraph-paper/datasets/graphsdb/mcs70/bvg/b09/mcs70_b09_s100.B08
Reading graphs...
100 :  449
100 :  449
Initializing...
maxdom : 7
D->valSize : 380
Solving...
Blb : 2 (clique : 37)
currentSize : 37 <-- 0.006569 s
currentSize : 40 <-- 0.007880 s
currentSize : 42 <-- 0.016597 s
currentSize : 45 <-- 0.051676 s
currentSize : 48 <-- 0.052091 s
currentSize : 49 <-- 0.083817 s
currentSize : 56 <-- 0.087721 s
currentSize : 63 <-- 0.153415 s
currentSize : 64 <-- 0.153826 s
currentSize : 70 <-- 2.156832 s

maxsize : 70
nodes : 538960.000000
filtered : 3842197.000000
time : 3.479467
