Parameters: GAD=1 vflib=1 dir=0 label=0 vlabel=1 lowerbound=1 fileNameGp=../../cp2016-max-common-connected-subgraph-paper/datasets/graphsdb/mcs70/rand/r01/mcs70_r01_s80.A05 fileNameGt=../../cp2016-max-common-connected-subgraph-paper/datasets/graphsdb/mcs70/rand/r01/mcs70_r01_s80.B05
Reading graphs...
80 :  604
80 :  607
Initializing...
maxdom : 11
D->valSize : 499
Solving...
Blb : 2 (clique : 15)
currentSize : 15 <-- 0.005247 s
currentSize : 16 <-- 0.007454 s
currentSize : 17 <-- 0.018376 s
currentSize : 18 <-- 0.024965 s
currentSize : 19 <-- 1.434215 s
currentSize : 20 <-- 4.468171 s
currentSize : 21 <-- 5.125876 s
currentSize : 22 <-- 5.126058 s
currentSize : 24 <-- 7.009213 s
currentSize : 25 <-- 8.127654 s
currentSize : 29 <-- 8.198840 s
currentSize : 30 <-- 9.769316 s
currentSize : 32 <-- 9.829004 s
currentSize : 37 <-- 9.829238 s
currentSize : 38 <-- 9.829997 s
currentSize : 40 <-- 10.028023 s
currentSize : 46 <-- 10.067724 s
currentSize : 56 <-- 10.073204 s

maxsize : 56
nodes : 1695795.000000
filtered : 15194785.000000
time : 10.115903
