Parameters: GAD=1 vflib=1 dir=0 label=0 vlabel=1 lowerbound=1 fileNameGp=../../cp2016-max-common-connected-subgraph-paper/datasets/graphsdb/mcs70/bvg/b09/mcs70_b09_s100.A06 fileNameGt=../../cp2016-max-common-connected-subgraph-paper/datasets/graphsdb/mcs70/bvg/b09/mcs70_b09_s100.B06
Reading graphs...
100 :  447
100 :  448
Initializing...
maxdom : 7
D->valSize : 357
Solving...
Blb : 2 (clique : 29)
currentSize : 29 <-- 0.005835 s
currentSize : 31 <-- 0.006187 s
currentSize : 32 <-- 0.019096 s
currentSize : 33 <-- 0.065005 s
currentSize : 36 <-- 0.139667 s
currentSize : 39 <-- 0.139767 s
currentSize : 40 <-- 0.185040 s
currentSize : 41 <-- 0.561007 s
currentSize : 42 <-- 0.561184 s
currentSize : 43 <-- 0.866810 s
currentSize : 44 <-- 1.477986 s
currentSize : 46 <-- 1.899755 s
currentSize : 48 <-- 1.939503 s
currentSize : 50 <-- 1.945455 s
currentSize : 52 <-- 3.152049 s
currentSize : 55 <-- 3.152588 s
currentSize : 60 <-- 3.852794 s
currentSize : 62 <-- 3.853216 s
currentSize : 65 <-- 3.855809 s
currentSize : 68 <-- 4.247182 s
currentSize : 70 <-- 4.247856 s

maxsize : 70
nodes : 2739952.000000
filtered : 15315578.000000
time : 16.056337
