Parameters: GAD=1 vflib=1 dir=0 label=0 vlabel=1 lowerbound=1 fileNameGp=../../cp2016-max-common-connected-subgraph-paper/datasets/graphsdb/mcs70/m2D/m2D/mcs70_m2D_s100.A01 fileNameGt=../../cp2016-max-common-connected-subgraph-paper/datasets/graphsdb/mcs70/m2D/m2D/mcs70_m2D_s100.B01
Reading graphs...
100 :  180
100 :  180
Initializing...
maxdom : 10
D->valSize : 385
Solving...
Blb : 2 (clique : 50)
currentSize : 50 <-- 0.007091 s
currentSize : 52 <-- 0.008731 s
currentSize : 53 <-- 0.012467 s
currentSize : 54 <-- 0.024765 s
currentSize : 55 <-- 0.132062 s
currentSize : 56 <-- 0.191929 s
currentSize : 58 <-- 0.222177 s

TIMEOUT
maxsize : 58
nodes : 218466823.000000
filtered : 582128896.000000
time : 1000.000122
