Parameters: GAD=1 vflib=1 dir=0 label=0 vlabel=1 lowerbound=1 fileNameGp=../../cp2016-max-common-connected-subgraph-paper/datasets/graphsdb/mcs70/m2D/m2Dr6/mcs70_m2Dr6_s80.A02 fileNameGt=../../cp2016-max-common-connected-subgraph-paper/datasets/graphsdb/mcs70/m2D/m2Dr6/mcs70_m2Dr6_s80.B02
Reading graphs...
80 :  188
80 :  186
Initializing...
maxdom : 8
D->valSize : 448
Solving...
Blb : 3 (clique : 29)
currentSize : 29 <-- 0.004520 s
currentSize : 30 <-- 0.167058 s
currentSize : 31 <-- 0.723206 s
currentSize : 32 <-- 4.999315 s
currentSize : 33 <-- 5.022614 s
currentSize : 34 <-- 5.188828 s
currentSize : 36 <-- 5.190182 s
currentSize : 37 <-- 6.320075 s
currentSize : 38 <-- 6.327998 s
currentSize : 39 <-- 10.542541 s
currentSize : 40 <-- 12.068600 s
currentSize : 41 <-- 14.870113 s
currentSize : 42 <-- 34.489891 s
currentSize : 43 <-- 212.555313 s
currentSize : 44 <-- 212.555389 s
currentSize : 45 <-- 212.557434 s
currentSize : 47 <-- 455.044006 s
currentSize : 49 <-- 455.044403 s

maxsize : 49
nodes : 137759869.000000
filtered : 778424562.000000
time : 689.851013
