Parameters: GAD=1 vflib=1 dir=0 label=0 vlabel=1 lowerbound=1 fileNameGp=../../cp2016-max-common-connected-subgraph-paper/datasets/graphsdb/mcs70/m2D/m2Dr2/mcs70_m2Dr2_s50.A07 fileNameGt=../../cp2016-max-common-connected-subgraph-paper/datasets/graphsdb/mcs70/m2D/m2Dr2/mcs70_m2Dr2_s50.B07
Reading graphs...
50 :  94
50 :  91
Initializing...
maxdom : 12
D->valSize : 367
Solving...
Blb : 3 (clique : 22)
currentSize : 22 <-- 0.004653 s
currentSize : 23 <-- 0.009981 s
currentSize : 24 <-- 0.101628 s
currentSize : 25 <-- 0.232463 s
currentSize : 26 <-- 0.325672 s
currentSize : 27 <-- 0.326691 s
currentSize : 28 <-- 0.763653 s
currentSize : 29 <-- 1.522792 s
currentSize : 30 <-- 1.924622 s
currentSize : 31 <-- 1.927793 s
currentSize : 33 <-- 1.928358 s
currentSize : 36 <-- 1.929949 s

maxsize : 36
nodes : 472344.000000
filtered : 4144651.000000
time : 2.307900
