Parameters: GAD=1 vflib=1 dir=0 label=0 vlabel=1 lowerbound=1 fileNameGp=../../cp2016-max-common-connected-subgraph-paper/datasets/graphsdb/mcs70/m2D/m2Dr4/mcs70_m2Dr4_s100.A09 fileNameGt=../../cp2016-max-common-connected-subgraph-paper/datasets/graphsdb/mcs70/m2D/m2Dr4/mcs70_m2Dr4_s100.B09
Reading graphs...
100 :  218
100 :  219
Initializing...
maxdom : 8
D->valSize : 372
Solving...
Blb : 3 (clique : 43)
currentSize : 43 <-- 0.006703 s
currentSize : 44 <-- 0.048762 s
currentSize : 45 <-- 0.482319 s
currentSize : 46 <-- 0.866959 s
currentSize : 47 <-- 0.867165 s
currentSize : 48 <-- 3.494210 s
currentSize : 49 <-- 3.497271 s
currentSize : 50 <-- 7.206346 s
currentSize : 52 <-- 7.207624 s
currentSize : 53 <-- 7.242306 s
currentSize : 54 <-- 7.440154 s
currentSize : 55 <-- 16.041494 s
currentSize : 56 <-- 16.042175 s
currentSize : 57 <-- 16.273607 s
currentSize : 58 <-- 16.285460 s
currentSize : 59 <-- 28.691980 s
currentSize : 61 <-- 28.692104 s
currentSize : 62 <-- 28.692511 s
currentSize : 63 <-- 28.763924 s
currentSize : 64 <-- 28.825380 s

maxsize : 64
nodes : 33109216.000000
filtered : 122579433.000000
time : 178.183121
