Parameters: GAD=1 vflib=1 dir=0 label=0 vlabel=1 lowerbound=1 fileNameGp=../../cp2016-max-common-connected-subgraph-paper/datasets/graphsdb/mcs70/m2D/m2Dr2/mcs70_m2Dr2_s70.A00 fileNameGt=../../cp2016-max-common-connected-subgraph-paper/datasets/graphsdb/mcs70/m2D/m2Dr2/mcs70_m2Dr2_s70.B00
Reading graphs...
70 :  137
70 :  137
Initializing...
maxdom : 9
D->valSize : 338
Solving...
Blb : 2 (clique : 30)
currentSize : 30 <-- 0.002988 s
currentSize : 36 <-- 0.003186 s
currentSize : 38 <-- 0.003297 s
currentSize : 42 <-- 0.003420 s
currentSize : 44 <-- 0.004423 s
currentSize : 46 <-- 0.776838 s
currentSize : 47 <-- 0.781906 s
currentSize : 48 <-- 1.778417 s
currentSize : 49 <-- 1.781590 s

maxsize : 49
nodes : 1162064.000000
filtered : 4943275.000000
time : 4.999573
