Parameters: GAD=1 vflib=1 dir=0 label=0 vlabel=1 lowerbound=1 fileNameGp=../../cp2016-max-common-connected-subgraph-paper/datasets/graphsdb/mcs70/bvg/b06/mcs70_b06_s90.A06 fileNameGt=../../cp2016-max-common-connected-subgraph-paper/datasets/graphsdb/mcs70/bvg/b06/mcs70_b06_s90.B06
Reading graphs...
90 :  270
90 :  270
Initializing...
maxdom : 11
D->valSize : 535
Solving...
Blb : 5 (clique : 28)
currentSize : 28 <-- 0.006022 s
currentSize : 30 <-- 0.043028 s
currentSize : 31 <-- 0.047095 s
currentSize : 32 <-- 0.051937 s
currentSize : 33 <-- 18.213276 s
currentSize : 34 <-- 42.351868 s
currentSize : 35 <-- 42.438889 s
currentSize : 36 <-- 43.092281 s
currentSize : 37 <-- 118.243515 s
currentSize : 38 <-- 129.879425 s
currentSize : 39 <-- 151.134354 s
currentSize : 40 <-- 218.227356 s
currentSize : 41 <-- 237.237350 s
currentSize : 42 <-- 273.673401 s
currentSize : 43 <-- 273.673615 s
currentSize : 44 <-- 886.791443 s
currentSize : 45 <-- 886.791626 s
currentSize : 46 <-- 886.794434 s
currentSize : 47 <-- 886.803162 s

TIMEOUT
maxsize : 47
nodes : 175880755.000000
filtered : 1311315532.000000
time : 1000.000061
