Parameters: GAD=1 vflib=1 dir=0 label=0 vlabel=1 lowerbound=1 fileNameGp=../../cp2016-max-common-connected-subgraph-paper/datasets/graphsdb/mcs70/m3D/m3Dr2/mcs70_m3Dr2_s100.A00 fileNameGt=../../cp2016-max-common-connected-subgraph-paper/datasets/graphsdb/mcs70/m3D/m3Dr2/mcs70_m3Dr2_s100.B00
Reading graphs...
100 :  252
100 :  253
Initializing...
maxdom : 8
D->valSize : 377
Solving...
Blb : 3 (clique : 48)
currentSize : 48 <-- 0.004271 s
currentSize : 49 <-- 0.730489 s
currentSize : 50 <-- 2.890634 s
currentSize : 55 <-- 517.893250 s
currentSize : 56 <-- 517.895264 s
currentSize : 58 <-- 909.488403 s
currentSize : 60 <-- 915.825562 s
currentSize : 64 <-- 915.827148 s

TIMEOUT
maxsize : 64
nodes : 188888578.000000
filtered : 752050415.000000
time : 1000.000122
