Parameters: GAD=1 vflib=1 dir=0 label=0 vlabel=1 lowerbound=1 fileNameGp=../../cp2016-max-common-connected-subgraph-paper/datasets/graphsdb/mcs70/m2D/m2D/mcs70_m2D_s50.A07 fileNameGt=../../cp2016-max-common-connected-subgraph-paper/datasets/graphsdb/mcs70/m2D/m2D/mcs70_m2D_s50.B07
Reading graphs...
50 :  85
50 :  84
Initializing...
maxdom : 11
D->valSize : 346
Solving...
Blb : 2 (clique : 22)
currentSize : 22 <-- 0.002636 s
currentSize : 23 <-- 0.002795 s
currentSize : 24 <-- 0.003316 s
currentSize : 25 <-- 0.003641 s
currentSize : 26 <-- 0.004588 s
currentSize : 27 <-- 0.511483 s
currentSize : 28 <-- 1.389956 s
currentSize : 29 <-- 4.420705 s
currentSize : 30 <-- 5.055036 s
currentSize : 31 <-- 6.750257 s
currentSize : 32 <-- 6.750559 s
currentSize : 34 <-- 7.051817 s
currentSize : 36 <-- 7.051950 s

maxsize : 36
nodes : 1544660.000000
filtered : 16251177.000000
time : 7.285899
