Parameters: GAD=1 vflib=1 dir=0 label=0 vlabel=1 lowerbound=1 fileNameGp=../../cp2016-max-common-connected-subgraph-paper/datasets/graphsdb/mcs70/bvg/b09/mcs70_b09_s50.A02 fileNameGt=../../cp2016-max-common-connected-subgraph-paper/datasets/graphsdb/mcs70/bvg/b09/mcs70_b09_s50.B02
Reading graphs...
50 :  219
50 :  224
Initializing...
maxdom : 9
D->valSize : 356
Solving...
Blb : 3 (clique : 16)
currentSize : 16 <-- 0.004161 s
currentSize : 17 <-- 0.011316 s
currentSize : 18 <-- 0.151521 s
currentSize : 19 <-- 0.334240 s
currentSize : 20 <-- 0.334492 s
currentSize : 22 <-- 0.530024 s
currentSize : 23 <-- 0.530148 s
currentSize : 24 <-- 0.607138 s
currentSize : 25 <-- 1.199357 s
currentSize : 27 <-- 1.201286 s
currentSize : 28 <-- 1.201430 s
currentSize : 29 <-- 1.201565 s
currentSize : 34 <-- 1.206305 s

maxsize : 34
nodes : 221936.000000
filtered : 2078041.000000
time : 1.335875
