Parameters: GAD=1 vflib=1 dir=0 label=0 vlabel=1 lowerbound=1 fileNameGp=../../cp2016-max-common-connected-subgraph-paper/datasets/graphsdb/mcs70/bvg/b06m/mcs70_b06m_s90.A06 fileNameGt=../../cp2016-max-common-connected-subgraph-paper/datasets/graphsdb/mcs70/bvg/b06m/mcs70_b06m_s90.B06
Reading graphs...
90 :  267
90 :  267
Initializing...
maxdom : 8
D->valSize : 548
Solving...
Blb : 3 (clique : 34)
currentSize : 34 <-- 0.010619 s
currentSize : 35 <-- 9.076844 s
currentSize : 36 <-- 15.476085 s
currentSize : 37 <-- 16.010735 s
currentSize : 38 <-- 16.011053 s
currentSize : 42 <-- 61.424370 s
currentSize : 43 <-- 414.859924 s
currentSize : 44 <-- 415.296631 s
currentSize : 45 <-- 415.301575 s

TIMEOUT
maxsize : 45
nodes : 194288314.000000
filtered : 902531832.000000
time : 1000.000061
