Parameters: GAD=1 vflib=1 dir=0 label=0 vlabel=1 lowerbound=1 fileNameGp=../../cp2016-max-common-connected-subgraph-paper/datasets/graphsdb/mcs70/rand/r01/mcs70_r01_s50.A00 fileNameGt=../../cp2016-max-common-connected-subgraph-paper/datasets/graphsdb/mcs70/rand/r01/mcs70_r01_s50.B00
Reading graphs...
50 :  231
50 :  231
Initializing...
maxdom : 10
D->valSize : 337
Solving...
Blb : 2 (clique : 15)
currentSize : 15 <-- 0.002373 s
currentSize : 16 <-- 0.003977 s
currentSize : 17 <-- 0.004975 s
currentSize : 18 <-- 0.010165 s
currentSize : 20 <-- 0.016561 s
currentSize : 22 <-- 0.034895 s
currentSize : 24 <-- 0.043683 s
currentSize : 27 <-- 0.048091 s
currentSize : 29 <-- 0.056585 s
currentSize : 30 <-- 0.065457 s
currentSize : 35 <-- 0.079170 s

maxsize : 35
nodes : 17153.000000
filtered : 227060.000000
time : 0.089850
