Parameters: GAD=1 vflib=1 dir=0 label=0 vlabel=1 lowerbound=1 fileNameGp=../../cp2016-max-common-connected-subgraph-paper/datasets/graphsdb/mcs70/rand/r005/mcs70_r005_s40.A04 fileNameGt=../../cp2016-max-common-connected-subgraph-paper/datasets/graphsdb/mcs70/rand/r005/mcs70_r005_s40.B04
Reading graphs...
40 :  76
40 :  76
Initializing...
maxdom : 7
D->valSize : 208
Solving...
Blb : 2 (clique : 17)
currentSize : 17 <-- 0.001214 s
currentSize : 18 <-- 0.001316 s
currentSize : 19 <-- 0.002632 s
currentSize : 20 <-- 0.038393 s
currentSize : 21 <-- 0.412396 s
currentSize : 22 <-- 0.478439 s
currentSize : 23 <-- 0.557575 s
currentSize : 24 <-- 0.600349 s
currentSize : 25 <-- 0.626249 s
currentSize : 28 <-- 0.682341 s

maxsize : 28
nodes : 167432.000000
filtered : 1344017.000000
time : 0.690543
