Parameters: GAD=1 vflib=1 dir=0 label=0 vlabel=1 lowerbound=1 fileNameGp=../../cp2016-max-common-connected-subgraph-paper/datasets/graphsdb/mcs70/m2D/m2Dr2/mcs70_m2Dr2_s50.A05 fileNameGt=../../cp2016-max-common-connected-subgraph-paper/datasets/graphsdb/mcs70/m2D/m2Dr2/mcs70_m2Dr2_s50.B05
Reading graphs...
50 :  94
50 :  94
Initializing...
maxdom : 9
D->valSize : 345
Solving...
Blb : 2 (clique : 21)
currentSize : 21 <-- 0.004251 s
currentSize : 24 <-- 0.004443 s
currentSize : 25 <-- 0.010335 s
currentSize : 26 <-- 0.269755 s
currentSize : 27 <-- 2.616621 s
currentSize : 29 <-- 4.264492 s
currentSize : 30 <-- 4.271425 s
currentSize : 31 <-- 4.595684 s
currentSize : 32 <-- 4.623233 s
currentSize : 33 <-- 4.644403 s
currentSize : 34 <-- 4.646158 s
currentSize : 35 <-- 4.718784 s
currentSize : 36 <-- 4.822698 s
currentSize : 37 <-- 5.125168 s

maxsize : 37
nodes : 1097740.000000
filtered : 10957533.000000
time : 5.308815
