Parameters: GAD=1 vflib=1 dir=0 label=0 vlabel=1 lowerbound=1 fileNameGp=../../cp2016-max-common-connected-subgraph-paper/datasets/graphsdb/mcs70/bvg/b03m/mcs70_b03m_s90.A05 fileNameGt=../../cp2016-max-common-connected-subgraph-paper/datasets/graphsdb/mcs70/bvg/b03m/mcs70_b03m_s90.B05
Reading graphs...
90 :  133
90 :  133
Initializing...
maxdom : 9
D->valSize : 514
Solving...
Blb : 2 (clique : 54)
currentSize : 54 <-- 0.006140 s
currentSize : 55 <-- 0.006550 s
currentSize : 56 <-- 0.006753 s
currentSize : 57 <-- 0.006857 s
currentSize : 58 <-- 0.009496 s
currentSize : 59 <-- 0.010598 s
currentSize : 60 <-- 0.010735 s
currentSize : 61 <-- 0.010987 s
currentSize : 62 <-- 0.011144 s
currentSize : 63 <-- 0.143595 s
currentSize : 64 <-- 0.164991 s

maxsize : 64
nodes : 170401309.000000
filtered : 912329439.000000
time : 978.948364
