Parameters: GAD=1 vflib=1 dir=0 label=0 vlabel=1 lowerbound=1 fileNameGp=../../cp2016-max-common-connected-subgraph-paper/datasets/graphsdb/mcs70/bvg/b06m/mcs70_b06m_s80.A05 fileNameGt=../../cp2016-max-common-connected-subgraph-paper/datasets/graphsdb/mcs70/bvg/b06m/mcs70_b06m_s80.B05
Reading graphs...
80 :  239
80 :  239
Initializing...
maxdom : 8
D->valSize : 444
Solving...
Blb : 2 (clique : 37)
currentSize : 37 <-- 0.004555 s
currentSize : 38 <-- 0.004819 s
currentSize : 40 <-- 0.004906 s
currentSize : 42 <-- 0.005035 s
currentSize : 44 <-- 0.011957 s
currentSize : 45 <-- 0.023237 s
currentSize : 47 <-- 0.035158 s
currentSize : 48 <-- 0.206499 s
currentSize : 50 <-- 0.262103 s
currentSize : 52 <-- 0.262174 s
currentSize : 54 <-- 49.943817 s
currentSize : 56 <-- 49.947536 s

maxsize : 56
nodes : 15979646.000000
filtered : 83301768.000000
time : 75.671272
