Parameters: GAD=1 vflib=1 dir=0 label=0 vlabel=1 lowerbound=1 fileNameGp=../../cp2016-max-common-connected-subgraph-paper/datasets/graphsdb/mcs70/bvg/b03m/mcs70_b03m_s60.A06 fileNameGt=../../cp2016-max-common-connected-subgraph-paper/datasets/graphsdb/mcs70/bvg/b03m/mcs70_b03m_s60.B06
Reading graphs...
60 :  89
60 :  89
Initializing...
maxdom : 7
D->valSize : 247
Solving...
Blb : 3 (clique : 29)
currentSize : 29 <-- 0.001802 s
currentSize : 30 <-- 0.070218 s
currentSize : 31 <-- 0.070339 s
currentSize : 32 <-- 0.089869 s
currentSize : 33 <-- 0.310824 s
currentSize : 34 <-- 0.311261 s
currentSize : 35 <-- 0.827792 s
currentSize : 36 <-- 1.518078 s
currentSize : 37 <-- 2.054868 s
currentSize : 38 <-- 2.055044 s
currentSize : 39 <-- 2.346390 s
currentSize : 40 <-- 2.346462 s
currentSize : 41 <-- 3.940845 s
currentSize : 42 <-- 3.940884 s

maxsize : 42
nodes : 1568108.000000
filtered : 5966214.000000
time : 6.142822
