Parameters: GAD=1 vflib=1 dir=0 label=0 vlabel=1 lowerbound=1 fileNameGp=../../cp2016-max-common-connected-subgraph-paper/datasets/graphsdb/mcs70/rand/r005/mcs70_r005_s50.A00 fileNameGt=../../cp2016-max-common-connected-subgraph-paper/datasets/graphsdb/mcs70/rand/r005/mcs70_r005_s50.B00
Reading graphs...
50 :  118
50 :  119
Initializing...
maxdom : 8
D->valSize : 329
Solving...
Blb : 2 (clique : 22)
currentSize : 22 <-- 0.002523 s
currentSize : 23 <-- 0.002811 s
currentSize : 24 <-- 0.003037 s
currentSize : 26 <-- 0.003232 s
currentSize : 27 <-- 0.003304 s
currentSize : 28 <-- 0.003579 s
currentSize : 29 <-- 0.003656 s
currentSize : 31 <-- 0.110682 s
currentSize : 32 <-- 0.110879 s
currentSize : 34 <-- 0.111015 s
currentSize : 35 <-- 0.111255 s

maxsize : 35
nodes : 43033.000000
filtered : 446571.000000
time : 0.231205
