Parameters: GAD=1 vflib=1 dir=0 label=0 vlabel=1 lowerbound=1 fileNameGp=../../cp2016-max-common-connected-subgraph-paper/datasets/graphsdb/mcs70/bvg/b09/mcs70_b09_s40.A08 fileNameGt=../../cp2016-max-common-connected-subgraph-paper/datasets/graphsdb/mcs70/bvg/b09/mcs70_b09_s40.B08
Reading graphs...
40 :  179
40 :  180
Initializing...
maxdom : 8
D->valSize : 217
Solving...
Blb : 2 (clique : 10)
currentSize : 10 <-- 0.001264 s
currentSize : 11 <-- 0.001331 s
currentSize : 12 <-- 0.001432 s
currentSize : 13 <-- 0.016427 s
currentSize : 14 <-- 0.016480 s
currentSize : 16 <-- 0.016612 s
currentSize : 18 <-- 0.016684 s
currentSize : 19 <-- 0.039005 s
currentSize : 27 <-- 0.039121 s
currentSize : 28 <-- 0.039217 s

maxsize : 28
nodes : 10356.000000
filtered : 87830.000000
time : 0.041374
