Parameters: GAD=1 vflib=1 dir=0 label=0 vlabel=1 lowerbound=1 fileNameGp=../../cp2016-max-common-connected-subgraph-paper/datasets/graphsdb/mcs70/m3D/m3Dr4/mcs70_m3Dr4_s90.A07 fileNameGt=../../cp2016-max-common-connected-subgraph-paper/datasets/graphsdb/mcs70/m3D/m3Dr4/mcs70_m3Dr4_s90.B07
Reading graphs...
90 :  244
90 :  242
Initializing...
maxdom : 9
D->valSize : 585
Solving...
Blb : 2 (clique : 49)
currentSize : 49 <-- 0.011953 s
currentSize : 51 <-- 0.100451 s
currentSize : 52 <-- 1.042753 s
currentSize : 53 <-- 1.043156 s
currentSize : 55 <-- 1.149459 s
currentSize : 57 <-- 11.741189 s
currentSize : 59 <-- 11.741403 s
currentSize : 60 <-- 11.742151 s
currentSize : 62 <-- 11.742360 s
currentSize : 64 <-- 16.897820 s

maxsize : 64
nodes : 5325441.000000
filtered : 38201612.000000
time : 32.410789
