Parameters: GAD=1 vflib=1 dir=0 label=0 vlabel=1 lowerbound=1 fileNameGp=../../cp2016-max-common-connected-subgraph-paper/datasets/graphsdb/mcs70/bvg/b03/mcs70_b03_s50.A06 fileNameGt=../../cp2016-max-common-connected-subgraph-paper/datasets/graphsdb/mcs70/bvg/b03/mcs70_b03_s50.B06
Reading graphs...
50 :  75
50 :  75
Initializing...
maxdom : 10
D->valSize : 352
Solving...
Blb : 2 (clique : 26)
currentSize : 26 <-- 0.004513 s
currentSize : 27 <-- 0.183893 s
currentSize : 28 <-- 0.211293 s
currentSize : 29 <-- 0.940034 s
currentSize : 30 <-- 1.830869 s
currentSize : 31 <-- 12.421813 s
currentSize : 32 <-- 19.884584 s
currentSize : 33 <-- 19.885544 s
currentSize : 34 <-- 22.588291 s

maxsize : 34
nodes : 5324076.000000
filtered : 54250580.000000
time : 27.109291
