Parameters: GAD=1 vflib=1 dir=0 label=0 vlabel=1 lowerbound=1 fileNameGp=../../cp2016-max-common-connected-subgraph-paper/datasets/graphsdb/mcs70/m2D/m2D/mcs70_m2D_s50.A00 fileNameGt=../../cp2016-max-common-connected-subgraph-paper/datasets/graphsdb/mcs70/m2D/m2D/mcs70_m2D_s50.B00
Reading graphs...
50 :  85
50 :  85
Initializing...
maxdom : 10
D->valSize : 343
Solving...
Blb : 2 (clique : 19)
currentSize : 19 <-- 0.002599 s
currentSize : 25 <-- 0.002720 s
currentSize : 26 <-- 0.002773 s
currentSize : 27 <-- 0.003009 s
currentSize : 28 <-- 0.010763 s
currentSize : 29 <-- 0.198970 s
currentSize : 30 <-- 0.231165 s
currentSize : 31 <-- 0.306889 s
currentSize : 32 <-- 0.472804 s
currentSize : 33 <-- 0.473231 s
currentSize : 34 <-- 0.474866 s
currentSize : 36 <-- 0.557370 s

maxsize : 36
nodes : 166789.000000
filtered : 1090625.000000
time : 0.678581
