Parameters: GAD=1 vflib=1 dir=0 label=0 vlabel=1 lowerbound=1 fileNameGp=../../cp2016-max-common-connected-subgraph-paper/datasets/graphsdb/mcs70/m3D/m3D/mcs70_m3D_s100.A09 fileNameGt=../../cp2016-max-common-connected-subgraph-paper/datasets/graphsdb/mcs70/m3D/m3D/mcs70_m3D_s100.B09
Reading graphs...
100 :  235
100 :  234
Initializing...
maxdom : 6
D->valSize : 360
Solving...
Blb : 2 (clique : 37)
currentSize : 37 <-- 0.003775 s
currentSize : 39 <-- 0.004061 s
currentSize : 41 <-- 0.007393 s
currentSize : 42 <-- 0.007634 s
currentSize : 43 <-- 0.017986 s
currentSize : 44 <-- 0.018848 s
currentSize : 45 <-- 0.019097 s
currentSize : 46 <-- 0.068158 s
currentSize : 47 <-- 0.135087 s
currentSize : 48 <-- 0.327491 s
currentSize : 49 <-- 0.416496 s
currentSize : 50 <-- 0.417089 s
currentSize : 51 <-- 0.532721 s
currentSize : 52 <-- 0.533233 s
currentSize : 53 <-- 1.821960 s

TIMEOUT
maxsize : 53
nodes : 192495702.000000
filtered : 677892670.000000
time : 1000.000061
