Parameters: GAD=1 vflib=1 dir=0 label=0 vlabel=1 lowerbound=1 fileNameGp=../../cp2016-max-common-connected-subgraph-paper/datasets/graphsdb/mcs70/bvg/b03/mcs70_b03_s100.A07 fileNameGt=../../cp2016-max-common-connected-subgraph-paper/datasets/graphsdb/mcs70/bvg/b03/mcs70_b03_s100.B07
Reading graphs...
100 :  149
100 :  149
Initializing...
maxdom : 7
D->valSize : 373
Solving...
Blb : 2 (clique : 48)
currentSize : 48 <-- 0.004202 s
currentSize : 49 <-- 0.016901 s
currentSize : 50 <-- 0.033037 s
currentSize : 51 <-- 0.038775 s
currentSize : 52 <-- 0.053499 s
currentSize : 53 <-- 0.059366 s
currentSize : 54 <-- 0.070936 s
currentSize : 55 <-- 4.089109 s
currentSize : 56 <-- 205.569519 s
currentSize : 57 <-- 206.463745 s
currentSize : 58 <-- 286.631348 s
currentSize : 59 <-- 286.719147 s
currentSize : 60 <-- 286.738403 s
currentSize : 61 <-- 598.354492 s
currentSize : 62 <-- 675.731079 s
currentSize : 63 <-- 677.285950 s
currentSize : 64 <-- 815.584656 s

TIMEOUT
maxsize : 64
nodes : 204244282.000000
filtered : 619877001.000000
time : 1000.000122
