Parameters: GAD=1 vflib=1 dir=0 label=0 vlabel=1 lowerbound=1 fileNameGp=../../cp2016-max-common-connected-subgraph-paper/datasets/graphsdb/mcs70/bvg/b03/mcs70_b03_s90.A09 fileNameGt=../../cp2016-max-common-connected-subgraph-paper/datasets/graphsdb/mcs70/bvg/b03/mcs70_b03_s90.B09
Reading graphs...
90 :  135
90 :  135
Initializing...
maxdom : 10
D->valSize : 531
Solving...
Blb : 2 (clique : 50)
currentSize : 50 <-- 0.010661 s
currentSize : 51 <-- 0.011313 s
currentSize : 52 <-- 0.011704 s
currentSize : 53 <-- 0.015534 s
currentSize : 54 <-- 0.025607 s
currentSize : 55 <-- 0.027698 s
currentSize : 56 <-- 0.038497 s
currentSize : 57 <-- 0.039694 s
currentSize : 58 <-- 0.040341 s
currentSize : 59 <-- 0.064906 s
currentSize : 60 <-- 0.169200 s
currentSize : 61 <-- 0.290413 s
currentSize : 62 <-- 0.290718 s

TIMEOUT
maxsize : 62
nodes : 157620946.000000
filtered : 1170837137.000000
time : 1000.000122
