Parameters: GAD=1 vflib=1 dir=0 label=0 vlabel=1 lowerbound=1 fileNameGp=../../cp2016-max-common-connected-subgraph-paper/datasets/graphsdb/mcs70/bvg/b09/mcs70_b09_s70.A00 fileNameGt=../../cp2016-max-common-connected-subgraph-paper/datasets/graphsdb/mcs70/bvg/b09/mcs70_b09_s70.B00
Reading graphs...
70 :  313
70 :  313
Initializing...
maxdom : 8
D->valSize : 362
Solving...
Blb : 2 (clique : 28)
currentSize : 28 <-- 0.004239 s
currentSize : 31 <-- 0.004446 s
currentSize : 36 <-- 0.004854 s
currentSize : 40 <-- 0.005197 s
currentSize : 42 <-- 0.032996 s
currentSize : 45 <-- 0.033460 s
currentSize : 46 <-- 0.034144 s
currentSize : 48 <-- 0.034602 s

maxsize : 48
nodes : 95443.000000
filtered : 732887.000000
time : 0.482381
