Parameters: GAD=1 vflib=1 dir=0 label=0 vlabel=1 lowerbound=1 fileNameGp=../../cp2016-max-common-connected-subgraph-paper/datasets/graphsdb/mcs70/m3D/m3D/mcs70_m3D_s90.A09 fileNameGt=../../cp2016-max-common-connected-subgraph-paper/datasets/graphsdb/mcs70/m3D/m3D/mcs70_m3D_s90.B09
Reading graphs...
90 :  208
90 :  209
Initializing...
maxdom : 10
D->valSize : 562
Solving...
Blb : 2 (clique : 49)
currentSize : 49 <-- 0.006854 s
currentSize : 50 <-- 0.008963 s
currentSize : 51 <-- 0.010004 s
currentSize : 53 <-- 0.033935 s
currentSize : 54 <-- 0.046059 s
currentSize : 55 <-- 0.060900 s
currentSize : 56 <-- 0.061002 s
currentSize : 57 <-- 0.097010 s
currentSize : 59 <-- 0.097084 s
currentSize : 60 <-- 0.215931 s
currentSize : 61 <-- 32.684734 s
currentSize : 63 <-- 32.684883 s
currentSize : 64 <-- 32.931606 s

TIMEOUT
maxsize : 64
nodes : 210499789.000000
filtered : 951248431.000000
time : 1000.000122
