Parameters: GAD=1 vflib=1 dir=0 label=0 vlabel=1 lowerbound=1 fileNameGp=../../cp2016-max-common-connected-subgraph-paper/datasets/graphsdb/mcs70/m2D/m2D/mcs70_m2D_s90.A09 fileNameGt=../../cp2016-max-common-connected-subgraph-paper/datasets/graphsdb/mcs70/m2D/m2D/mcs70_m2D_s90.B09
Reading graphs...
90 :  161
90 :  161
Initializing...
maxdom : 10
D->valSize : 619
Solving...
Blb : 2 (clique : 55)
currentSize : 55 <-- 0.008125 s
currentSize : 58 <-- 0.008712 s
currentSize : 59 <-- 0.010069 s
currentSize : 60 <-- 0.204276 s
currentSize : 61 <-- 1.903180 s
currentSize : 62 <-- 1.969334 s
currentSize : 63 <-- 547.125854 s
currentSize : 64 <-- 733.966675 s

TIMEOUT
maxsize : 64
nodes : 162495697.000000
filtered : 1152793668.000000
time : 1000.000122
