Parameters: GAD=1 vflib=1 dir=0 label=0 vlabel=1 lowerbound=1 fileNameGp=../../cp2016-max-common-connected-subgraph-paper/datasets/graphsdb/mcs70/m2D/m2D/mcs70_m2D_s90.A03 fileNameGt=../../cp2016-max-common-connected-subgraph-paper/datasets/graphsdb/mcs70/m2D/m2D/mcs70_m2D_s90.B03
Reading graphs...
90 :  160
90 :  161
Initializing...
maxdom : 10
D->valSize : 579
Solving...
Blb : 2 (clique : 49)
currentSize : 49 <-- 0.007233 s
currentSize : 50 <-- 0.271178 s
currentSize : 52 <-- 49.896633 s
currentSize : 53 <-- 95.371689 s
currentSize : 54 <-- 131.656601 s
currentSize : 55 <-- 132.801102 s
currentSize : 58 <-- 133.001724 s

TIMEOUT
maxsize : 58
nodes : 186179525.000000
filtered : 922406630.000000
time : 1000.000122
