Parameters: GAD=1 vflib=1 dir=0 label=0 vlabel=1 lowerbound=1 fileNameGp=../../cp2016-max-common-connected-subgraph-paper/datasets/graphsdb/mcs70/bvg/b09/mcs70_b09_s80.A03 fileNameGt=../../cp2016-max-common-connected-subgraph-paper/datasets/graphsdb/mcs70/bvg/b09/mcs70_b09_s80.B03
Reading graphs...
80 :  358
80 :  358
Initializing...
maxdom : 8
D->valSize : 429
Solving...
Blb : 2 (clique : 29)
currentSize : 29 <-- 0.004108 s
currentSize : 34 <-- 0.004367 s
currentSize : 35 <-- 0.004710 s
currentSize : 36 <-- 0.005956 s
currentSize : 37 <-- 0.006099 s
currentSize : 38 <-- 0.011588 s
currentSize : 43 <-- 0.012042 s
currentSize : 45 <-- 0.012236 s
currentSize : 46 <-- 0.012999 s
currentSize : 50 <-- 0.018287 s
currentSize : 53 <-- 0.018467 s
currentSize : 56 <-- 0.019506 s

maxsize : 56
nodes : 2689681.000000
filtered : 19866659.000000
time : 14.582487
