Parameters: GAD=1 vflib=1 dir=0 label=0 vlabel=1 lowerbound=1 fileNameGp=../../cp2016-max-common-connected-subgraph-paper/datasets/graphsdb/mcs70/bvg/b09/mcs70_b09_s80.A02 fileNameGt=../../cp2016-max-common-connected-subgraph-paper/datasets/graphsdb/mcs70/bvg/b09/mcs70_b09_s80.B02
Reading graphs...
80 :  357
80 :  355
Initializing...
maxdom : 8
D->valSize : 428
Solving...
Blb : 3 (clique : 30)
currentSize : 30 <-- 0.004355 s
currentSize : 31 <-- 0.006219 s
currentSize : 33 <-- 0.039937 s
currentSize : 34 <-- 0.040160 s
currentSize : 35 <-- 0.042335 s
currentSize : 36 <-- 0.042497 s
currentSize : 37 <-- 0.042704 s
currentSize : 38 <-- 0.048542 s
currentSize : 39 <-- 0.048816 s
currentSize : 40 <-- 0.055604 s
currentSize : 42 <-- 0.063979 s
currentSize : 43 <-- 0.064533 s
currentSize : 44 <-- 0.066180 s
currentSize : 46 <-- 0.066352 s
currentSize : 47 <-- 0.097775 s
currentSize : 49 <-- 0.097928 s
currentSize : 52 <-- 0.098121 s
currentSize : 53 <-- 0.099002 s
currentSize : 56 <-- 0.099246 s

maxsize : 56
nodes : 101880.000000
filtered : 733976.000000
time : 0.561613
