Parameters: GAD=1 vflib=1 dir=0 label=0 vlabel=1 lowerbound=1 fileNameGp=../../cp2016-max-common-connected-subgraph-paper/datasets/graphsdb/mcs70/m2D/m2D/mcs70_m2D_s80.A04 fileNameGt=../../cp2016-max-common-connected-subgraph-paper/datasets/graphsdb/mcs70/m2D/m2D/mcs70_m2D_s80.B04
Reading graphs...
80 :  141
80 :  142
Initializing...
maxdom : 10
D->valSize : 445
Solving...
Blb : 2 (clique : 39)
currentSize : 39 <-- 0.004583 s
currentSize : 40 <-- 0.005033 s
currentSize : 41 <-- 0.064355 s
currentSize : 42 <-- 0.064655 s
currentSize : 43 <-- 0.943955 s
currentSize : 44 <-- 97.094131 s
currentSize : 45 <-- 112.693016 s
currentSize : 47 <-- 145.142365 s
currentSize : 48 <-- 145.142502 s
currentSize : 49 <-- 275.523834 s
currentSize : 50 <-- 275.524261 s
currentSize : 51 <-- 300.934570 s

maxsize : 51
nodes : 80056265.000000
filtered : 411367678.000000
time : 385.911224
