Parameters: GAD=1 vflib=1 dir=0 label=0 vlabel=1 lowerbound=1 fileNameGp=../../cp2016-max-common-connected-subgraph-paper/datasets/graphsdb/mcs70/m2D/m2Dr2/mcs70_m2Dr2_s80.A08 fileNameGt=../../cp2016-max-common-connected-subgraph-paper/datasets/graphsdb/mcs70/m2D/m2Dr2/mcs70_m2Dr2_s80.B08
Reading graphs...
80 :  156
80 :  154
Initializing...
maxdom : 9
D->valSize : 408
Solving...
Blb : 2 (clique : 29)
currentSize : 29 <-- 0.006744 s
currentSize : 30 <-- 0.109027 s
currentSize : 31 <-- 0.190008 s
currentSize : 32 <-- 0.199126 s
currentSize : 33 <-- 12.234193 s
currentSize : 34 <-- 179.210373 s
currentSize : 35 <-- 187.684769 s
currentSize : 36 <-- 213.742172 s
currentSize : 37 <-- 284.687897 s
currentSize : 38 <-- 364.753784 s

TIMEOUT
maxsize : 38
nodes : 182302974.000000
filtered : 1486510398.000000
time : 1000.000061
