Parameters: GAD=1 vflib=1 dir=0 label=0 vlabel=1 lowerbound=1 fileNameGp=../../cp2016-max-common-connected-subgraph-paper/datasets/graphsdb/mcs70/m2D/m2Dr4/mcs70_m2Dr4_s50.A06 fileNameGt=../../cp2016-max-common-connected-subgraph-paper/datasets/graphsdb/mcs70/m2D/m2Dr4/mcs70_m2Dr4_s50.B06
Reading graphs...
50 :  104
50 :  104
Initializing...
maxdom : 9
D->valSize : 332
Solving...
Blb : 2 (clique : 20)
currentSize : 20 <-- 0.002419 s
currentSize : 21 <-- 0.002540 s
currentSize : 22 <-- 0.002601 s
currentSize : 23 <-- 0.003619 s
currentSize : 24 <-- 0.005835 s
currentSize : 25 <-- 0.006993 s
currentSize : 26 <-- 0.007157 s
currentSize : 28 <-- 0.848853 s
currentSize : 31 <-- 1.902443 s
currentSize : 32 <-- 1.902671 s
currentSize : 33 <-- 2.326481 s
currentSize : 34 <-- 3.017386 s
currentSize : 36 <-- 3.435186 s

maxsize : 36
nodes : 789717.000000
filtered : 7323696.000000
time : 3.501464
