Parameters: GAD=1 vflib=1 dir=0 label=0 vlabel=1 lowerbound=1 fileNameGp=../../cp2016-max-common-connected-subgraph-paper/datasets/graphsdb/mcs70/m3D/m3Dr4/mcs70_m3Dr4_s100.A07 fileNameGt=../../cp2016-max-common-connected-subgraph-paper/datasets/graphsdb/mcs70/m3D/m3Dr4/mcs70_m3Dr4_s100.B07
Reading graphs...
100 :  273
100 :  272
Initializing...
maxdom : 7
D->valSize : 388
Solving...
Blb : 3 (clique : 53)
currentSize : 53 <-- 0.007008 s
currentSize : 54 <-- 0.054349 s
currentSize : 55 <-- 0.054996 s
currentSize : 56 <-- 0.055784 s
currentSize : 57 <-- 71.538460 s
currentSize : 58 <-- 71.538872 s
currentSize : 59 <-- 71.539391 s
currentSize : 60 <-- 71.540016 s
currentSize : 61 <-- 901.339478 s
currentSize : 62 <-- 901.339905 s
currentSize : 63 <-- 901.340393 s
currentSize : 64 <-- 901.341064 s

TIMEOUT
maxsize : 64
nodes : 207153179.000000
filtered : 642139500.000000
time : 1000.000061
