Parameters: GAD=1 vflib=1 dir=0 label=0 vlabel=1 lowerbound=1 fileNameGp=../../cp2016-max-common-connected-subgraph-paper/datasets/graphsdb/mcs70/m2D/m2D/mcs70_m2D_s100.A03 fileNameGt=../../cp2016-max-common-connected-subgraph-paper/datasets/graphsdb/mcs70/m2D/m2D/mcs70_m2D_s100.B03
Reading graphs...
100 :  180
100 :  180
Initializing...
maxdom : 8
D->valSize : 371
Solving...
Blb : 2 (clique : 48)
currentSize : 48 <-- 0.004116 s
currentSize : 49 <-- 0.004520 s
currentSize : 50 <-- 0.004970 s
currentSize : 51 <-- 0.005116 s
currentSize : 52 <-- 0.005885 s
currentSize : 53 <-- 0.007485 s
currentSize : 54 <-- 0.007693 s
currentSize : 55 <-- 0.010174 s
currentSize : 56 <-- 0.020794 s
currentSize : 57 <-- 3.264361 s
currentSize : 58 <-- 46.886925 s
currentSize : 59 <-- 46.892548 s
currentSize : 60 <-- 48.500561 s

TIMEOUT
maxsize : 60
nodes : 189101551.000000
filtered : 735921076.000000
time : 1000.000122
