Parameters: GAD=1 vflib=1 dir=0 label=0 vlabel=1 lowerbound=1 fileNameGp=../../cp2016-max-common-connected-subgraph-paper/datasets/graphsdb/mcs70/bvg/b06/mcs70_b06_s80.A04 fileNameGt=../../cp2016-max-common-connected-subgraph-paper/datasets/graphsdb/mcs70/bvg/b06/mcs70_b06_s80.B04
Reading graphs...
80 :  240
80 :  239
Initializing...
maxdom : 11
D->valSize : 457
Solving...
Blb : 2 (clique : 28)
currentSize : 28 <-- 0.007607 s
currentSize : 36 <-- 0.007963 s
currentSize : 37 <-- 0.008352 s
currentSize : 38 <-- 0.008455 s
currentSize : 39 <-- 0.008549 s
currentSize : 40 <-- 0.009827 s
currentSize : 42 <-- 0.197523 s
currentSize : 44 <-- 0.197619 s
currentSize : 45 <-- 0.198051 s
currentSize : 48 <-- 0.486882 s
currentSize : 50 <-- 0.486967 s
currentSize : 52 <-- 0.487100 s
currentSize : 54 <-- 7.955525 s
currentSize : 56 <-- 7.955693 s

maxsize : 56
nodes : 2183528.000000
filtered : 15703139.000000
time : 12.403578
