Parameters: GAD=1 vflib=1 dir=0 label=0 vlabel=1 lowerbound=1 fileNameGp=../../cp2016-max-common-connected-subgraph-paper/datasets/graphsdb/mcs70/bvg/b03/mcs70_b03_s100.A04 fileNameGt=../../cp2016-max-common-connected-subgraph-paper/datasets/graphsdb/mcs70/bvg/b03/mcs70_b03_s100.B04
Reading graphs...
100 :  150
100 :  150
Initializing...
maxdom : 6
D->valSize : 357
Solving...
Blb : 2 (clique : 57)
currentSize : 57 <-- 0.004144 s
currentSize : 59 <-- 0.005942 s
currentSize : 61 <-- 0.008039 s
currentSize : 62 <-- 0.016526 s
currentSize : 63 <-- 0.016817 s
currentSize : 65 <-- 0.032301 s
currentSize : 66 <-- 0.259809 s
currentSize : 68 <-- 0.273092 s

TIMEOUT
maxsize : 68
nodes : 197289599.000000
filtered : 582783725.000000
time : 1000.000122
