Parameters: GAD=1 vflib=1 dir=0 label=0 vlabel=1 lowerbound=1 fileNameGp=../../cp2016-max-common-connected-subgraph-paper/datasets/graphsdb/mcs70/m3D/m3Dr6/mcs70_m3Dr6_s100.A07 fileNameGt=../../cp2016-max-common-connected-subgraph-paper/datasets/graphsdb/mcs70/m3D/m3Dr6/mcs70_m3Dr6_s100.B07
Reading graphs...
100 :  293
100 :  293
Initializing...
maxdom : 6
D->valSize : 370
Solving...
Blb : 3 (clique : 40)
currentSize : 40 <-- 0.004267 s
currentSize : 41 <-- 0.005040 s
currentSize : 44 <-- 0.006611 s
currentSize : 45 <-- 0.006926 s
currentSize : 47 <-- 2.429525 s
currentSize : 49 <-- 2.429784 s
currentSize : 50 <-- 5.967942 s
currentSize : 51 <-- 9.889106 s
currentSize : 52 <-- 9.889554 s
currentSize : 53 <-- 9.889893 s
currentSize : 54 <-- 44.448303 s
currentSize : 56 <-- 47.412766 s
currentSize : 57 <-- 47.454594 s
currentSize : 59 <-- 174.838943 s
currentSize : 60 <-- 226.994629 s
currentSize : 61 <-- 226.995300 s
currentSize : 63 <-- 227.060532 s
currentSize : 64 <-- 227.141205 s

maxsize : 64
nodes : 58098824.000000
filtered : 236423482.000000
time : 312.781250
