Parameters: GAD=1 vflib=1 dir=0 label=0 vlabel=1 lowerbound=1 fileNameGp=../../cp2016-max-common-connected-subgraph-paper/datasets/graphsdb/mcs70/bvg/b09m/mcs70_b09m_s70.A03 fileNameGt=../../cp2016-max-common-connected-subgraph-paper/datasets/graphsdb/mcs70/bvg/b09m/mcs70_b09m_s70.B03
Reading graphs...
70 :  308
70 :  304
Initializing...
maxdom : 9
D->valSize : 391
Solving...
Blb : 2 (clique : 22)
currentSize : 22 <-- 0.003429 s
currentSize : 23 <-- 0.003796 s
currentSize : 24 <-- 0.004898 s
currentSize : 25 <-- 0.004961 s
currentSize : 26 <-- 0.005318 s
currentSize : 27 <-- 0.005763 s
currentSize : 29 <-- 0.006057 s
currentSize : 31 <-- 0.006809 s
currentSize : 32 <-- 0.006929 s
currentSize : 33 <-- 0.007080 s
currentSize : 34 <-- 0.007227 s
currentSize : 36 <-- 0.307798 s
currentSize : 38 <-- 0.307915 s
currentSize : 48 <-- 0.318065 s

maxsize : 48
nodes : 104650.000000
filtered : 931304.000000
time : 0.562822
