Parameters: GAD=1 vflib=1 dir=0 label=0 vlabel=1 lowerbound=1 fileNameGp=../../cp2016-max-common-connected-subgraph-paper/datasets/graphsdb/mcs90/rand/r005/mcs90_r005_s80.A03 fileNameGt=../../cp2016-max-common-connected-subgraph-paper/datasets/graphsdb/mcs90/rand/r005/mcs90_r005_s80.B03
Reading graphs...
80 :  307
80 :  306
Initializing...
maxdom : 9
D->valSize : 460
Solving...
Blb : 2 (clique : 26)
currentSize : 26 <-- 0.004614 s
currentSize : 27 <-- 0.016120 s
currentSize : 28 <-- 0.048478 s
currentSize : 29 <-- 0.048744 s
currentSize : 32 <-- 0.052061 s
currentSize : 33 <-- 0.056692 s
currentSize : 34 <-- 0.069013 s
currentSize : 35 <-- 0.080561 s
currentSize : 36 <-- 0.082891 s
currentSize : 37 <-- 0.087416 s
currentSize : 40 <-- 0.211895 s
currentSize : 43 <-- 0.334013 s
currentSize : 45 <-- 0.389792 s
currentSize : 49 <-- 0.410798 s
currentSize : 50 <-- 0.420737 s
currentSize : 54 <-- 0.430357 s
currentSize : 56 <-- 0.435516 s
currentSize : 57 <-- 0.436630 s
currentSize : 62 <-- 0.439102 s
currentSize : 65 <-- 0.439919 s
currentSize : 72 <-- 0.440539 s

maxsize : 72
nodes : 75212.000000
filtered : 546559.000000
time : 0.441732
