Parameters: GAD=1 vflib=1 dir=0 label=0 vlabel=1 lowerbound=1 fileNameGp=../../cp2016-max-common-connected-subgraph-paper/datasets/graphsdb/mcs90/bvg/b09/mcs90_b09_s70.A04 fileNameGt=../../cp2016-max-common-connected-subgraph-paper/datasets/graphsdb/mcs90/bvg/b09/mcs90_b09_s70.B04
Reading graphs...
70 :  314
70 :  312
Initializing...
maxdom : 8
D->valSize : 341
Solving...
Blb : 3 (clique : 22)
currentSize : 22 <-- 0.002869 s
currentSize : 23 <-- 0.074668 s
currentSize : 24 <-- 0.074958 s
currentSize : 25 <-- 0.079831 s
currentSize : 26 <-- 0.079972 s
currentSize : 27 <-- 0.106276 s
currentSize : 28 <-- 0.106455 s
currentSize : 29 <-- 0.106636 s
currentSize : 30 <-- 0.141686 s
currentSize : 31 <-- 0.156663 s
currentSize : 34 <-- 0.158069 s
currentSize : 35 <-- 0.170190 s
currentSize : 36 <-- 0.175597 s
currentSize : 37 <-- 0.176622 s
currentSize : 40 <-- 0.176739 s
currentSize : 41 <-- 0.183458 s
currentSize : 44 <-- 0.186450 s
currentSize : 52 <-- 0.187660 s
currentSize : 62 <-- 0.202631 s

maxsize : 62
nodes : 42260.000000
filtered : 246980.000000
time : 0.203406
