Parameters: GAD=1 vflib=1 dir=0 label=0 vlabel=1 lowerbound=1 fileNameGp=../../cp2016-max-common-connected-subgraph-paper/datasets/graphsdb/mcs90/m3D/m3Dr4/mcs90_m3Dr4_s80.A05 fileNameGt=../../cp2016-max-common-connected-subgraph-paper/datasets/graphsdb/mcs90/m3D/m3Dr4/mcs90_m3Dr4_s80.B05
Reading graphs...
80 :  214
80 :  214
Initializing...
maxdom : 8
D->valSize : 448
Solving...
Blb : 2 (clique : 37)
currentSize : 37 <-- 0.004620 s
currentSize : 38 <-- 2.284774 s
currentSize : 39 <-- 2.288702 s
currentSize : 40 <-- 3.701951 s
currentSize : 41 <-- 3.818193 s
currentSize : 42 <-- 3.818880 s
currentSize : 43 <-- 8.257956 s
currentSize : 45 <-- 10.161665 s
currentSize : 47 <-- 10.361329 s
currentSize : 48 <-- 12.190051 s
currentSize : 50 <-- 12.399141 s
currentSize : 52 <-- 12.508013 s
currentSize : 56 <-- 12.508438 s
currentSize : 58 <-- 12.980537 s
currentSize : 63 <-- 12.981733 s
currentSize : 64 <-- 12.982076 s

maxsize : 64
nodes : 2495977.000000
filtered : 13778008.000000
time : 13.079860
