Parameters: GAD=1 vflib=1 dir=0 label=0 vlabel=1 lowerbound=1 fileNameGp=../../cp2016-max-common-connected-subgraph-paper/datasets/graphsdb/mcs90/bvg/b09/mcs90_b09_s80.A03 fileNameGt=../../cp2016-max-common-connected-subgraph-paper/datasets/graphsdb/mcs90/bvg/b09/mcs90_b09_s80.B03
Reading graphs...
80 :  359
80 :  359
Initializing...
maxdom : 9
D->valSize : 485
Solving...
Blb : 2 (clique : 36)
currentSize : 36 <-- 0.004879 s
currentSize : 37 <-- 0.071288 s
currentSize : 42 <-- 0.216081 s
currentSize : 43 <-- 0.227775 s
currentSize : 46 <-- 0.351889 s
currentSize : 48 <-- 0.357340 s
currentSize : 49 <-- 0.442504 s
currentSize : 52 <-- 0.450919 s
currentSize : 59 <-- 0.534362 s
currentSize : 67 <-- 0.534687 s
currentSize : 72 <-- 0.537477 s

maxsize : 72
nodes : 106839.000000
filtered : 671753.000000
time : 0.538667
