Parameters: GAD=1 vflib=1 dir=0 label=0 vlabel=1 lowerbound=1 fileNameGp=../../cp2016-max-common-connected-subgraph-paper/datasets/graphsdb/mcs90/bvg/b03m/mcs90_b03m_s100.A01 fileNameGt=../../cp2016-max-common-connected-subgraph-paper/datasets/graphsdb/mcs90/bvg/b03m/mcs90_b03m_s100.B01
Reading graphs...
100 :  149
100 :  149
Initializing...
maxdom : 8
D->valSize : 402
Solving...
Blb : 3 (clique : 78)
currentSize : 78 <-- 0.004767 s
currentSize : 79 <-- 0.006238 s
currentSize : 80 <-- 0.007617 s
currentSize : 82 <-- 0.008105 s
currentSize : 84 <-- 0.008948 s
currentSize : 86 <-- 0.009385 s
currentSize : 88 <-- 0.013697 s
currentSize : 90 <-- 0.014241 s

maxsize : 90
nodes : 1924.000000
filtered : 5446.000000
time : 0.014816
