Parameters: GAD=1 vflib=1 dir=0 label=0 vlabel=1 lowerbound=1 fileNameGp=../../cp2016-max-common-connected-subgraph-paper/datasets/graphsdb/mcs90/bvg/b06/mcs90_b06_s40.A08 fileNameGt=../../cp2016-max-common-connected-subgraph-paper/datasets/graphsdb/mcs90/bvg/b06/mcs90_b06_s40.B08
Reading graphs...
40 :  120
40 :  119
Initializing...
maxdom : 8
D->valSize : 246
Solving...
Blb : 2 (clique : 14)
currentSize : 14 <-- 0.001493 s
currentSize : 15 <-- 0.001603 s
currentSize : 16 <-- 0.001673 s
currentSize : 17 <-- 0.003011 s
currentSize : 18 <-- 0.009379 s
currentSize : 19 <-- 0.009401 s
currentSize : 20 <-- 0.009454 s
currentSize : 21 <-- 0.009532 s
currentSize : 22 <-- 0.009986 s
currentSize : 23 <-- 0.021079 s
currentSize : 27 <-- 0.021115 s
currentSize : 36 <-- 0.023088 s

maxsize : 36
nodes : 5364.000000
filtered : 46024.000000
time : 0.023199
