Parameters: GAD=1 vflib=1 dir=0 label=0 vlabel=1 lowerbound=1 fileNameGp=../../cp2016-max-common-connected-subgraph-paper/datasets/graphsdb/mcs90/rand/r005/mcs90_r005_s50.A07 fileNameGt=../../cp2016-max-common-connected-subgraph-paper/datasets/graphsdb/mcs90/rand/r005/mcs90_r005_s50.B07
Reading graphs...
50 :  119
50 :  119
Initializing...
maxdom : 10
D->valSize : 358
Solving...
Blb : 2 (clique : 23)
currentSize : 23 <-- 0.002660 s
currentSize : 25 <-- 0.002809 s
currentSize : 26 <-- 0.002904 s
currentSize : 27 <-- 0.002938 s
currentSize : 28 <-- 0.003430 s
currentSize : 32 <-- 0.005248 s
currentSize : 34 <-- 0.013935 s
currentSize : 37 <-- 0.014688 s
currentSize : 45 <-- 0.016281 s

maxsize : 45
nodes : 2695.000000
filtered : 33962.000000
time : 0.016780
