Parameters: GAD=1 vflib=1 dir=0 label=0 vlabel=1 lowerbound=1 fileNameGp=../../cp2016-max-common-connected-subgraph-paper/datasets/graphsdb/mcs90/m3D/m3Dr2/mcs90_m3Dr2_s80.A07 fileNameGt=../../cp2016-max-common-connected-subgraph-paper/datasets/graphsdb/mcs90/m3D/m3Dr2/mcs90_m3Dr2_s80.B07
Reading graphs...
80 :  199
80 :  200
Initializing...
maxdom : 7
D->valSize : 431
Solving...
Blb : 2 (clique : 35)
currentSize : 35 <-- 0.004410 s
currentSize : 36 <-- 0.004699 s
currentSize : 37 <-- 0.021517 s
currentSize : 39 <-- 0.023434 s
currentSize : 40 <-- 0.023661 s
currentSize : 41 <-- 0.137271 s
currentSize : 42 <-- 0.137571 s
currentSize : 43 <-- 0.137684 s
currentSize : 44 <-- 0.138097 s
currentSize : 45 <-- 0.139351 s
currentSize : 46 <-- 1.196064 s
currentSize : 47 <-- 1.820842 s
currentSize : 48 <-- 1.821518 s
currentSize : 50 <-- 2.533211 s
currentSize : 52 <-- 2.533293 s
currentSize : 56 <-- 2.533464 s
currentSize : 59 <-- 2.960262 s
currentSize : 64 <-- 2.960403 s

maxsize : 64
nodes : 711543.000000
filtered : 2845101.000000
time : 3.209468
