Parameters: GAD=1 vflib=1 dir=0 label=0 vlabel=1 lowerbound=1 fileNameGp=../../cp2016-max-common-connected-subgraph-paper/datasets/graphsdb/mcs90/bvg/b09/mcs90_b09_s90.A09 fileNameGt=../../cp2016-max-common-connected-subgraph-paper/datasets/graphsdb/mcs90/bvg/b09/mcs90_b09_s90.B09
Reading graphs...
90 :  403
90 :  405
Initializing...
maxdom : 12
D->valSize : 592
Solving...
Blb : 2 (clique : 30)
currentSize : 30 <-- 0.007164 s
currentSize : 31 <-- 0.008147 s
currentSize : 32 <-- 0.008318 s
currentSize : 33 <-- 0.054195 s
currentSize : 35 <-- 0.054728 s
currentSize : 36 <-- 0.074922 s
currentSize : 37 <-- 0.076970 s
currentSize : 41 <-- 0.128978 s
currentSize : 46 <-- 0.294222 s
currentSize : 49 <-- 2.219980 s
currentSize : 51 <-- 2.510899 s
currentSize : 53 <-- 2.511814 s
currentSize : 54 <-- 2.784326 s
currentSize : 56 <-- 2.785013 s
currentSize : 68 <-- 2.962006 s
currentSize : 72 <-- 2.962290 s
currentSize : 80 <-- 2.965371 s

maxsize : 80
nodes : 478710.000000
filtered : 4428637.000000
time : 2.965844
