Parameters: GAD=1 vflib=1 dir=0 label=0 vlabel=1 lowerbound=1 fileNameGp=../../cp2016-max-common-connected-subgraph-paper/datasets/graphsdb/mcs90/m2D/m2Dr6/mcs90_m2Dr6_s100.A06 fileNameGt=../../cp2016-max-common-connected-subgraph-paper/datasets/graphsdb/mcs90/m2D/m2Dr6/mcs90_m2Dr6_s100.B06
Reading graphs...
100 :  240
100 :  240
Initializing...
maxdom : 7
D->valSize : 365
Solving...
Blb : 2 (clique : 72)
currentSize : 72 <-- 0.003946 s
currentSize : 74 <-- 0.004358 s
currentSize : 75 <-- 0.006573 s
currentSize : 76 <-- 0.008568 s
currentSize : 77 <-- 0.422392 s
currentSize : 78 <-- 0.424727 s
currentSize : 79 <-- 0.440709 s
currentSize : 80 <-- 0.443326 s
currentSize : 81 <-- 0.446139 s

maxsize : 81
nodes : 88184.000000
filtered : 370931.000000
time : 0.600553
