Parameters: GAD=1 vflib=1 dir=0 label=0 vlabel=1 lowerbound=1 fileNameGp=../../cp2016-max-common-connected-subgraph-paper/datasets/graphsdb/mcs90/bvg/b06/mcs90_b06_s80.A08 fileNameGt=../../cp2016-max-common-connected-subgraph-paper/datasets/graphsdb/mcs90/bvg/b06/mcs90_b06_s80.B08
Reading graphs...
80 :  239
80 :  240
Initializing...
maxdom : 9
D->valSize : 465
Solving...
Blb : 3 (clique : 47)
currentSize : 47 <-- 0.004778 s
currentSize : 48 <-- 0.005416 s
currentSize : 49 <-- 0.032030 s
currentSize : 51 <-- 0.084008 s
currentSize : 52 <-- 0.090006 s
currentSize : 53 <-- 0.093779 s
currentSize : 64 <-- 0.673347 s
currentSize : 65 <-- 0.674175 s
currentSize : 70 <-- 0.676436 s
currentSize : 72 <-- 0.676637 s

maxsize : 72
nodes : 132604.000000
filtered : 814732.000000
time : 0.677116
