Parameters: GAD=1 vflib=1 dir=0 label=0 vlabel=1 lowerbound=1 fileNameGp=../../cp2016-max-common-connected-subgraph-paper/datasets/graphsdb/mcs90/m2D/m2Dr4/mcs90_m2Dr4_s100.A09 fileNameGt=../../cp2016-max-common-connected-subgraph-paper/datasets/graphsdb/mcs90/m2D/m2Dr4/mcs90_m2Dr4_s100.B09
Reading graphs...
100 :  219
100 :  218
Initializing...
maxdom : 8
D->valSize : 426
Solving...
Blb : 2 (clique : 64)
currentSize : 64 <-- 0.008025 s
currentSize : 65 <-- 0.009234 s
currentSize : 66 <-- 0.010616 s
currentSize : 67 <-- 0.011580 s
currentSize : 68 <-- 0.017655 s
currentSize : 69 <-- 0.018471 s
currentSize : 71 <-- 0.019063 s
currentSize : 72 <-- 0.020156 s
currentSize : 74 <-- 0.027434 s
currentSize : 75 <-- 0.029478 s
currentSize : 78 <-- 0.905506 s
currentSize : 81 <-- 1.901393 s

maxsize : 81
nodes : 325183.000000
filtered : 1743188.000000
time : 2.224216
