Parameters: GAD=1 vflib=1 dir=0 label=0 vlabel=1 lowerbound=1 fileNameGp=../../cp2016-max-common-connected-subgraph-paper/datasets/graphsdb/mcs90/bvg/b06/mcs90_b06_s80.A01 fileNameGt=../../cp2016-max-common-connected-subgraph-paper/datasets/graphsdb/mcs90/bvg/b06/mcs90_b06_s80.B01
Reading graphs...
80 :  240
80 :  239
Initializing...
maxdom : 11
D->valSize : 480
Solving...
Blb : 2 (clique : 38)
currentSize : 38 <-- 0.005016 s
currentSize : 40 <-- 0.005482 s
currentSize : 41 <-- 0.125843 s
currentSize : 43 <-- 0.128707 s
currentSize : 48 <-- 0.140711 s
currentSize : 49 <-- 0.141092 s
currentSize : 54 <-- 0.155851 s
currentSize : 56 <-- 3.574147 s
currentSize : 60 <-- 8.191795 s
currentSize : 62 <-- 9.150866 s
currentSize : 64 <-- 9.151227 s
currentSize : 65 <-- 9.164367 s
currentSize : 72 <-- 9.164550 s

maxsize : 72
nodes : 2004016.000000
filtered : 9782313.000000
time : 9.175127
