Parameters: GAD=1 vflib=1 dir=0 label=0 vlabel=1 lowerbound=1 fileNameGp=../../cp2016-max-common-connected-subgraph-paper/datasets/graphsdb/mcs90/bvg/b03m/mcs90_b03m_s50.A08 fileNameGt=../../cp2016-max-common-connected-subgraph-paper/datasets/graphsdb/mcs90/bvg/b03m/mcs90_b03m_s50.B08
Reading graphs...
50 :  75
50 :  75
Initializing...
maxdom : 12
D->valSize : 374
Solving...
Blb : 3 (clique : 29)
currentSize : 29 <-- 0.002940 s
currentSize : 30 <-- 0.004583 s
currentSize : 31 <-- 0.007110 s
currentSize : 33 <-- 0.008701 s
currentSize : 34 <-- 0.008914 s
currentSize : 35 <-- 0.020578 s
currentSize : 36 <-- 0.020846 s
currentSize : 38 <-- 0.022934 s
currentSize : 39 <-- 0.023196 s
currentSize : 40 <-- 0.023970 s
currentSize : 43 <-- 0.024185 s
currentSize : 44 <-- 0.024494 s

maxsize : 44
nodes : 5338.000000
filtered : 32407.000000
time : 0.024874
