Parameters: GAD=1 vflib=1 dir=0 label=0 vlabel=1 lowerbound=1 fileNameGp=../../cp2016-max-common-connected-subgraph-paper/datasets/graphsdb/mcs90/bvg/b09/mcs90_b09_s50.A07 fileNameGt=../../cp2016-max-common-connected-subgraph-paper/datasets/graphsdb/mcs90/bvg/b09/mcs90_b09_s50.B07
Reading graphs...
50 :  224
50 :  225
Initializing...
maxdom : 10
D->valSize : 359
Solving...
Blb : 2 (clique : 23)
currentSize : 23 <-- 0.002782 s
currentSize : 24 <-- 0.002997 s
currentSize : 25 <-- 0.003331 s
currentSize : 27 <-- 0.004073 s
currentSize : 29 <-- 0.006238 s
currentSize : 33 <-- 0.006417 s
currentSize : 36 <-- 0.010178 s
currentSize : 40 <-- 0.012129 s
currentSize : 44 <-- 0.012321 s

maxsize : 44
nodes : 2310.000000
filtered : 17864.000000
time : 0.012584
