Parameters: GAD=1 vflib=1 dir=0 label=0 vlabel=1 lowerbound=1 fileNameGp=../../cp2016-max-common-connected-subgraph-paper/datasets/graphsdb/mcs90/bvg/b06/mcs90_b06_s80.A00 fileNameGt=../../cp2016-max-common-connected-subgraph-paper/datasets/graphsdb/mcs90/bvg/b06/mcs90_b06_s80.B00
Reading graphs...
80 :  240
80 :  240
Initializing...
maxdom : 11
D->valSize : 478
Solving...
Blb : 2 (clique : 39)
currentSize : 39 <-- 0.005000 s
currentSize : 41 <-- 0.005264 s
currentSize : 42 <-- 0.005456 s
currentSize : 43 <-- 0.005691 s
currentSize : 44 <-- 0.005782 s
currentSize : 49 <-- 0.006115 s
currentSize : 50 <-- 0.013675 s
currentSize : 54 <-- 0.034355 s
currentSize : 56 <-- 0.179902 s
currentSize : 57 <-- 0.288313 s
currentSize : 58 <-- 0.433787 s
currentSize : 60 <-- 0.581631 s
currentSize : 61 <-- 0.581781 s
currentSize : 65 <-- 1.041945 s
currentSize : 69 <-- 1.042207 s
currentSize : 72 <-- 1.042702 s

maxsize : 72
nodes : 247654.000000
filtered : 1041173.000000
time : 1.044987
