Parameters: GAD=1 vflib=1 dir=0 label=0 vlabel=1 lowerbound=1 fileNameGp=../../cp2016-max-common-connected-subgraph-paper/datasets/graphsdb/mcs90/bvg/b09/mcs90_b09_s50.A05 fileNameGt=../../cp2016-max-common-connected-subgraph-paper/datasets/graphsdb/mcs90/bvg/b09/mcs90_b09_s50.B05
Reading graphs...
50 :  225
50 :  224
Initializing...
maxdom : 8
D->valSize : 327
Solving...
Blb : 2 (clique : 16)
currentSize : 16 <-- 0.002290 s
currentSize : 17 <-- 0.004437 s
currentSize : 18 <-- 0.006653 s
currentSize : 19 <-- 0.008764 s
currentSize : 20 <-- 0.008844 s
currentSize : 24 <-- 0.009388 s
currentSize : 25 <-- 0.011221 s
currentSize : 26 <-- 0.011394 s
currentSize : 30 <-- 0.011481 s
currentSize : 44 <-- 0.015335 s

maxsize : 44
nodes : 3546.000000
filtered : 16176.000000
time : 0.015687
