Parameters: GAD=1 vflib=1 dir=0 label=0 vlabel=1 lowerbound=1 fileNameGp=../../cp2016-max-common-connected-subgraph-paper/datasets/graphsdb/mcs90/bvg/b03/mcs90_b03_s90.A00 fileNameGt=../../cp2016-max-common-connected-subgraph-paper/datasets/graphsdb/mcs90/bvg/b03/mcs90_b03_s90.B00
Reading graphs...
90 :  135
90 :  135
Initializing...
maxdom : 14
D->valSize : 664
Solving...
Blb : 2 (clique : 67)
currentSize : 67 <-- 0.009311 s
currentSize : 70 <-- 0.009799 s
currentSize : 71 <-- 0.010058 s
currentSize : 72 <-- 0.010293 s
currentSize : 74 <-- 0.900703 s
currentSize : 76 <-- 1.210340 s
currentSize : 80 <-- 1.211126 s

maxsize : 80
nodes : 258898.000000
filtered : 1311621.000000
time : 1.513974
