Parameters: GAD=1 vflib=1 dir=0 label=0 vlabel=1 lowerbound=1 fileNameGp=../../cp2016-max-common-connected-subgraph-paper/datasets/graphsdb/mcs90/bvg/b09/mcs90_b09_s90.A01 fileNameGt=../../cp2016-max-common-connected-subgraph-paper/datasets/graphsdb/mcs90/bvg/b09/mcs90_b09_s90.B01
Reading graphs...
90 :  404
90 :  405
Initializing...
maxdom : 9
D->valSize : 559
Solving...
Blb : 3 (clique : 31)
currentSize : 31 <-- 0.011168 s
currentSize : 32 <-- 0.016601 s
currentSize : 34 <-- 0.019822 s
currentSize : 37 <-- 0.029283 s
currentSize : 39 <-- 0.088730 s
currentSize : 40 <-- 0.106706 s
currentSize : 41 <-- 0.108247 s
currentSize : 45 <-- 0.117636 s
currentSize : 46 <-- 0.119408 s
currentSize : 49 <-- 0.119668 s
currentSize : 50 <-- 0.121284 s
currentSize : 51 <-- 0.126706 s
currentSize : 52 <-- 0.149429 s
currentSize : 54 <-- 0.152223 s
currentSize : 56 <-- 0.276961 s
currentSize : 57 <-- 0.280752 s
currentSize : 58 <-- 0.313063 s
currentSize : 60 <-- 0.317134 s
currentSize : 62 <-- 0.325939 s
currentSize : 80 <-- 0.390803 s

maxsize : 80
nodes : 41503.000000
filtered : 349665.000000
time : 0.392012
