Parameters: GAD=1 vflib=1 dir=0 label=0 vlabel=1 lowerbound=1 fileNameGp=../../cp2016-max-common-connected-subgraph-paper/datasets/graphsdb/mcs90/bvg/b03/mcs90_b03_s60.A07 fileNameGt=../../cp2016-max-common-connected-subgraph-paper/datasets/graphsdb/mcs90/bvg/b03/mcs90_b03_s60.B07
Reading graphs...
60 :  90
60 :  90
Initializing...
maxdom : 8
D->valSize : 307
Solving...
Blb : 2 (clique : 29)
currentSize : 29 <-- 0.002401 s
currentSize : 32 <-- 0.002565 s
currentSize : 33 <-- 0.003104 s
currentSize : 34 <-- 0.024161 s
currentSize : 35 <-- 0.285298 s
currentSize : 36 <-- 0.411160 s
currentSize : 37 <-- 0.411244 s
currentSize : 39 <-- 0.411729 s
currentSize : 41 <-- 0.411790 s
currentSize : 42 <-- 0.486974 s
currentSize : 44 <-- 0.595055 s
currentSize : 48 <-- 0.629946 s
currentSize : 52 <-- 0.631092 s
currentSize : 54 <-- 0.631927 s

maxsize : 54
nodes : 171561.000000
filtered : 566045.000000
time : 0.632156
