Parameters: GAD=1 vflib=1 dir=0 label=0 vlabel=1 lowerbound=1 fileNameGp=../../cp2016-max-common-connected-subgraph-paper/datasets/graphsdb/mcs90/bvg/b06/mcs90_b06_s70.A09 fileNameGt=../../cp2016-max-common-connected-subgraph-paper/datasets/graphsdb/mcs90/bvg/b06/mcs90_b06_s70.B09
Reading graphs...
70 :  210
70 :  210
Initializing...
maxdom : 9
D->valSize : 367
Solving...
Blb : 3 (clique : 28)
currentSize : 28 <-- 0.003111 s
currentSize : 31 <-- 0.010738 s
currentSize : 32 <-- 0.010919 s
currentSize : 33 <-- 0.011022 s
currentSize : 34 <-- 0.070187 s
currentSize : 37 <-- 0.351193 s
currentSize : 38 <-- 0.449700 s
currentSize : 44 <-- 0.663169 s
currentSize : 49 <-- 0.666525 s
currentSize : 53 <-- 0.714901 s
currentSize : 57 <-- 0.720115 s
currentSize : 63 <-- 0.720379 s

maxsize : 63
nodes : 188438.000000
filtered : 692239.000000
time : 0.720787
