Parameters: GAD=1 vflib=1 dir=0 label=0 vlabel=1 lowerbound=1 fileNameGp=../../cp2016-max-common-connected-subgraph-paper/datasets/graphsdb/mcs90/bvg/b06/mcs90_b06_s40.A00 fileNameGt=../../cp2016-max-common-connected-subgraph-paper/datasets/graphsdb/mcs90/bvg/b06/mcs90_b06_s40.B00
Reading graphs...
40 :  120
40 :  120
Initializing...
maxdom : 10
D->valSize : 260
Solving...
Blb : 2 (clique : 14)
currentSize : 14 <-- 0.001669 s
currentSize : 18 <-- 0.002226 s
currentSize : 19 <-- 0.002248 s
currentSize : 20 <-- 0.004191 s
currentSize : 21 <-- 0.004757 s
currentSize : 23 <-- 0.005040 s
currentSize : 24 <-- 0.005058 s
currentSize : 25 <-- 0.005117 s
currentSize : 29 <-- 0.007687 s
currentSize : 33 <-- 0.008154 s
currentSize : 36 <-- 0.008477 s

maxsize : 36
nodes : 2474.000000
filtered : 8976.000000
time : 0.008879
