Parameters: GAD=1 vflib=1 dir=0 label=0 vlabel=1 lowerbound=1 fileNameGp=../../cp2016-max-common-connected-subgraph-paper/datasets/graphsdb/mcs90/m3D/m3D/mcs90_m3D_s80.A09 fileNameGt=../../cp2016-max-common-connected-subgraph-paper/datasets/graphsdb/mcs90/m3D/m3D/mcs90_m3D_s80.B09
Reading graphs...
80 :  183
80 :  184
Initializing...
maxdom : 8
D->valSize : 465
Solving...
Blb : 2 (clique : 45)
currentSize : 45 <-- 0.008179 s
currentSize : 46 <-- 20.243206 s
currentSize : 48 <-- 23.526524 s
currentSize : 49 <-- 23.526756 s
currentSize : 50 <-- 25.156153 s
currentSize : 54 <-- 27.605114 s
currentSize : 55 <-- 27.605639 s
currentSize : 56 <-- 27.606497 s
currentSize : 58 <-- 28.667280 s
currentSize : 59 <-- 28.668047 s
currentSize : 60 <-- 28.669086 s
currentSize : 62 <-- 29.721115 s
currentSize : 63 <-- 29.722012 s
currentSize : 64 <-- 29.723110 s

maxsize : 64
nodes : 5497952.000000
filtered : 36802678.000000
time : 30.359072
