Parameters: GAD=1 vflib=1 dir=0 label=0 vlabel=1 lowerbound=1 fileNameGp=../../cp2016-max-common-connected-subgraph-paper/datasets/graphsdb/mcs90/m2D/m2D/mcs90_m2D_s80.A06 fileNameGt=../../cp2016-max-common-connected-subgraph-paper/datasets/graphsdb/mcs90/m2D/m2D/mcs90_m2D_s80.B06
Reading graphs...
80 :  142
80 :  142
Initializing...
maxdom : 8
D->valSize : 476
Solving...
Blb : 2 (clique : 52)
currentSize : 52 <-- 0.004981 s
currentSize : 53 <-- 3.428038 s
currentSize : 54 <-- 3.439188 s
currentSize : 55 <-- 3.450861 s
currentSize : 56 <-- 3.451381 s
currentSize : 57 <-- 3.457008 s
currentSize : 58 <-- 3.469870 s
currentSize : 61 <-- 3.958261 s
currentSize : 62 <-- 3.977019 s
currentSize : 63 <-- 3.977415 s
currentSize : 64 <-- 4.553636 s

maxsize : 64
nodes : 957723.000000
filtered : 5979345.000000
time : 5.215988
