Parameters: GAD=1 vflib=1 dir=0 label=0 vlabel=1 lowerbound=1 fileNameGp=../../cp2016-max-common-connected-subgraph-paper/datasets/graphsdb/mcs90/m4D/m4Dr4/mcs90_m4Dr4_s100.A02 fileNameGt=../../cp2016-max-common-connected-subgraph-paper/datasets/graphsdb/mcs90/m4D/m4Dr4/mcs90_m4Dr4_s100.B02
Reading graphs...
100 :  259
100 :  258
Initializing...
maxdom : 6
D->valSize : 351
Solving...
Blb : 3 (clique : 61)
currentSize : 61 <-- 0.003946 s
currentSize : 62 <-- 64.010498 s
currentSize : 63 <-- 84.642746 s
currentSize : 64 <-- 104.369629 s
currentSize : 65 <-- 128.681488 s
currentSize : 66 <-- 167.615967 s
currentSize : 67 <-- 176.703995 s
currentSize : 68 <-- 197.586044 s
currentSize : 69 <-- 205.445526 s
currentSize : 71 <-- 205.447998 s
currentSize : 72 <-- 214.140030 s
currentSize : 74 <-- 214.289322 s
currentSize : 76 <-- 214.291824 s
currentSize : 78 <-- 234.375443 s
currentSize : 79 <-- 268.409973 s
currentSize : 81 <-- 268.410187 s

maxsize : 81
nodes : 70290401.000000
filtered : 155038324.000000
time : 292.701324
