Parameters: GAD=1 vflib=1 dir=0 label=0 vlabel=1 lowerbound=1 fileNameGp=../../cp2016-max-common-connected-subgraph-paper/datasets/graphsdb/mcs90/rand/r005/mcs90_r005_s90.A08 fileNameGt=../../cp2016-max-common-connected-subgraph-paper/datasets/graphsdb/mcs90/rand/r005/mcs90_r005_s90.B08
Reading graphs...
90 :  389
90 :  390
Initializing...
maxdom : 10
D->valSize : 577
Solving...
Blb : 3 (clique : 51)
currentSize : 51 <-- 0.007002 s
currentSize : 52 <-- 0.007939 s
currentSize : 53 <-- 0.090051 s
currentSize : 55 <-- 0.113367 s
currentSize : 59 <-- 0.181916 s
currentSize : 61 <-- 0.183493 s
currentSize : 69 <-- 0.183772 s
currentSize : 81 <-- 0.195944 s

maxsize : 81
nodes : 29197.000000
filtered : 270208.000000
time : 0.196717
