Parameters: GAD=1 vflib=1 dir=0 label=0 vlabel=1 lowerbound=1 fileNameGp=../../cp2016-max-common-connected-subgraph-paper/datasets/graphsdb/mcs90/bvg/b06/mcs90_b06_s100.A07 fileNameGt=../../cp2016-max-common-connected-subgraph-paper/datasets/graphsdb/mcs90/bvg/b06/mcs90_b06_s100.B07
Reading graphs...
100 :  300
100 :  300
Initializing...
maxdom : 8
D->valSize : 416
Solving...
Blb : 2 (clique : 53)
currentSize : 53 <-- 0.004700 s
currentSize : 57 <-- 0.005064 s
currentSize : 58 <-- 0.005687 s
currentSize : 59 <-- 0.006983 s
currentSize : 60 <-- 0.007714 s
currentSize : 66 <-- 0.008284 s
currentSize : 68 <-- 0.008656 s
currentSize : 70 <-- 0.009174 s
currentSize : 72 <-- 0.010119 s
currentSize : 74 <-- 0.010507 s
currentSize : 75 <-- 0.015869 s
currentSize : 79 <-- 0.016439 s
currentSize : 82 <-- 0.132665 s
currentSize : 90 <-- 0.146877 s

maxsize : 90
nodes : 25755.000000
filtered : 114126.000000
time : 0.149719
