Parameters: GAD=1 vflib=1 dir=0 label=0 vlabel=1 lowerbound=1 fileNameGp=../../cp2016-max-common-connected-subgraph-paper/datasets/graphsdb/mcs90/bvg/b06/mcs90_b06_s80.A05 fileNameGt=../../cp2016-max-common-connected-subgraph-paper/datasets/graphsdb/mcs90/bvg/b06/mcs90_b06_s80.B05
Reading graphs...
80 :  240
80 :  240
Initializing...
maxdom : 8
D->valSize : 444
Solving...
Blb : 3 (clique : 37)
currentSize : 37 <-- 0.004435 s
currentSize : 38 <-- 0.014600 s
currentSize : 39 <-- 0.202980 s
currentSize : 40 <-- 0.203118 s
currentSize : 41 <-- 0.425129 s
currentSize : 42 <-- 0.425259 s
currentSize : 43 <-- 0.498953 s
currentSize : 44 <-- 0.499102 s
currentSize : 46 <-- 0.499192 s
currentSize : 47 <-- 0.741788 s
currentSize : 48 <-- 0.742025 s
currentSize : 51 <-- 0.788610 s
currentSize : 52 <-- 0.788825 s
currentSize : 53 <-- 0.789922 s
currentSize : 55 <-- 1.403487 s
currentSize : 57 <-- 2.727363 s
currentSize : 62 <-- 2.729693 s
currentSize : 64 <-- 2.761805 s
currentSize : 72 <-- 2.763941 s

maxsize : 72
nodes : 574750.000000
filtered : 3111137.000000
time : 2.766233
