Parameters: GAD=1 vflib=1 dir=0 label=0 vlabel=1 lowerbound=1 fileNameGp=../../cp2016-max-common-connected-subgraph-paper/datasets/graphsdb/mcs90/m2D/m2Dr2/mcs90_m2Dr2_s80.A05 fileNameGt=../../cp2016-max-common-connected-subgraph-paper/datasets/graphsdb/mcs90/m2D/m2Dr2/mcs90_m2Dr2_s80.B05
Reading graphs...
80 :  157
80 :  157
Initializing...
maxdom : 10
D->valSize : 448
Solving...
Blb : 3 (clique : 40)
currentSize : 40 <-- 0.007588 s
currentSize : 41 <-- 2.331747 s
currentSize : 42 <-- 2.442382 s
currentSize : 43 <-- 5.867641 s
currentSize : 44 <-- 11.622136 s
currentSize : 45 <-- 11.690478 s
currentSize : 46 <-- 14.718826 s
currentSize : 47 <-- 14.871840 s
currentSize : 48 <-- 29.119640 s
currentSize : 49 <-- 29.119967 s
currentSize : 50 <-- 36.585773 s
currentSize : 51 <-- 36.646400 s
currentSize : 52 <-- 39.362045 s
currentSize : 53 <-- 39.362309 s
currentSize : 54 <-- 51.135529 s
currentSize : 55 <-- 51.136341 s
currentSize : 56 <-- 51.739407 s
currentSize : 57 <-- 51.740063 s
currentSize : 60 <-- 55.942062 s
currentSize : 62 <-- 55.942215 s
currentSize : 64 <-- 55.942547 s

maxsize : 64
nodes : 11330342.000000
filtered : 56225234.000000
time : 56.409561
