Parameters: GAD=1 vflib=1 dir=0 label=0 vlabel=1 lowerbound=1 fileNameGp=../../cp2016-max-common-connected-subgraph-paper/datasets/graphsdb/mcs90/bvg/b03m/mcs90_b03m_s70.A02 fileNameGt=../../cp2016-max-common-connected-subgraph-paper/datasets/graphsdb/mcs90/bvg/b03m/mcs90_b03m_s70.B02
Reading graphs...
70 :  105
70 :  105
Initializing...
maxdom : 7
D->valSize : 354
Solving...
Blb : 2 (clique : 48)
currentSize : 48 <-- 0.003395 s
currentSize : 50 <-- 0.021161 s
currentSize : 51 <-- 0.031956 s
currentSize : 53 <-- 0.038785 s
currentSize : 55 <-- 0.043017 s
currentSize : 56 <-- 0.046787 s
currentSize : 57 <-- 0.053176 s
currentSize : 58 <-- 0.056142 s
currentSize : 62 <-- 0.056526 s

maxsize : 62
nodes : 10520.000000
filtered : 58407.000000
time : 0.056872
