Parameters: GAD=1 vflib=1 dir=0 label=0 vlabel=1 lowerbound=1 fileNameGp=../../cp2016-max-common-connected-subgraph-paper/datasets/graphsdb/mcs90/m2D/m2Dr6/mcs90_m2Dr6_s80.A01 fileNameGt=../../cp2016-max-common-connected-subgraph-paper/datasets/graphsdb/mcs90/m2D/m2Dr6/mcs90_m2Dr6_s80.B01
Reading graphs...
80 :  187
80 :  186
Initializing...
maxdom : 9
D->valSize : 456
Solving...
Blb : 3 (clique : 44)
currentSize : 44 <-- 0.007873 s
currentSize : 47 <-- 0.008596 s
currentSize : 48 <-- 0.009141 s
currentSize : 52 <-- 0.010209 s
currentSize : 54 <-- 0.033618 s
currentSize : 58 <-- 0.033906 s
currentSize : 59 <-- 0.071198 s
currentSize : 63 <-- 0.071823 s
currentSize : 64 <-- 0.072921 s

maxsize : 64
nodes : 172649.000000
filtered : 1057405.000000
time : 0.937078
