Parameters: GAD=1 vflib=1 dir=0 label=0 vlabel=1 lowerbound=1 fileNameGp=../../cp2016-max-common-connected-subgraph-paper/datasets/graphsdb/mcs90/m4D/m4D/mcs90_m4D_s100.A07 fileNameGt=../../cp2016-max-common-connected-subgraph-paper/datasets/graphsdb/mcs90/m4D/m4D/mcs90_m4D_s100.B07
Reading graphs...
100 :  218
100 :  219
Initializing...
maxdom : 7
D->valSize : 426
Solving...
Blb : 3 (clique : 68)
currentSize : 68 <-- 0.004915 s
currentSize : 69 <-- 0.006801 s
currentSize : 71 <-- 0.008155 s
currentSize : 72 <-- 0.008753 s
currentSize : 73 <-- 0.009455 s
currentSize : 75 <-- 0.009646 s
currentSize : 76 <-- 0.110827 s
currentSize : 78 <-- 0.111024 s
currentSize : 80 <-- 0.157431 s
currentSize : 81 <-- 0.516743 s

maxsize : 81
nodes : 264506.000000
filtered : 810001.000000
time : 1.274294
