Parameters: GAD=1 vflib=1 dir=0 label=0 vlabel=1 lowerbound=1 fileNameGp=../../cp2016-max-common-connected-subgraph-paper/datasets/graphsdb/mcs90/bvg/b09m/mcs90_b09m_s70.A04 fileNameGt=../../cp2016-max-common-connected-subgraph-paper/datasets/graphsdb/mcs90/bvg/b09m/mcs90_b09m_s70.B04
Reading graphs...
70 :  310
70 :  310
Initializing...
maxdom : 8
D->valSize : 349
Solving...
Blb : 2 (clique : 21)
currentSize : 21 <-- 0.002902 s
currentSize : 22 <-- 0.004115 s
currentSize : 24 <-- 0.013233 s
currentSize : 27 <-- 0.022073 s
currentSize : 29 <-- 0.025774 s
currentSize : 30 <-- 0.027100 s
currentSize : 35 <-- 0.027195 s
currentSize : 36 <-- 0.029819 s
currentSize : 37 <-- 0.032325 s
currentSize : 38 <-- 0.034417 s
currentSize : 40 <-- 0.034532 s
currentSize : 44 <-- 0.037259 s
currentSize : 46 <-- 0.037391 s
currentSize : 48 <-- 0.039487 s
currentSize : 52 <-- 0.039648 s
currentSize : 53 <-- 0.043568 s
currentSize : 62 <-- 0.044809 s

maxsize : 62
nodes : 8537.000000
filtered : 51502.000000
time : 0.045081
