Parameters: GAD=1 vflib=1 dir=0 label=0 vlabel=1 lowerbound=1 fileNameGp=../../cp2016-max-common-connected-subgraph-paper/datasets/graphsdb/mcs90/bvg/b03m/mcs90_b03m_s50.A03 fileNameGt=../../cp2016-max-common-connected-subgraph-paper/datasets/graphsdb/mcs90/bvg/b03m/mcs90_b03m_s50.B03
Reading graphs...
50 :  73
50 :  74
Initializing...
maxdom : 10
D->valSize : 340
Solving...
Blb : 2 (clique : 30)
currentSize : 30 <-- 0.002697 s
currentSize : 33 <-- 0.002954 s
currentSize : 34 <-- 0.006081 s
currentSize : 35 <-- 0.029534 s
currentSize : 37 <-- 0.029623 s
currentSize : 38 <-- 0.036712 s
currentSize : 40 <-- 0.036817 s
currentSize : 41 <-- 0.049841 s
currentSize : 44 <-- 0.052642 s

maxsize : 44
nodes : 12558.000000
filtered : 73199.000000
time : 0.054052
