Parameters: GAD=1 vflib=1 dir=0 label=0 vlabel=1 lowerbound=1 fileNameGp=../../cp2016-max-common-connected-subgraph-paper/datasets/graphsdb/mcs90/bvg/b09/mcs90_b09_s40.A06 fileNameGt=../../cp2016-max-common-connected-subgraph-paper/datasets/graphsdb/mcs90/bvg/b09/mcs90_b09_s40.B06
Reading graphs...
40 :  180
40 :  179
Initializing...
maxdom : 9
D->valSize : 233
Solving...
Blb : 2 (clique : 12)
currentSize : 12 <-- 0.001410 s
currentSize : 13 <-- 0.001483 s
currentSize : 15 <-- 0.001743 s
currentSize : 16 <-- 0.002884 s
currentSize : 17 <-- 0.015830 s
currentSize : 20 <-- 0.018064 s
currentSize : 22 <-- 0.023115 s
currentSize : 25 <-- 0.023174 s
currentSize : 36 <-- 0.023605 s

maxsize : 36
nodes : 5868.000000
filtered : 44163.000000
time : 0.023737
