Parameters: GAD=1 vflib=1 dir=0 label=0 vlabel=1 lowerbound=1 fileNameGp=../../cp2016-max-common-connected-subgraph-paper/datasets/graphsdb/mcs90/m3D/m3Dr4/mcs90_m3Dr4_s80.A01 fileNameGt=../../cp2016-max-common-connected-subgraph-paper/datasets/graphsdb/mcs90/m3D/m3Dr4/mcs90_m3Dr4_s80.B01
Reading graphs...
80 :  214
80 :  214
Initializing...
maxdom : 9
D->valSize : 446
Solving...
Blb : 2 (clique : 36)
currentSize : 36 <-- 0.004527 s
currentSize : 37 <-- 0.004857 s
currentSize : 38 <-- 0.005039 s
currentSize : 39 <-- 0.007559 s
currentSize : 40 <-- 0.007802 s
currentSize : 43 <-- 0.020206 s
currentSize : 47 <-- 0.020367 s
currentSize : 49 <-- 0.020556 s
currentSize : 51 <-- 0.024724 s
currentSize : 53 <-- 0.024960 s
currentSize : 56 <-- 0.030957 s
currentSize : 60 <-- 0.033500 s
currentSize : 64 <-- 0.055956 s

maxsize : 64
nodes : 13114.000000
filtered : 71651.000000
time : 0.068750
