Parameters: GAD=1 vflib=1 dir=0 label=0 vlabel=1 lowerbound=1 fileNameGp=../../cp2016-max-common-connected-subgraph-paper/datasets/graphsdb/mcs90/m4D/m4D/mcs90_m4D_s90.A09 fileNameGt=../../cp2016-max-common-connected-subgraph-paper/datasets/graphsdb/mcs90/m4D/m4D/mcs90_m4D_s90.B09
Reading graphs...
90 :  206
90 :  206
Initializing...
maxdom : 12
D->valSize : 593
Solving...
Blb : 3 (clique : 65)
currentSize : 65 <-- 0.007468 s
currentSize : 67 <-- 0.031610 s
currentSize : 68 <-- 2.214851 s
currentSize : 71 <-- 2.214983 s
currentSize : 72 <-- 2.274746 s
currentSize : 74 <-- 2.275064 s
currentSize : 75 <-- 2.277132 s
currentSize : 76 <-- 2.280767 s
currentSize : 77 <-- 2.304341 s
currentSize : 78 <-- 2.305708 s
currentSize : 80 <-- 2.305967 s
currentSize : 81 <-- 2.307546 s

maxsize : 81
nodes : 476587.000000
filtered : 2343347.000000
time : 2.309755
