Parameters: GAD=1 vflib=1 dir=0 label=0 vlabel=1 lowerbound=1 fileNameGp=../../cp2016-max-common-connected-subgraph-paper/datasets/graphsdb/mcs90/m3D/m3Dr4/mcs90_m3Dr4_s80.A09 fileNameGt=../../cp2016-max-common-connected-subgraph-paper/datasets/graphsdb/mcs90/m3D/m3Dr4/mcs90_m3Dr4_s80.B09
Reading graphs...
80 :  214
80 :  214
Initializing...
maxdom : 10
D->valSize : 475
Solving...
Blb : 2 (clique : 40)
currentSize : 40 <-- 0.008166 s
currentSize : 41 <-- 0.009152 s
currentSize : 42 <-- 0.010090 s
currentSize : 43 <-- 0.441994 s
currentSize : 44 <-- 10.884899 s
currentSize : 45 <-- 55.940838 s
currentSize : 46 <-- 55.944653 s
currentSize : 47 <-- 55.944855 s
currentSize : 49 <-- 108.653648 s
currentSize : 50 <-- 108.839729 s
currentSize : 51 <-- 130.914291 s
currentSize : 52 <-- 130.914642 s
currentSize : 53 <-- 131.071396 s
currentSize : 56 <-- 138.466599 s
currentSize : 57 <-- 138.467163 s
currentSize : 58 <-- 138.467850 s
currentSize : 59 <-- 138.468460 s
currentSize : 60 <-- 138.469147 s
currentSize : 61 <-- 138.897537 s
currentSize : 62 <-- 138.898254 s
currentSize : 63 <-- 138.899033 s
currentSize : 64 <-- 138.899902 s

maxsize : 64
nodes : 33129242.000000
filtered : 116234270.000000
time : 139.360214
