Parameters: GAD=1 vflib=1 dir=0 label=0 vlabel=1 lowerbound=1 fileNameGp=../../cp2016-max-common-connected-subgraph-paper/datasets/graphsdb/mcs90/bvg/b09/mcs90_b09_s90.A03 fileNameGt=../../cp2016-max-common-connected-subgraph-paper/datasets/graphsdb/mcs90/bvg/b09/mcs90_b09_s90.B03
Reading graphs...
90 :  403
90 :  405
Initializing...
maxdom : 11
D->valSize : 602
Solving...
Blb : 2 (clique : 39)
currentSize : 39 <-- 0.007138 s
currentSize : 40 <-- 0.865665 s
currentSize : 42 <-- 4.147319 s
currentSize : 43 <-- 6.311533 s
currentSize : 45 <-- 6.335674 s
currentSize : 47 <-- 6.356164 s
currentSize : 48 <-- 6.597117 s
currentSize : 49 <-- 7.606613 s
currentSize : 50 <-- 7.919555 s
currentSize : 53 <-- 8.913526 s
currentSize : 54 <-- 8.987594 s
currentSize : 58 <-- 8.987865 s
currentSize : 62 <-- 10.446057 s
currentSize : 73 <-- 11.872142 s
currentSize : 80 <-- 11.872431 s

maxsize : 80
nodes : 2123510.000000
filtered : 13489686.000000
time : 11.921060
