Parameters: GAD=1 vflib=1 dir=0 label=0 vlabel=1 lowerbound=1 fileNameGp=../../cp2016-max-common-connected-subgraph-paper/datasets/graphsdb/mcs90/bvg/b03/mcs90_b03_s80.A02 fileNameGt=../../cp2016-max-common-connected-subgraph-paper/datasets/graphsdb/mcs90/bvg/b03/mcs90_b03_s80.B02
Reading graphs...
80 :  120
80 :  120
Initializing...
maxdom : 11
D->valSize : 471
Solving...
Blb : 2 (clique : 54)
currentSize : 54 <-- 0.005024 s
currentSize : 57 <-- 0.005452 s
currentSize : 58 <-- 0.005695 s
currentSize : 59 <-- 0.006037 s
currentSize : 60 <-- 0.006547 s
currentSize : 61 <-- 0.007003 s
currentSize : 63 <-- 0.007181 s
currentSize : 67 <-- 0.007508 s
currentSize : 68 <-- 0.008172 s
currentSize : 72 <-- 0.008434 s

maxsize : 72
nodes : 1041.000000
filtered : 3696.000000
time : 0.009698
