Parameters: GAD=1 vflib=1 dir=0 label=0 vlabel=1 lowerbound=1 fileNameGp=../../cp2016-max-common-connected-subgraph-paper/datasets/graphsdb/mcs90/bvg/b06/mcs90_b06_s70.A02 fileNameGt=../../cp2016-max-common-connected-subgraph-paper/datasets/graphsdb/mcs90/bvg/b06/mcs90_b06_s70.B02
Reading graphs...
70 :  209
70 :  210
Initializing...
maxdom : 7
D->valSize : 333
Solving...
Blb : 2 (clique : 43)
currentSize : 43 <-- 0.002874 s
currentSize : 46 <-- 0.003293 s
currentSize : 47 <-- 0.003618 s
currentSize : 49 <-- 0.003721 s
currentSize : 50 <-- 0.005127 s
currentSize : 51 <-- 0.005499 s
currentSize : 52 <-- 0.005806 s
currentSize : 54 <-- 0.005914 s
currentSize : 56 <-- 0.007639 s
currentSize : 63 <-- 0.008046 s

maxsize : 63
nodes : 1378.000000
filtered : 3837.000000
time : 0.008320
