Parameters: GAD=1 vflib=1 dir=0 label=0 vlabel=1 lowerbound=1 fileNameGp=../../cp2016-max-common-connected-subgraph-paper/datasets/graphsdb/mcs90/m4D/m4Dr4/mcs90_m4Dr4_s100.A03 fileNameGt=../../cp2016-max-common-connected-subgraph-paper/datasets/graphsdb/mcs90/m4D/m4Dr4/mcs90_m4Dr4_s100.B03
Reading graphs...
100 :  258
100 :  258
Initializing...
maxdom : 7
D->valSize : 385
Solving...
Blb : 2 (clique : 74)
currentSize : 74 <-- 0.004432 s
currentSize : 75 <-- 0.005317 s
currentSize : 76 <-- 0.006128 s
currentSize : 77 <-- 0.010728 s
currentSize : 78 <-- 0.021835 s
currentSize : 79 <-- 0.023781 s
currentSize : 80 <-- 0.042920 s
currentSize : 81 <-- 0.044116 s

maxsize : 81
nodes : 618779.000000
filtered : 1749665.000000
time : 2.961233
