Parameters: GAD=1 vflib=1 dir=0 label=0 vlabel=1 lowerbound=1 fileNameGp=../../cp2016-max-common-connected-subgraph-paper/datasets/graphsdb/mcs90/m2D/m2D/mcs90_m2D_s70.A00 fileNameGt=../../cp2016-max-common-connected-subgraph-paper/datasets/graphsdb/mcs90/m2D/m2D/mcs90_m2D_s70.B00
Reading graphs...
70 :  123
70 :  123
Initializing...
maxdom : 9
D->valSize : 359
Solving...
Blb : 2 (clique : 38)
currentSize : 38 <-- 0.003209 s
currentSize : 39 <-- 0.003545 s
currentSize : 40 <-- 0.003872 s
currentSize : 41 <-- 0.004085 s
currentSize : 42 <-- 0.038233 s
currentSize : 43 <-- 0.038480 s
currentSize : 48 <-- 0.049254 s
currentSize : 50 <-- 0.060230 s
currentSize : 53 <-- 0.060362 s
currentSize : 54 <-- 0.066191 s
currentSize : 57 <-- 0.066930 s
currentSize : 59 <-- 0.070193 s
currentSize : 60 <-- 0.072354 s
currentSize : 64 <-- 0.072658 s

maxsize : 64
nodes : 15600.000000
filtered : 71984.000000
time : 0.072922
