Parameters: GAD=1 vflib=1 dir=0 label=0 vlabel=1 lowerbound=1 fileNameGp=../../cp2016-max-common-connected-subgraph-paper/datasets/graphsdb/mcs90/m2D/m2Dr6/mcs90_m2Dr6_s80.A04 fileNameGt=../../cp2016-max-common-connected-subgraph-paper/datasets/graphsdb/mcs90/m2D/m2Dr6/mcs90_m2Dr6_s80.B04
Reading graphs...
80 :  188
80 :  187
Initializing...
maxdom : 8
D->valSize : 453
Solving...
Blb : 2 (clique : 43)
currentSize : 43 <-- 0.007893 s
currentSize : 44 <-- 0.008450 s
currentSize : 48 <-- 0.019925 s
currentSize : 49 <-- 0.020248 s
currentSize : 50 <-- 0.020465 s
currentSize : 51 <-- 0.038899 s
currentSize : 52 <-- 0.039114 s
currentSize : 53 <-- 0.039441 s
currentSize : 54 <-- 0.039706 s
currentSize : 55 <-- 0.081722 s
currentSize : 56 <-- 0.081952 s
currentSize : 57 <-- 0.082146 s
currentSize : 58 <-- 0.082596 s
currentSize : 59 <-- 0.082800 s
currentSize : 60 <-- 0.105609 s
currentSize : 61 <-- 0.105887 s
currentSize : 62 <-- 0.106096 s
currentSize : 63 <-- 0.106529 s
currentSize : 64 <-- 0.106771 s

maxsize : 64
nodes : 215649.000000
filtered : 1104091.000000
time : 1.085694
