Parameters: GAD=1 vflib=1 dir=0 label=0 vlabel=1 lowerbound=1 fileNameGp=../../cp2016-max-common-connected-subgraph-paper/datasets/graphsdb/mcs90/bvg/b06/mcs90_b06_s80.A03 fileNameGt=../../cp2016-max-common-connected-subgraph-paper/datasets/graphsdb/mcs90/bvg/b06/mcs90_b06_s80.B03
Reading graphs...
80 :  240
80 :  239
Initializing...
maxdom : 10
D->valSize : 487
Solving...
Blb : 2 (clique : 27)
currentSize : 27 <-- 0.004994 s
currentSize : 28 <-- 0.005737 s
currentSize : 29 <-- 0.007001 s
currentSize : 30 <-- 0.007044 s
currentSize : 31 <-- 0.013400 s
currentSize : 33 <-- 0.014104 s
currentSize : 34 <-- 0.014186 s
currentSize : 35 <-- 0.044588 s
currentSize : 36 <-- 0.044675 s
currentSize : 37 <-- 0.253453 s
currentSize : 39 <-- 0.253805 s
currentSize : 41 <-- 0.254912 s
currentSize : 43 <-- 0.255445 s
currentSize : 44 <-- 0.264036 s
currentSize : 46 <-- 0.310125 s
currentSize : 48 <-- 0.310249 s
currentSize : 52 <-- 0.310421 s
currentSize : 53 <-- 0.313315 s
currentSize : 61 <-- 0.314580 s
currentSize : 66 <-- 0.315240 s
currentSize : 67 <-- 0.324326 s
currentSize : 72 <-- 0.324769 s

maxsize : 72
nodes : 70906.000000
filtered : 296284.000000
time : 0.326365
