Parameters: GAD=1 vflib=1 dir=0 label=0 vlabel=1 lowerbound=1 fileNameGp=../../cp2016-max-common-connected-subgraph-paper/datasets/graphsdb/mcs90/m3D/m3D/mcs90_m3D_s70.A07 fileNameGt=../../cp2016-max-common-connected-subgraph-paper/datasets/graphsdb/mcs90/m3D/m3D/mcs90_m3D_s70.B07
Reading graphs...
70 :  159
70 :  159
Initializing...
maxdom : 9
D->valSize : 378
Solving...
Blb : 2 (clique : 38)
currentSize : 38 <-- 0.003476 s
currentSize : 39 <-- 0.005780 s
currentSize : 43 <-- 0.064396 s
currentSize : 44 <-- 0.064500 s
currentSize : 46 <-- 0.239322 s
currentSize : 50 <-- 0.399250 s
currentSize : 54 <-- 0.411478 s
currentSize : 59 <-- 0.421626 s
currentSize : 64 <-- 0.423787 s

maxsize : 64
nodes : 92304.000000
filtered : 477424.000000
time : 0.424043
