Parameters: GAD=1 vflib=1 dir=0 label=0 vlabel=1 lowerbound=1 fileNameGp=../../cp2016-max-common-connected-subgraph-paper/datasets/graphsdb/mcs90/m2D/m2Dr6/mcs90_m2Dr6_s80.A02 fileNameGt=../../cp2016-max-common-connected-subgraph-paper/datasets/graphsdb/mcs90/m2D/m2Dr6/mcs90_m2Dr6_s80.B02
Reading graphs...
80 :  190
80 :  189
Initializing...
maxdom : 9
D->valSize : 478
Solving...
Blb : 2 (clique : 41)
currentSize : 41 <-- 0.008264 s
currentSize : 42 <-- 2.170556 s
currentSize : 43 <-- 5.810942 s
currentSize : 44 <-- 5.811136 s
currentSize : 47 <-- 7.712009 s
currentSize : 48 <-- 12.254542 s
currentSize : 49 <-- 12.633432 s
currentSize : 50 <-- 23.646263 s
currentSize : 51 <-- 24.669018 s
currentSize : 53 <-- 24.851652 s
currentSize : 54 <-- 24.851973 s
currentSize : 55 <-- 36.505836 s
currentSize : 56 <-- 36.506462 s
currentSize : 57 <-- 36.544125 s
currentSize : 60 <-- 36.559158 s
currentSize : 61 <-- 36.560112 s
currentSize : 62 <-- 36.560585 s
currentSize : 63 <-- 38.806881 s
currentSize : 64 <-- 38.807392 s

maxsize : 64
nodes : 8385420.000000
filtered : 43628550.000000
time : 40.429615
