Parameters: GAD=1 vflib=1 dir=0 label=0 vlabel=1 lowerbound=1 fileNameGp=../../cp2016-max-common-connected-subgraph-paper/datasets/graphsdb/mcs90/bvg/b09/mcs90_b09_s60.A04 fileNameGt=../../cp2016-max-common-connected-subgraph-paper/datasets/graphsdb/mcs90/bvg/b09/mcs90_b09_s60.B04
Reading graphs...
60 :  270
60 :  269
Initializing...
maxdom : 6
D->valSize : 261
Solving...
Blb : 2 (clique : 17)
currentSize : 17 <-- 0.001962 s
currentSize : 18 <-- 0.002132 s
currentSize : 19 <-- 0.002579 s
currentSize : 22 <-- 0.009591 s
currentSize : 23 <-- 0.010141 s
currentSize : 24 <-- 0.016506 s
currentSize : 29 <-- 0.018016 s
currentSize : 30 <-- 0.019708 s
currentSize : 33 <-- 0.019802 s
currentSize : 34 <-- 0.022035 s
currentSize : 35 <-- 0.023125 s
currentSize : 37 <-- 0.026094 s
currentSize : 44 <-- 0.026297 s
currentSize : 48 <-- 0.026410 s
currentSize : 50 <-- 0.027127 s
currentSize : 54 <-- 0.027403 s

maxsize : 54
nodes : 5760.000000
filtered : 34034.000000
time : 0.027599
