Parameters: GAD=1 vflib=1 dir=0 label=0 vlabel=1 lowerbound=1 fileNameGp=../../cp2016-max-common-connected-subgraph-paper/datasets/graphsdb/mcs90/m2D/m2D/mcs90_m2D_s60.A06 fileNameGt=../../cp2016-max-common-connected-subgraph-paper/datasets/graphsdb/mcs90/m2D/m2D/mcs90_m2D_s60.B06
Reading graphs...
60 :  104
60 :  104
Initializing...
maxdom : 8
D->valSize : 291
Solving...
Blb : 2 (clique : 38)
currentSize : 38 <-- 0.002376 s
currentSize : 39 <-- 0.002736 s
currentSize : 40 <-- 0.003003 s
currentSize : 41 <-- 0.003245 s
currentSize : 42 <-- 0.003547 s
currentSize : 43 <-- 0.003749 s
currentSize : 45 <-- 0.005352 s
currentSize : 46 <-- 0.005612 s
currentSize : 47 <-- 0.005868 s
currentSize : 48 <-- 0.006082 s
currentSize : 49 <-- 0.008203 s

maxsize : 49
nodes : 2136.000000
filtered : 9934.000000
time : 0.011684
