Parameters: GAD=1 vflib=1 dir=0 label=0 vlabel=1 lowerbound=1 fileNameGp=../../cp2016-max-common-connected-subgraph-paper/datasets/graphsdb/mcs90/bvg/b09/mcs90_b09_s80.A05 fileNameGt=../../cp2016-max-common-connected-subgraph-paper/datasets/graphsdb/mcs90/bvg/b09/mcs90_b09_s80.B05
Reading graphs...
80 :  360
80 :  359
Initializing...
maxdom : 9
D->valSize : 435
Solving...
Blb : 2 (clique : 37)
currentSize : 37 <-- 0.004213 s
currentSize : 38 <-- 0.705399 s
currentSize : 39 <-- 0.705754 s
currentSize : 41 <-- 3.556976 s
currentSize : 42 <-- 5.619717 s
currentSize : 43 <-- 6.181000 s
currentSize : 46 <-- 6.197131 s
currentSize : 47 <-- 6.420580 s
currentSize : 48 <-- 6.851699 s
currentSize : 49 <-- 6.892813 s
currentSize : 50 <-- 6.946620 s
currentSize : 51 <-- 8.130997 s
currentSize : 54 <-- 8.131176 s
currentSize : 55 <-- 8.451314 s
currentSize : 58 <-- 8.451569 s
currentSize : 61 <-- 8.451796 s
currentSize : 62 <-- 8.454329 s
currentSize : 66 <-- 8.455266 s
currentSize : 72 <-- 8.455505 s

maxsize : 72
nodes : 1692985.000000
filtered : 8873752.000000
time : 8.460606
