Parameters: GAD=1 vflib=1 dir=0 label=0 vlabel=1 lowerbound=1 fileNameGp=../../cp2016-max-common-connected-subgraph-paper/datasets/graphsdb/mcs90/m2D/m2Dr6/mcs90_m2Dr6_s60.A00 fileNameGt=../../cp2016-max-common-connected-subgraph-paper/datasets/graphsdb/mcs90/m2D/m2Dr6/mcs90_m2Dr6_s60.B00
Reading graphs...
60 :  139
60 :  139
Initializing...
maxdom : 5
D->valSize : 241
Solving...
Blb : 3 (clique : 31)
currentSize : 31 <-- 0.002162 s
currentSize : 33 <-- 0.002385 s
currentSize : 35 <-- 0.002601 s
currentSize : 37 <-- 0.002781 s
currentSize : 39 <-- 0.002872 s
currentSize : 40 <-- 0.003627 s
currentSize : 41 <-- 0.003995 s
currentSize : 43 <-- 0.004145 s
currentSize : 44 <-- 0.004550 s
currentSize : 46 <-- 0.007085 s
currentSize : 48 <-- 0.007200 s
currentSize : 49 <-- 0.007456 s

maxsize : 49
nodes : 3127.000000
filtered : 12236.000000
time : 0.014900
