Parameters: GAD=1 vflib=1 dir=0 label=0 vlabel=1 lowerbound=1 fileNameGp=../../cp2016-max-common-connected-subgraph-paper/datasets/graphsdb/mcs90/m3D/m3D/mcs90_m3D_s80.A04 fileNameGt=../../cp2016-max-common-connected-subgraph-paper/datasets/graphsdb/mcs90/m3D/m3D/mcs90_m3D_s80.B04
Reading graphs...
80 :  184
80 :  184
Initializing...
maxdom : 9
D->valSize : 491
Solving...
Blb : 2 (clique : 37)
currentSize : 37 <-- 0.008653 s
currentSize : 38 <-- 0.016243 s
currentSize : 40 <-- 0.169688 s
currentSize : 41 <-- 1.261674 s
currentSize : 43 <-- 6.808859 s
currentSize : 44 <-- 7.283417 s
currentSize : 45 <-- 13.465011 s
currentSize : 46 <-- 26.351423 s
currentSize : 47 <-- 26.351721 s
currentSize : 48 <-- 26.357052 s
currentSize : 49 <-- 26.678732 s
currentSize : 50 <-- 33.352173 s
currentSize : 52 <-- 33.352879 s
currentSize : 53 <-- 33.353096 s
currentSize : 56 <-- 36.383900 s
currentSize : 57 <-- 36.384087 s
currentSize : 58 <-- 37.636559 s
currentSize : 64 <-- 37.957439 s

maxsize : 64
nodes : 6277525.000000
filtered : 55167244.000000
time : 38.180199
