Parameters: GAD=1 vflib=1 dir=0 label=0 vlabel=1 lowerbound=1 fileNameGp=../../cp2016-max-common-connected-subgraph-paper/datasets/graphsdb/mcs90/bvg/b09m/mcs90_b09m_s40.A09 fileNameGt=../../cp2016-max-common-connected-subgraph-paper/datasets/graphsdb/mcs90/bvg/b09m/mcs90_b09m_s40.B09
Reading graphs...
40 :  174
40 :  175
Initializing...
maxdom : 7
D->valSize : 220
Solving...
Blb : 3 (clique : 12)
currentSize : 12 <-- 0.001372 s
currentSize : 13 <-- 0.001566 s
currentSize : 14 <-- 0.004928 s
currentSize : 17 <-- 0.008551 s
currentSize : 20 <-- 0.012900 s
currentSize : 24 <-- 0.014698 s
currentSize : 27 <-- 0.017209 s
currentSize : 31 <-- 0.017421 s
currentSize : 36 <-- 0.017504 s

maxsize : 36
nodes : 4316.000000
filtered : 30137.000000
time : 0.017780
