Parameters: GAD=1 vflib=1 dir=0 label=0 vlabel=1 lowerbound=1 fileNameGp=../../cp2016-max-common-connected-subgraph-paper/datasets/graphsdb/mcs90/m2D/m2Dr2/mcs90_m2Dr2_s80.A02 fileNameGt=../../cp2016-max-common-connected-subgraph-paper/datasets/graphsdb/mcs90/m2D/m2Dr2/mcs90_m2Dr2_s80.B02
Reading graphs...
80 :  158
80 :  158
Initializing...
maxdom : 10
D->valSize : 465
Solving...
Blb : 2 (clique : 37)
currentSize : 37 <-- 0.008117 s
currentSize : 38 <-- 0.008593 s
currentSize : 40 <-- 0.008741 s
currentSize : 41 <-- 0.009136 s
currentSize : 42 <-- 0.023592 s
currentSize : 43 <-- 0.029258 s
currentSize : 44 <-- 0.029690 s
currentSize : 45 <-- 0.033093 s
currentSize : 46 <-- 1.391959 s
currentSize : 47 <-- 1.392372 s
currentSize : 48 <-- 1.392628 s
currentSize : 49 <-- 1.392747 s
currentSize : 51 <-- 2.616024 s
currentSize : 53 <-- 2.616178 s
currentSize : 55 <-- 3.290343 s
currentSize : 57 <-- 8.590160 s
currentSize : 58 <-- 24.363319 s
currentSize : 60 <-- 33.437263 s
currentSize : 61 <-- 33.446552 s
currentSize : 64 <-- 33.446701 s

maxsize : 64
nodes : 7711195.000000
filtered : 39757423.000000
time : 37.350945
