Parameters: GAD=1 vflib=1 dir=0 label=0 vlabel=1 lowerbound=1 fileNameGp=../../cp2016-max-common-connected-subgraph-paper/datasets/graphsdb/mcs90/m2D/m2D/mcs90_m2D_s100.A08 fileNameGt=../../cp2016-max-common-connected-subgraph-paper/datasets/graphsdb/mcs90/m2D/m2D/mcs90_m2D_s100.B08
Reading graphs...
100 :  180
100 :  180
Initializing...
maxdom : 7
D->valSize : 371
Solving...
Blb : 2 (clique : 57)
currentSize : 57 <-- 0.004107 s
currentSize : 61 <-- 0.004636 s
currentSize : 63 <-- 0.005156 s
currentSize : 66 <-- 0.007469 s
currentSize : 67 <-- 0.009670 s
currentSize : 71 <-- 0.092902 s
currentSize : 73 <-- 0.267594 s
currentSize : 77 <-- 0.269856 s
currentSize : 78 <-- 5.363140 s
currentSize : 80 <-- 5.527730 s
currentSize : 81 <-- 7.037468 s

maxsize : 81
nodes : 1391390.000000
filtered : 4327314.000000
time : 7.423772
