Parameters: GAD=1 vflib=1 dir=0 label=0 vlabel=1 lowerbound=1 fileNameGp=../../cp2016-max-common-connected-subgraph-paper/datasets/graphsdb/mcs90/m3D/m3D/mcs90_m3D_s80.A02 fileNameGt=../../cp2016-max-common-connected-subgraph-paper/datasets/graphsdb/mcs90/m3D/m3D/mcs90_m3D_s80.B02
Reading graphs...
80 :  184
80 :  184
Initializing...
maxdom : 9
D->valSize : 448
Solving...
Blb : 2 (clique : 36)
currentSize : 36 <-- 0.004757 s
currentSize : 37 <-- 0.005043 s
currentSize : 38 <-- 0.005175 s
currentSize : 41 <-- 0.006224 s
currentSize : 43 <-- 0.006251 s
currentSize : 46 <-- 0.125253 s
currentSize : 48 <-- 0.475743 s
currentSize : 51 <-- 0.503640 s
currentSize : 52 <-- 0.503895 s
currentSize : 53 <-- 10.605039 s
currentSize : 54 <-- 10.634149 s
currentSize : 55 <-- 10.634413 s
currentSize : 58 <-- 10.637846 s
currentSize : 64 <-- 12.599793 s

maxsize : 64
nodes : 2597218.000000
filtered : 11927949.000000
time : 12.763496
