Parameters: GAD=1 vflib=1 dir=0 label=0 vlabel=1 lowerbound=1 fileNameGp=../../cp2016-max-common-connected-subgraph-paper/datasets/graphsdb/mcs90/bvg/b09m/mcs90_b09m_s50.A04 fileNameGt=../../cp2016-max-common-connected-subgraph-paper/datasets/graphsdb/mcs90/bvg/b09m/mcs90_b09m_s50.B04
Reading graphs...
50 :  224
50 :  224
Initializing...
maxdom : 11
D->valSize : 380
Solving...
Blb : 2 (clique : 14)
currentSize : 14 <-- 0.002772 s
currentSize : 15 <-- 0.004692 s
currentSize : 17 <-- 0.007069 s
currentSize : 18 <-- 0.024958 s
currentSize : 19 <-- 0.026836 s
currentSize : 20 <-- 0.028341 s
currentSize : 23 <-- 0.038126 s
currentSize : 24 <-- 0.044129 s
currentSize : 25 <-- 0.047234 s
currentSize : 27 <-- 0.047296 s
currentSize : 28 <-- 0.047881 s
currentSize : 31 <-- 0.048319 s
currentSize : 34 <-- 0.053976 s
currentSize : 44 <-- 0.054351 s

maxsize : 44
nodes : 11682.000000
filtered : 97253.000000
time : 0.054983
