Parameters: GAD=1 vflib=1 dir=0 label=0 vlabel=1 lowerbound=1 fileNameGp=../../cp2016-max-common-connected-subgraph-paper/datasets/graphsdb/mcs90/bvg/b06/mcs90_b06_s50.A03 fileNameGt=../../cp2016-max-common-connected-subgraph-paper/datasets/graphsdb/mcs90/bvg/b06/mcs90_b06_s50.B03
Reading graphs...
50 :  149
50 :  150
Initializing...
maxdom : 11
D->valSize : 395
Solving...
Blb : 2 (clique : 18)
currentSize : 18 <-- 0.003121 s
currentSize : 20 <-- 0.003714 s
currentSize : 21 <-- 0.003761 s
currentSize : 22 <-- 0.005297 s
currentSize : 23 <-- 0.005380 s
currentSize : 24 <-- 0.005444 s
currentSize : 25 <-- 0.007812 s
currentSize : 26 <-- 0.011083 s
currentSize : 27 <-- 0.012402 s
currentSize : 31 <-- 0.020089 s
currentSize : 32 <-- 0.022613 s
currentSize : 33 <-- 0.132522 s
currentSize : 41 <-- 0.390629 s
currentSize : 45 <-- 0.390703 s

maxsize : 45
nodes : 87365.000000
filtered : 728043.000000
time : 0.391913
