Parameters: GAD=1 vflib=1 dir=0 label=0 vlabel=1 lowerbound=1 fileNameGp=../../cp2016-max-common-connected-subgraph-paper/datasets/graphsdb/mcs90/bvg/b06/mcs90_b06_s100.A02 fileNameGt=../../cp2016-max-common-connected-subgraph-paper/datasets/graphsdb/mcs90/bvg/b06/mcs90_b06_s100.B02
Reading graphs...
100 :  299
100 :  300
Initializing...
maxdom : 7
D->valSize : 438
Solving...
Blb : 2 (clique : 50)
currentSize : 50 <-- 0.005061 s
currentSize : 56 <-- 0.005415 s
currentSize : 58 <-- 0.005613 s
currentSize : 59 <-- 0.006412 s
currentSize : 60 <-- 0.007246 s
currentSize : 61 <-- 0.008331 s
currentSize : 64 <-- 0.008630 s
currentSize : 65 <-- 0.008675 s
currentSize : 66 <-- 0.010066 s
currentSize : 68 <-- 0.010768 s
currentSize : 69 <-- 0.012432 s
currentSize : 77 <-- 0.013427 s
currentSize : 83 <-- 0.014290 s
currentSize : 84 <-- 0.015112 s
currentSize : 90 <-- 0.015616 s

maxsize : 90
nodes : 1747.000000
filtered : 3484.000000
time : 0.016100
