Parameters: GAD=1 vflib=1 dir=0 label=0 vlabel=1 lowerbound=1 fileNameGp=../../cp2016-max-common-connected-subgraph-paper/datasets/graphsdb/mcs90/rand/r01/mcs90_r01_s40.A03 fileNameGt=../../cp2016-max-common-connected-subgraph-paper/datasets/graphsdb/mcs90/rand/r01/mcs90_r01_s40.B03
Reading graphs...
40 :  150
40 :  151
Initializing...
maxdom : 8
D->valSize : 218
Solving...
Blb : 3 (clique : 12)
currentSize : 12 <-- 0.001266 s
currentSize : 14 <-- 0.002220 s
currentSize : 17 <-- 0.003500 s
currentSize : 19 <-- 0.006907 s
currentSize : 20 <-- 0.008093 s
currentSize : 21 <-- 0.008211 s
currentSize : 22 <-- 0.008386 s
currentSize : 25 <-- 0.009108 s
currentSize : 31 <-- 0.012024 s
currentSize : 36 <-- 0.012142 s

maxsize : 36
nodes : 2944.000000
filtered : 20060.000000
time : 0.012332
