Parameters: GAD=1 vflib=1 dir=0 label=0 vlabel=1 lowerbound=1 fileNameGp=../../cp2016-max-common-connected-subgraph-paper/datasets/graphsdb/mcs90/rand/r01/mcs90_r01_s50.A07 fileNameGt=../../cp2016-max-common-connected-subgraph-paper/datasets/graphsdb/mcs90/rand/r01/mcs90_r01_s50.B07
Reading graphs...
50 :  233
50 :  230
Initializing...
maxdom : 12
D->valSize : 343
Solving...
Blb : 3 (clique : 17)
currentSize : 17 <-- 0.002477 s
currentSize : 18 <-- 0.024004 s
currentSize : 19 <-- 0.025705 s
currentSize : 20 <-- 0.029829 s
currentSize : 21 <-- 0.031566 s
currentSize : 22 <-- 0.034066 s
currentSize : 24 <-- 0.035323 s
currentSize : 25 <-- 0.035664 s
currentSize : 27 <-- 0.037548 s
currentSize : 28 <-- 0.046185 s
currentSize : 31 <-- 0.047262 s
currentSize : 33 <-- 0.050031 s
currentSize : 34 <-- 0.054464 s
currentSize : 45 <-- 0.058140 s

maxsize : 45
nodes : 11413.000000
filtered : 119979.000000
time : 0.058433
