Parameters: GAD=1 vflib=1 dir=0 label=0 vlabel=1 lowerbound=1 fileNameGp=../../cp2016-max-common-connected-subgraph-paper/datasets/graphsdb/mcs90/m2D/m2Dr2/mcs90_m2Dr2_s100.A07 fileNameGt=../../cp2016-max-common-connected-subgraph-paper/datasets/graphsdb/mcs90/m2D/m2Dr2/mcs90_m2Dr2_s100.B07
Reading graphs...
100 :  199
100 :  197
Initializing...
maxdom : 7
D->valSize : 383
Solving...
Blb : 2 (clique : 56)
currentSize : 56 <-- 0.004337 s
currentSize : 57 <-- 0.005483 s
currentSize : 59 <-- 0.009391 s
currentSize : 60 <-- 0.009708 s
currentSize : 61 <-- 0.011492 s
currentSize : 62 <-- 0.011925 s
currentSize : 63 <-- 0.012281 s
currentSize : 65 <-- 0.100181 s
currentSize : 66 <-- 0.100509 s
currentSize : 67 <-- 0.100946 s
currentSize : 68 <-- 0.537412 s
currentSize : 69 <-- 0.538140 s
currentSize : 70 <-- 0.539011 s
currentSize : 72 <-- 0.570025 s
currentSize : 73 <-- 0.570824 s
currentSize : 75 <-- 25.754160 s
currentSize : 76 <-- 25.754629 s
currentSize : 77 <-- 25.755741 s
currentSize : 78 <-- 25.760754 s
currentSize : 79 <-- 25.761204 s
currentSize : 80 <-- 25.762152 s
currentSize : 81 <-- 25.762640 s

maxsize : 81
nodes : 5336276.000000
filtered : 19818721.000000
time : 28.378277
