Parameters: GAD=1 vflib=1 dir=0 label=0 vlabel=1 lowerbound=1 fileNameGp=../../cp2016-max-common-connected-subgraph-paper/datasets/graphsdb/mcs90/bvg/b06/mcs90_b06_s70.A08 fileNameGt=../../cp2016-max-common-connected-subgraph-paper/datasets/graphsdb/mcs90/bvg/b06/mcs90_b06_s70.B08
Reading graphs...
70 :  210
70 :  210
Initializing...
maxdom : 9
D->valSize : 369
Solving...
Blb : 2 (clique : 30)
currentSize : 30 <-- 0.003272 s
currentSize : 32 <-- 0.003477 s
currentSize : 33 <-- 0.003994 s
currentSize : 34 <-- 0.005049 s
currentSize : 38 <-- 0.005382 s
currentSize : 39 <-- 0.005701 s
currentSize : 40 <-- 0.007080 s
currentSize : 41 <-- 0.007372 s
currentSize : 47 <-- 0.011060 s
currentSize : 51 <-- 0.012956 s
currentSize : 54 <-- 0.013166 s
currentSize : 56 <-- 0.013780 s
currentSize : 63 <-- 0.013987 s

maxsize : 63
nodes : 3286.000000
filtered : 8268.000000
time : 0.015471
