Parameters: GAD=1 vflib=1 dir=0 label=0 vlabel=1 lowerbound=1 fileNameGp=../../cp2016-max-common-connected-subgraph-paper/datasets/graphsdb/mcs90/m2D/m2Dr4/mcs90_m2Dr4_s80.A07 fileNameGt=../../cp2016-max-common-connected-subgraph-paper/datasets/graphsdb/mcs90/m2D/m2Dr4/mcs90_m2Dr4_s80.B07
Reading graphs...
80 :  172
80 :  170
Initializing...
maxdom : 8
D->valSize : 438
Solving...
Blb : 2 (clique : 48)
currentSize : 48 <-- 0.007434 s
currentSize : 52 <-- 14.963780 s
currentSize : 54 <-- 15.111993 s
currentSize : 55 <-- 15.112103 s
currentSize : 56 <-- 16.277376 s
currentSize : 57 <-- 16.277552 s
currentSize : 59 <-- 23.954151 s
currentSize : 61 <-- 23.954803 s
currentSize : 62 <-- 24.023844 s
currentSize : 64 <-- 24.024963 s

maxsize : 64
nodes : 4417688.000000
filtered : 32562587.000000
time : 24.384695
