Parameters: GAD=1 vflib=1 dir=0 label=0 vlabel=1 lowerbound=1 fileNameGp=../../cp2016-max-common-connected-subgraph-paper/datasets/graphsdb/mcs90/m2D/m2D/mcs90_m2D_s90.A00 fileNameGt=../../cp2016-max-common-connected-subgraph-paper/datasets/graphsdb/mcs90/m2D/m2D/mcs90_m2D_s90.B00
Reading graphs...
90 :  161
90 :  161
Initializing...
maxdom : 10
D->valSize : 558
Solving...
Blb : 2 (clique : 57)
currentSize : 57 <-- 0.011769 s
currentSize : 59 <-- 0.058302 s
currentSize : 60 <-- 0.062446 s
currentSize : 61 <-- 0.131237 s
currentSize : 62 <-- 0.148252 s
currentSize : 63 <-- 0.149324 s
currentSize : 65 <-- 0.151447 s
currentSize : 66 <-- 0.154354 s
currentSize : 69 <-- 0.168388 s
currentSize : 70 <-- 0.172319 s
currentSize : 74 <-- 0.181178 s
currentSize : 75 <-- 0.189858 s
currentSize : 77 <-- 0.261649 s
currentSize : 81 <-- 0.261795 s

maxsize : 81
nodes : 38766.000000
filtered : 269312.000000
time : 0.287341
