Parameters: GAD=1 vflib=1 dir=0 label=0 vlabel=1 lowerbound=1 fileNameGp=../../cp2016-max-common-connected-subgraph-paper/datasets/graphsdb/mcs90/bvg/b03/mcs90_b03_s90.A04 fileNameGt=../../cp2016-max-common-connected-subgraph-paper/datasets/graphsdb/mcs90/bvg/b03/mcs90_b03_s90.B04
Reading graphs...
90 :  135
90 :  135
Initializing...
maxdom : 10
D->valSize : 568
Solving...
Blb : 2 (clique : 43)
currentSize : 43 <-- 0.007022 s
currentSize : 61 <-- 0.007416 s
currentSize : 63 <-- 0.007861 s
currentSize : 65 <-- 0.008355 s
currentSize : 66 <-- 0.008659 s
currentSize : 67 <-- 0.008997 s
currentSize : 68 <-- 0.009176 s
currentSize : 70 <-- 3.739106 s
currentSize : 72 <-- 5.019150 s
currentSize : 75 <-- 7.010080 s
currentSize : 76 <-- 7.346277 s
currentSize : 79 <-- 7.347596 s
currentSize : 80 <-- 7.347884 s

maxsize : 80
nodes : 1174891.000000
filtered : 7660677.000000
time : 7.363062
