Parameters: GAD=1 vflib=1 dir=0 label=0 vlabel=1 lowerbound=1 fileNameGp=../../cp2016-max-common-connected-subgraph-paper/datasets/graphsdb/mcs90/bvg/b09/mcs90_b09_s90.A05 fileNameGt=../../cp2016-max-common-connected-subgraph-paper/datasets/graphsdb/mcs90/bvg/b09/mcs90_b09_s90.B05
Reading graphs...
90 :  405
90 :  404
Initializing...
maxdom : 11
D->valSize : 583
Solving...
Blb : 2 (clique : 31)
currentSize : 31 <-- 0.006747 s
currentSize : 32 <-- 0.392683 s
currentSize : 33 <-- 0.562687 s
currentSize : 34 <-- 0.649191 s
currentSize : 36 <-- 3.992701 s
currentSize : 37 <-- 5.569736 s
currentSize : 43 <-- 5.570191 s
currentSize : 44 <-- 5.570320 s
currentSize : 45 <-- 5.570564 s
currentSize : 48 <-- 6.196392 s
currentSize : 49 <-- 6.196897 s
currentSize : 51 <-- 7.863783 s
currentSize : 56 <-- 8.456473 s
currentSize : 57 <-- 52.567554 s
currentSize : 59 <-- 59.840778 s
currentSize : 60 <-- 64.001923 s
currentSize : 62 <-- 64.018166 s
currentSize : 76 <-- 66.151581 s
currentSize : 80 <-- 66.151970 s

maxsize : 80
nodes : 12686609.000000
filtered : 79869543.000000
time : 66.190636
