Parameters: GAD=1 vflib=1 dir=0 label=0 vlabel=1 lowerbound=1 fileNameGp=../../cp2016-max-common-connected-subgraph-paper/datasets/graphsdb/mcs90/m2D/m2Dr6/mcs90_m2Dr6_s90.A01 fileNameGt=../../cp2016-max-common-connected-subgraph-paper/datasets/graphsdb/mcs90/m2D/m2Dr6/mcs90_m2Dr6_s90.B01
Reading graphs...
90 :  213
90 :  213
Initializing...
maxdom : 9
D->valSize : 551
Solving...
Blb : 2 (clique : 40)
currentSize : 40 <-- 0.007692 s
currentSize : 41 <-- 0.008097 s
currentSize : 43 <-- 0.008200 s
currentSize : 45 <-- 0.008469 s
currentSize : 46 <-- 0.008766 s
currentSize : 48 <-- 0.012931 s
currentSize : 49 <-- 0.013242 s
currentSize : 50 <-- 0.506507 s
currentSize : 51 <-- 0.506934 s
currentSize : 53 <-- 0.517109 s
currentSize : 54 <-- 0.517575 s
currentSize : 56 <-- 0.775649 s
currentSize : 57 <-- 0.776126 s
currentSize : 58 <-- 1.115487 s
currentSize : 61 <-- 1.128952 s
currentSize : 64 <-- 1.218034 s
currentSize : 68 <-- 1.370392 s
currentSize : 70 <-- 1.436257 s
currentSize : 74 <-- 1.540105 s
currentSize : 75 <-- 1.618258 s
currentSize : 81 <-- 1.618971 s

maxsize : 81
nodes : 278346.000000
filtered : 1761018.000000
time : 1.626674
