Parameters: GAD=1 vflib=1 dir=0 label=0 vlabel=1 lowerbound=1 fileNameGp=../../cp2016-max-common-connected-subgraph-paper/datasets/graphsdb/mcs90/m4D/m4D/mcs90_m4D_s90.A04 fileNameGt=../../cp2016-max-common-connected-subgraph-paper/datasets/graphsdb/mcs90/m4D/m4D/mcs90_m4D_s90.B04
Reading graphs...
90 :  206
90 :  206
Initializing...
maxdom : 12
D->valSize : 622
Solving...
Blb : 3 (clique : 62)
currentSize : 62 <-- 0.008105 s
currentSize : 63 <-- 0.010698 s
currentSize : 64 <-- 0.012068 s
currentSize : 65 <-- 0.059328 s
currentSize : 66 <-- 0.059959 s
currentSize : 67 <-- 0.128152 s
currentSize : 68 <-- 0.131002 s
currentSize : 70 <-- 0.177232 s
currentSize : 74 <-- 0.179822 s
currentSize : 75 <-- 0.183092 s
currentSize : 78 <-- 0.243397 s
currentSize : 80 <-- 0.253969 s
currentSize : 81 <-- 0.254817 s

maxsize : 81
nodes : 50687.000000
filtered : 147850.000000
time : 0.258417
