Parameters: GAD=1 vflib=1 dir=0 label=0 vlabel=1 lowerbound=1 fileNameGp=../../cp2016-max-common-connected-subgraph-paper/datasets/graphsdb/mcs90/m2D/m2Dr4/mcs90_m2Dr4_s40.A01 fileNameGt=../../cp2016-max-common-connected-subgraph-paper/datasets/graphsdb/mcs90/m2D/m2Dr4/mcs90_m2Dr4_s40.B01
Reading graphs...
40 :  83
40 :  82
Initializing...
maxdom : 10
D->valSize : 243
Solving...
Blb : 2 (clique : 19)
currentSize : 19 <-- 0.001528 s
currentSize : 22 <-- 0.001725 s
currentSize : 23 <-- 0.003363 s
currentSize : 24 <-- 0.003458 s
currentSize : 25 <-- 0.008367 s
currentSize : 26 <-- 0.008478 s
currentSize : 27 <-- 0.009926 s
currentSize : 28 <-- 0.011928 s
currentSize : 29 <-- 0.013823 s
currentSize : 30 <-- 0.014496 s
currentSize : 31 <-- 0.015214 s
currentSize : 34 <-- 0.015331 s
currentSize : 36 <-- 0.015391 s

maxsize : 36
nodes : 3388.000000
filtered : 29402.000000
time : 0.015501
