Parameters: GAD=1 vflib=1 dir=0 label=0 vlabel=1 lowerbound=1 fileNameGp=../../cp2016-max-common-connected-subgraph-paper/datasets/graphsdb/mcs90/bvg/b06/mcs90_b06_s70.A05 fileNameGt=../../cp2016-max-common-connected-subgraph-paper/datasets/graphsdb/mcs90/bvg/b06/mcs90_b06_s70.B05
Reading graphs...
70 :  210
70 :  209
Initializing...
maxdom : 8
D->valSize : 363
Solving...
Blb : 2 (clique : 41)
currentSize : 41 <-- 0.003132 s
currentSize : 42 <-- 0.003541 s
currentSize : 47 <-- 0.003864 s
currentSize : 48 <-- 0.004121 s
currentSize : 49 <-- 0.203394 s
currentSize : 50 <-- 0.568072 s
currentSize : 52 <-- 0.568154 s
currentSize : 54 <-- 0.568628 s
currentSize : 56 <-- 0.568717 s
currentSize : 61 <-- 0.622839 s
currentSize : 63 <-- 0.622974 s

maxsize : 63
nodes : 136192.000000
filtered : 673532.000000
time : 0.623339
