Parameters: GAD=1 vflib=1 dir=0 label=0 vlabel=1 lowerbound=1 fileNameGp=../../cp2016-max-common-connected-subgraph-paper/datasets/graphsdb/mcs90/bvg/b09/mcs90_b09_s60.A09 fileNameGt=../../cp2016-max-common-connected-subgraph-paper/datasets/graphsdb/mcs90/bvg/b09/mcs90_b09_s60.B09
Reading graphs...
60 :  269
60 :  269
Initializing...
maxdom : 9
D->valSize : 293
Solving...
Blb : 2 (clique : 19)
currentSize : 19 <-- 0.002092 s
currentSize : 21 <-- 0.002207 s
currentSize : 23 <-- 0.002781 s
currentSize : 24 <-- 0.002861 s
currentSize : 25 <-- 0.003912 s
currentSize : 26 <-- 0.004557 s
currentSize : 31 <-- 0.004689 s
currentSize : 33 <-- 0.004788 s
currentSize : 36 <-- 0.006161 s
currentSize : 44 <-- 0.006715 s
currentSize : 46 <-- 0.006897 s
currentSize : 50 <-- 0.008020 s
currentSize : 54 <-- 0.008716 s

maxsize : 54
nodes : 1874.000000
filtered : 8214.000000
time : 0.009073
