Parameters: GAD=1 vflib=1 dir=0 label=0 vlabel=1 lowerbound=1 fileNameGp=../../cp2016-max-common-connected-subgraph-paper/datasets/graphsdb/mcs90/bvg/b09/mcs90_b09_s50.A03 fileNameGt=../../cp2016-max-common-connected-subgraph-paper/datasets/graphsdb/mcs90/bvg/b09/mcs90_b09_s50.B03
Reading graphs...
50 :  224
50 :  222
Initializing...
maxdom : 8
D->valSize : 332
Solving...
Blb : 2 (clique : 15)
currentSize : 15 <-- 0.002330 s
currentSize : 16 <-- 0.002931 s
currentSize : 21 <-- 0.003079 s
currentSize : 24 <-- 0.007797 s
currentSize : 25 <-- 0.030398 s
currentSize : 26 <-- 0.030518 s
currentSize : 28 <-- 0.030836 s
currentSize : 30 <-- 0.033291 s
currentSize : 33 <-- 0.049083 s
currentSize : 40 <-- 0.049224 s
currentSize : 44 <-- 0.049314 s

maxsize : 44
nodes : 10083.000000
filtered : 99139.000000
time : 0.049798
