Parameters: GAD=1 vflib=1 dir=0 label=0 vlabel=1 lowerbound=1 fileNameGp=../../cp2016-max-common-connected-subgraph-paper/datasets/graphsdb/mcs90/bvg/b03m/mcs90_b03m_s80.A03 fileNameGt=../../cp2016-max-common-connected-subgraph-paper/datasets/graphsdb/mcs90/bvg/b03m/mcs90_b03m_s80.B03
Reading graphs...
80 :  120
80 :  119
Initializing...
maxdom : 9
D->valSize : 449
Solving...
Blb : 2 (clique : 57)
currentSize : 57 <-- 0.004795 s
currentSize : 59 <-- 0.005136 s
currentSize : 60 <-- 0.005414 s
currentSize : 61 <-- 0.005710 s
currentSize : 62 <-- 0.006032 s
currentSize : 64 <-- 0.006420 s
currentSize : 65 <-- 0.006687 s
currentSize : 66 <-- 0.006941 s
currentSize : 67 <-- 0.007581 s
currentSize : 69 <-- 0.007696 s
currentSize : 72 <-- 0.016103 s

maxsize : 72
nodes : 4093.000000
filtered : 20276.000000
time : 0.025662
