Parameters: GAD=1 vflib=1 dir=0 label=0 vlabel=1 lowerbound=1 fileNameGp=../../cp2016-max-common-connected-subgraph-paper/datasets/graphsdb/mcs90/bvg/b03/mcs90_b03_s60.A03 fileNameGt=../../cp2016-max-common-connected-subgraph-paper/datasets/graphsdb/mcs90/bvg/b03/mcs90_b03_s60.B03
Reading graphs...
60 :  90
60 :  90
Initializing...
maxdom : 7
D->valSize : 257
Solving...
Blb : 2 (clique : 34)
currentSize : 34 <-- 0.002033 s
currentSize : 35 <-- 0.002245 s
currentSize : 36 <-- 0.006713 s
currentSize : 37 <-- 0.014395 s
currentSize : 38 <-- 0.016586 s
currentSize : 40 <-- 0.027339 s
currentSize : 42 <-- 0.028942 s
currentSize : 43 <-- 0.029055 s
currentSize : 48 <-- 0.102760 s
currentSize : 54 <-- 0.103204 s

maxsize : 54
nodes : 28766.000000
filtered : 89488.000000
time : 0.103404
