Parameters: GAD=1 vflib=1 dir=0 label=0 vlabel=1 lowerbound=1 fileNameGp=../../cp2016-max-common-connected-subgraph-paper/datasets/graphsdb/mcs90/m3D/m3Dr2/mcs90_m3Dr2_s70.A07 fileNameGt=../../cp2016-max-common-connected-subgraph-paper/datasets/graphsdb/mcs90/m3D/m3Dr2/mcs90_m3Dr2_s70.B07
Reading graphs...
70 :  173
70 :  173
Initializing...
maxdom : 8
D->valSize : 357
Solving...
Blb : 3 (clique : 37)
currentSize : 37 <-- 0.003162 s
currentSize : 39 <-- 0.004983 s
currentSize : 42 <-- 0.009875 s
currentSize : 43 <-- 0.013281 s
currentSize : 44 <-- 0.015144 s
currentSize : 48 <-- 0.015654 s
currentSize : 51 <-- 0.016230 s
currentSize : 53 <-- 0.016907 s
currentSize : 59 <-- 0.017512 s
currentSize : 64 <-- 0.017912 s

maxsize : 64
nodes : 3698.000000
filtered : 12303.000000
time : 0.018163
