Parameters: GAD=1 vflib=1 dir=0 label=0 vlabel=1 lowerbound=1 fileNameGp=../../cp2016-max-common-connected-subgraph-paper/datasets/graphsdb/mcs90/bvg/b06/mcs90_b06_s35.A02 fileNameGt=../../cp2016-max-common-connected-subgraph-paper/datasets/graphsdb/mcs90/bvg/b06/mcs90_b06_s35.B02
Reading graphs...
35 :  105
35 :  105
Initializing...
maxdom : 8
D->valSize : 183
Solving...
Blb : 2 (clique : 13)
currentSize : 13 <-- 0.001020 s
currentSize : 14 <-- 0.002536 s
currentSize : 15 <-- 0.003729 s
currentSize : 17 <-- 0.005100 s
currentSize : 19 <-- 0.005141 s
currentSize : 20 <-- 0.015117 s
currentSize : 21 <-- 0.025099 s
currentSize : 22 <-- 0.027827 s
currentSize : 31 <-- 0.028591 s

maxsize : 31
nodes : 8333.000000
filtered : 44988.000000
time : 0.028786
