Parameters: GAD=1 vflib=1 dir=0 label=0 vlabel=1 lowerbound=1 fileNameGp=../../cp2016-max-common-connected-subgraph-paper/datasets/graphsdb/mcs90/m2D/m2Dr2/mcs90_m2Dr2_s80.A00 fileNameGt=../../cp2016-max-common-connected-subgraph-paper/datasets/graphsdb/mcs90/m2D/m2Dr2/mcs90_m2Dr2_s80.B00
Reading graphs...
80 :  156
80 :  158
Initializing...
maxdom : 10
D->valSize : 451
Solving...
Blb : 2 (clique : 56)
currentSize : 56 <-- 0.004746 s
currentSize : 57 <-- 0.005351 s
currentSize : 58 <-- 0.005880 s
currentSize : 59 <-- 0.006551 s
currentSize : 61 <-- 0.007232 s
currentSize : 62 <-- 0.007666 s
currentSize : 63 <-- 0.009347 s
currentSize : 64 <-- 0.009816 s

maxsize : 64
nodes : 700179.000000
filtered : 3210679.000000
time : 3.311862
