Parameters: GAD=1 vflib=1 dir=0 label=0 vlabel=1 lowerbound=1 fileNameGp=../../cp2016-max-common-connected-subgraph-paper/datasets/graphsdb/mcs90/m2D/m2D/mcs90_m2D_s100.A09 fileNameGt=../../cp2016-max-common-connected-subgraph-paper/datasets/graphsdb/mcs90/m2D/m2D/mcs90_m2D_s100.B09
Reading graphs...
100 :  180
100 :  179
Initializing...
maxdom : 7
D->valSize : 404
Solving...
Blb : 2 (clique : 66)
currentSize : 66 <-- 0.004575 s
currentSize : 68 <-- 0.005061 s
currentSize : 72 <-- 0.005312 s
currentSize : 73 <-- 0.005980 s
currentSize : 76 <-- 0.094264 s
currentSize : 77 <-- 0.095062 s
currentSize : 80 <-- 0.255121 s
currentSize : 81 <-- 0.256056 s

maxsize : 81
nodes : 1504148.000000
filtered : 5294694.000000
time : 7.781217
