Parameters: GAD=1 vflib=1 dir=0 label=0 vlabel=1 lowerbound=1 fileNameGp=../../cp2016-max-common-connected-subgraph-paper/datasets/graphsdb/mcs90/bvg/b03m/mcs90_b03m_s100.A03 fileNameGt=../../cp2016-max-common-connected-subgraph-paper/datasets/graphsdb/mcs90/bvg/b03m/mcs90_b03m_s100.B03
Reading graphs...
100 :  147
100 :  147
Initializing...
maxdom : 6
D->valSize : 385
Solving...
Blb : 2 (clique : 79)
currentSize : 79 <-- 0.004526 s
currentSize : 81 <-- 0.005002 s
currentSize : 83 <-- 0.016428 s
currentSize : 84 <-- 0.042882 s
currentSize : 86 <-- 0.044889 s
currentSize : 87 <-- 0.195082 s
currentSize : 88 <-- 0.196333 s
currentSize : 89 <-- 0.305028 s
currentSize : 90 <-- 0.307392 s

maxsize : 90
nodes : 72418.000000
filtered : 285053.000000
time : 0.366643
