Parameters: GAD=1 vflib=1 dir=0 label=0 vlabel=1 lowerbound=1 fileNameGp=../../cp2016-max-common-connected-subgraph-paper/datasets/graphsdb/mcs90/bvg/b06/mcs90_b06_s90.A08 fileNameGt=../../cp2016-max-common-connected-subgraph-paper/datasets/graphsdb/mcs90/bvg/b06/mcs90_b06_s90.B08
Reading graphs...
90 :  270
90 :  270
Initializing...
maxdom : 11
D->valSize : 565
Solving...
Blb : 2 (clique : 42)
currentSize : 42 <-- 0.006765 s
currentSize : 46 <-- 0.007275 s
currentSize : 48 <-- 0.007367 s
currentSize : 50 <-- 0.007489 s
currentSize : 52 <-- 0.007771 s
currentSize : 54 <-- 0.046464 s
currentSize : 55 <-- 0.062085 s
currentSize : 59 <-- 0.078388 s
currentSize : 60 <-- 0.080359 s
currentSize : 61 <-- 0.081366 s
currentSize : 70 <-- 0.110307 s
currentSize : 73 <-- 0.111172 s
currentSize : 81 <-- 0.113544 s

maxsize : 81
nodes : 19360.000000
filtered : 76197.000000
time : 0.114669
