Parameters: GAD=1 vflib=1 dir=0 label=0 vlabel=1 lowerbound=1 fileNameGp=../../cp2016-max-common-connected-subgraph-paper/datasets/graphsdb/mcs90/m2D/m2D/mcs90_m2D_s100.A00 fileNameGt=../../cp2016-max-common-connected-subgraph-paper/datasets/graphsdb/mcs90/m2D/m2D/mcs90_m2D_s100.B00
Reading graphs...
100 :  180
100 :  180
Initializing...
maxdom : 8
D->valSize : 390
Solving...
Blb : 2 (clique : 64)
currentSize : 64 <-- 0.004458 s
currentSize : 69 <-- 0.004981 s
currentSize : 70 <-- 0.005490 s
currentSize : 72 <-- 0.005773 s
currentSize : 73 <-- 0.006288 s
currentSize : 75 <-- 0.015282 s
currentSize : 76 <-- 0.015956 s
currentSize : 78 <-- 0.757140 s
currentSize : 79 <-- 0.757928 s
currentSize : 80 <-- 2.700720 s
currentSize : 81 <-- 2.701694 s

maxsize : 81
nodes : 908525.000000
filtered : 3917342.000000
time : 5.162632
