Parameters: GAD=1 vflib=1 dir=0 label=0 vlabel=1 lowerbound=1 fileNameGp=../../cp2016-max-common-connected-subgraph-paper/datasets/graphsdb/mcs90/bvg/b03/mcs90_b03_s100.A04 fileNameGt=../../cp2016-max-common-connected-subgraph-paper/datasets/graphsdb/mcs90/bvg/b03/mcs90_b03_s100.B04
Reading graphs...
100 :  150
100 :  150
Initializing...
maxdom : 7
D->valSize : 449
Solving...
Blb : 2 (clique : 75)
currentSize : 75 <-- 0.005563 s
currentSize : 76 <-- 0.006201 s
currentSize : 77 <-- 0.006492 s
currentSize : 78 <-- 0.007050 s
currentSize : 79 <-- 0.007780 s
currentSize : 82 <-- 0.008118 s
currentSize : 84 <-- 0.008250 s
currentSize : 86 <-- 0.008766 s
currentSize : 90 <-- 0.009183 s

maxsize : 90
nodes : 4640.000000
filtered : 17221.000000
time : 0.030459
