Parameters: GAD=1 vflib=1 dir=0 label=0 vlabel=1 lowerbound=1 fileNameGp=../../cp2016-max-common-connected-subgraph-paper/datasets/graphsdb/mcs90/m4D/m4D/mcs90_m4D_s100.A03 fileNameGt=../../cp2016-max-common-connected-subgraph-paper/datasets/graphsdb/mcs90/m4D/m4D/mcs90_m4D_s100.B03
Reading graphs...
100 :  219
100 :  219
Initializing...
maxdom : 7
D->valSize : 355
Solving...
Blb : 3 (clique : 65)
currentSize : 65 <-- 0.004018 s
currentSize : 66 <-- 0.255983 s
currentSize : 67 <-- 0.256235 s
currentSize : 68 <-- 0.265380 s
currentSize : 69 <-- 2.621336 s
currentSize : 70 <-- 2.622435 s
currentSize : 71 <-- 2.689529 s
currentSize : 72 <-- 2.689846 s
currentSize : 73 <-- 2.693338 s
currentSize : 74 <-- 6.157766 s
currentSize : 76 <-- 6.168444 s
currentSize : 77 <-- 6.168766 s
currentSize : 78 <-- 25.017952 s
currentSize : 79 <-- 25.018379 s
currentSize : 80 <-- 25.063101 s
currentSize : 81 <-- 25.199476 s

maxsize : 81
nodes : 10562576.000000
filtered : 26777215.000000
time : 49.885639
