Parameters: GAD=1 vflib=1 dir=0 label=0 vlabel=1 lowerbound=1 fileNameGp=../../cp2016-max-common-connected-subgraph-paper/datasets/graphsdb/mcs90/m3D/m3Dr6/mcs90_m3Dr6_s80.A02 fileNameGt=../../cp2016-max-common-connected-subgraph-paper/datasets/graphsdb/mcs90/m3D/m3Dr6/mcs90_m3Dr6_s80.B02
Reading graphs...
80 :  231
80 :  228
Initializing...
maxdom : 11
D->valSize : 459
Solving...
Blb : 2 (clique : 24)
currentSize : 24 <-- 0.004587 s
currentSize : 25 <-- 0.005728 s
currentSize : 26 <-- 0.032963 s
currentSize : 27 <-- 0.397673 s
currentSize : 28 <-- 0.618869 s
currentSize : 29 <-- 2.080291 s
currentSize : 30 <-- 2.080561 s
currentSize : 31 <-- 2.476853 s
currentSize : 32 <-- 13.181048 s
currentSize : 33 <-- 13.326272 s
currentSize : 36 <-- 15.033351 s
currentSize : 37 <-- 15.963793 s
currentSize : 38 <-- 16.950895 s
currentSize : 39 <-- 16.951134 s
currentSize : 44 <-- 16.972561 s
currentSize : 46 <-- 16.972719 s
currentSize : 47 <-- 17.343664 s
currentSize : 48 <-- 17.685127 s
currentSize : 52 <-- 17.685289 s
currentSize : 55 <-- 17.850142 s
currentSize : 64 <-- 17.969116 s

maxsize : 64
nodes : 3496829.000000
filtered : 19652492.000000
time : 17.977720
