Parameters: GAD=1 vflib=1 dir=0 label=0 vlabel=1 lowerbound=1 fileNameGp=../../cp2016-max-common-connected-subgraph-paper/datasets/graphsdb/mcs90/rand/r001/mcs90_r001_s100.A04 fileNameGt=../../cp2016-max-common-connected-subgraph-paper/datasets/graphsdb/mcs90/rand/r001/mcs90_r001_s100.B04
Reading graphs...
100 :  108
100 :  108
Initializing...
maxdom : 7
D->valSize : 399
Solving...
Blb : 2 (clique : 83)
currentSize : 83 <-- 0.005016 s
currentSize : 86 <-- 0.005505 s
currentSize : 87 <-- 0.008750 s
currentSize : 88 <-- 0.010389 s
currentSize : 89 <-- 0.015272 s
currentSize : 90 <-- 0.016910 s

maxsize : 90
nodes : 42769.000000
filtered : 149487.000000
time : 0.264344
