Parameters: GAD=1 vflib=1 dir=0 label=0 vlabel=1 lowerbound=1 fileNameGp=../../cp2016-max-common-connected-subgraph-paper/datasets/graphsdb/mcs90/m2D/m2Dr4/mcs90_m2Dr4_s80.A01 fileNameGt=../../cp2016-max-common-connected-subgraph-paper/datasets/graphsdb/mcs90/m2D/m2Dr4/mcs90_m2Dr4_s80.B01
Reading graphs...
80 :  174
80 :  172
Initializing...
maxdom : 8
D->valSize : 448
Solving...
Blb : 2 (clique : 49)
currentSize : 49 <-- 0.007784 s
currentSize : 53 <-- 0.008301 s
currentSize : 54 <-- 0.009062 s
currentSize : 56 <-- 0.009603 s
currentSize : 58 <-- 0.010112 s
currentSize : 59 <-- 0.011480 s
currentSize : 63 <-- 0.012311 s
currentSize : 64 <-- 0.012821 s

maxsize : 64
nodes : 209985.000000
filtered : 907435.000000
time : 1.154991
