Parameters: GAD=1 vflib=1 dir=0 label=0 vlabel=1 lowerbound=1 fileNameGp=../../cp2016-max-common-connected-subgraph-paper/datasets/graphsdb/mcs90/m4D/m4Dr2/mcs90_m4Dr2_s100.A04 fileNameGt=../../cp2016-max-common-connected-subgraph-paper/datasets/graphsdb/mcs90/m4D/m4Dr2/mcs90_m4Dr2_s100.B04
Reading graphs...
100 :  238
100 :  237
Initializing...
maxdom : 9
D->valSize : 423
Solving...
Blb : 3 (clique : 68)
currentSize : 68 <-- 0.005157 s
currentSize : 69 <-- 0.016698 s
currentSize : 70 <-- 0.024198 s
currentSize : 71 <-- 0.024570 s
currentSize : 72 <-- 1.016769 s
currentSize : 73 <-- 1.023195 s
currentSize : 74 <-- 1.023621 s
currentSize : 75 <-- 5.030401 s
currentSize : 76 <-- 5.038160 s
currentSize : 77 <-- 5.038506 s
currentSize : 78 <-- 6.380963 s
currentSize : 79 <-- 6.381371 s
currentSize : 80 <-- 6.388228 s
currentSize : 81 <-- 6.388632 s

maxsize : 81
nodes : 1463214.000000
filtered : 4431028.000000
time : 7.173262
