Parameters: GAD=1 vflib=1 dir=0 label=0 vlabel=1 lowerbound=1 fileNameGp=../../cp2016-max-common-connected-subgraph-paper/datasets/graphsdb/mcs90/m2D/m2Dr2/mcs90_m2Dr2_s80.A07 fileNameGt=../../cp2016-max-common-connected-subgraph-paper/datasets/graphsdb/mcs90/m2D/m2Dr2/mcs90_m2Dr2_s80.B07
Reading graphs...
80 :  158
80 :  158
Initializing...
maxdom : 9
D->valSize : 431
Solving...
Blb : 2 (clique : 53)
currentSize : 53 <-- 0.004354 s
currentSize : 54 <-- 0.004754 s
currentSize : 55 <-- 0.021310 s
currentSize : 56 <-- 0.159594 s
currentSize : 57 <-- 0.168139 s
currentSize : 58 <-- 1.796504 s
currentSize : 60 <-- 2.612939 s
currentSize : 64 <-- 3.350402 s

maxsize : 64
nodes : 1200653.000000
filtered : 6487956.000000
time : 6.135518
