Parameters: GAD=1 vflib=1 dir=0 label=0 vlabel=1 lowerbound=1 fileNameGp=../../cp2016-max-common-connected-subgraph-paper/datasets/graphsdb/mcs90/m2D/m2Dr2/mcs90_m2Dr2_s100.A08 fileNameGt=../../cp2016-max-common-connected-subgraph-paper/datasets/graphsdb/mcs90/m2D/m2Dr2/mcs90_m2Dr2_s100.B08
Reading graphs...
100 :  200
100 :  200
Initializing...
maxdom : 12
D->valSize : 409
Solving...
Blb : 2 (clique : 57)
currentSize : 57 <-- 0.004526 s
currentSize : 58 <-- 0.005057 s
currentSize : 59 <-- 0.012251 s
currentSize : 60 <-- 0.016499 s
currentSize : 61 <-- 0.117246 s
currentSize : 63 <-- 1.370793 s
currentSize : 65 <-- 1.370945 s
currentSize : 66 <-- 1.371879 s
currentSize : 67 <-- 1.379763 s
currentSize : 68 <-- 1.894785 s
currentSize : 69 <-- 2.094063 s
currentSize : 70 <-- 4.903902 s
currentSize : 73 <-- 4.904317 s
currentSize : 76 <-- 4.904754 s
currentSize : 77 <-- 4.908898 s
currentSize : 80 <-- 6.261613 s
currentSize : 81 <-- 6.267096 s

maxsize : 81
nodes : 2354052.000000
filtered : 9028565.000000
time : 12.120916
