Parameters: GAD=1 vflib=1 dir=0 label=0 vlabel=1 lowerbound=1 fileNameGp=../../cp2016-max-common-connected-subgraph-paper/datasets/graphsdb/mcs90/bvg/b06/mcs90_b06_s80.A06 fileNameGt=../../cp2016-max-common-connected-subgraph-paper/datasets/graphsdb/mcs90/bvg/b06/mcs90_b06_s80.B06
Reading graphs...
80 :  240
80 :  240
Initializing...
maxdom : 7
D->valSize : 415
Solving...
Blb : 5 (clique : 41)
currentSize : 41 <-- 0.004157 s
currentSize : 44 <-- 0.004405 s
currentSize : 45 <-- 0.004733 s
currentSize : 47 <-- 0.005238 s
currentSize : 49 <-- 0.005442 s
currentSize : 50 <-- 0.005989 s
currentSize : 53 <-- 0.006553 s
currentSize : 54 <-- 0.007257 s
currentSize : 55 <-- 0.008279 s
currentSize : 56 <-- 0.009172 s
currentSize : 60 <-- 0.009669 s
currentSize : 61 <-- 0.009932 s
currentSize : 62 <-- 0.011034 s
currentSize : 63 <-- 0.011983 s
currentSize : 72 <-- 0.012479 s

maxsize : 72
nodes : 1943.000000
filtered : 5575.000000
time : 0.014899
