Parameters: GAD=1 vflib=1 dir=0 label=0 vlabel=1 lowerbound=1 fileNameGp=../../cp2016-max-common-connected-subgraph-paper/datasets/graphsdb/mcs90/m4D/m4Dr4/mcs90_m4Dr4_s100.A06 fileNameGt=../../cp2016-max-common-connected-subgraph-paper/datasets/graphsdb/mcs90/m4D/m4Dr4/mcs90_m4Dr4_s100.B06
Reading graphs...
100 :  256
100 :  255
Initializing...
maxdom : 7
D->valSize : 408
Solving...
Blb : 3 (clique : 61)
currentSize : 61 <-- 0.004823 s
currentSize : 62 <-- 1.291814 s
currentSize : 64 <-- 1.317486 s
currentSize : 65 <-- 1.408490 s
currentSize : 66 <-- 7.192420 s
currentSize : 68 <-- 7.193042 s
currentSize : 70 <-- 7.614719 s
currentSize : 72 <-- 236.312714 s
currentSize : 73 <-- 237.014160 s
currentSize : 76 <-- 237.014374 s
currentSize : 77 <-- 402.404358 s
currentSize : 80 <-- 402.404510 s
currentSize : 81 <-- 402.405396 s

maxsize : 81
nodes : 95204710.000000
filtered : 292572134.000000
time : 426.148376
