Parameters: GAD=1 vflib=1 dir=0 label=0 vlabel=1 lowerbound=1 fileNameGp=../../cp2016-max-common-connected-subgraph-paper/datasets/graphsdb/mcs90/m2D/m2D/mcs90_m2D_s100.A02 fileNameGt=../../cp2016-max-common-connected-subgraph-paper/datasets/graphsdb/mcs90/m2D/m2D/mcs90_m2D_s100.B02
Reading graphs...
100 :  180
100 :  180
Initializing...
maxdom : 7
D->valSize : 425
Solving...
Blb : 3 (clique : 51)
currentSize : 51 <-- 0.004707 s
currentSize : 52 <-- 0.009506 s
currentSize : 53 <-- 0.011021 s
currentSize : 55 <-- 0.196991 s
currentSize : 57 <-- 0.197500 s
currentSize : 58 <-- 0.397123 s
currentSize : 59 <-- 1.127056 s
currentSize : 61 <-- 1.129309 s
currentSize : 62 <-- 1.129503 s
currentSize : 64 <-- 1.716856 s
currentSize : 65 <-- 1.717042 s
currentSize : 66 <-- 2.167384 s
currentSize : 69 <-- 3.855276 s
currentSize : 72 <-- 9.028642 s
currentSize : 75 <-- 19.193445 s
currentSize : 76 <-- 19.194416 s
currentSize : 80 <-- 32.244774 s
currentSize : 81 <-- 32.245590 s

maxsize : 81
nodes : 7089401.000000
filtered : 29645180.000000
time : 36.670017
