Parameters: GAD=1 vflib=1 dir=0 label=0 vlabel=1 lowerbound=1 fileNameGp=../../cp2016-max-common-connected-subgraph-paper/datasets/graphsdb/mcs90/bvg/b06/mcs90_b06_s50.A01 fileNameGt=../../cp2016-max-common-connected-subgraph-paper/datasets/graphsdb/mcs90/bvg/b06/mcs90_b06_s50.B01
Reading graphs...
50 :  149
50 :  150
Initializing...
maxdom : 10
D->valSize : 339
Solving...
Blb : 2 (clique : 23)
currentSize : 23 <-- 0.002451 s
currentSize : 24 <-- 0.002599 s
currentSize : 27 <-- 0.003446 s
currentSize : 28 <-- 0.006931 s
currentSize : 29 <-- 0.009912 s
currentSize : 30 <-- 0.016379 s
currentSize : 31 <-- 0.016900 s
currentSize : 32 <-- 0.020591 s
currentSize : 33 <-- 0.026459 s
currentSize : 34 <-- 0.030172 s
currentSize : 35 <-- 0.032624 s
currentSize : 36 <-- 0.036126 s
currentSize : 37 <-- 0.037487 s
currentSize : 40 <-- 0.038756 s
currentSize : 45 <-- 0.038875 s

maxsize : 45
nodes : 9408.000000
filtered : 60509.000000
time : 0.039531
