Parameters: GAD=1 vflib=1 dir=0 label=0 vlabel=1 lowerbound=1 fileNameGp=../../cp2016-max-common-connected-subgraph-paper/datasets/graphsdb/mcs90/bvg/b06/mcs90_b06_s90.A00 fileNameGt=../../cp2016-max-common-connected-subgraph-paper/datasets/graphsdb/mcs90/bvg/b06/mcs90_b06_s90.B00
Reading graphs...
90 :  269
90 :  270
Initializing...
maxdom : 9
D->valSize : 553
Solving...
Blb : 2 (clique : 51)
currentSize : 51 <-- 0.006505 s
currentSize : 55 <-- 0.007211 s
currentSize : 56 <-- 0.010470 s
currentSize : 57 <-- 0.010570 s
currentSize : 62 <-- 0.138079 s
currentSize : 64 <-- 0.139294 s
currentSize : 65 <-- 0.139422 s
currentSize : 66 <-- 0.349024 s
currentSize : 71 <-- 0.355667 s
currentSize : 73 <-- 0.368244 s
currentSize : 77 <-- 0.385187 s
currentSize : 81 <-- 0.385481 s

maxsize : 81
nodes : 66542.000000
filtered : 416256.000000
time : 0.421397
