Parameters: GAD=1 vflib=1 dir=0 label=0 vlabel=1 lowerbound=1 fileNameGp=../../cp2016-max-common-connected-subgraph-paper/datasets/graphsdb/mcs90/m3D/m3Dr6/mcs90_m3Dr6_s80.A08 fileNameGt=../../cp2016-max-common-connected-subgraph-paper/datasets/graphsdb/mcs90/m3D/m3Dr6/mcs90_m3Dr6_s80.B08
Reading graphs...
80 :  231
80 :  230
Initializing...
maxdom : 8
D->valSize : 437
Solving...
Blb : 3 (clique : 38)
currentSize : 38 <-- 0.004379 s
currentSize : 39 <-- 0.707028 s
currentSize : 40 <-- 0.707300 s
currentSize : 41 <-- 1.812383 s
currentSize : 42 <-- 1.812628 s
currentSize : 43 <-- 1.815369 s
currentSize : 44 <-- 1.815882 s
currentSize : 45 <-- 2.309489 s
currentSize : 46 <-- 2.448074 s
currentSize : 47 <-- 2.448332 s
currentSize : 48 <-- 3.287244 s
currentSize : 49 <-- 3.445933 s
currentSize : 50 <-- 3.447732 s
currentSize : 52 <-- 4.743541 s
currentSize : 54 <-- 4.743719 s
currentSize : 55 <-- 5.619700 s
currentSize : 56 <-- 5.620346 s
currentSize : 57 <-- 7.567350 s
currentSize : 59 <-- 7.616491 s
currentSize : 61 <-- 7.616771 s
currentSize : 63 <-- 7.662207 s
currentSize : 64 <-- 7.662884 s

maxsize : 64
nodes : 1507025.000000
filtered : 9349094.000000
time : 7.768949
