Parameters: GAD=1 vflib=1 dir=0 label=0 vlabel=1 lowerbound=1 fileNameGp=../../cp2016-max-common-connected-subgraph-paper/datasets/graphsdb/mcs90/bvg/b06/mcs90_b06_s50.A04 fileNameGt=../../cp2016-max-common-connected-subgraph-paper/datasets/graphsdb/mcs90/bvg/b06/mcs90_b06_s50.B04
Reading graphs...
50 :  150
50 :  150
Initializing...
maxdom : 9
D->valSize : 344
Solving...
Blb : 3 (clique : 21)
currentSize : 21 <-- 0.002476 s
currentSize : 23 <-- 0.002599 s
currentSize : 24 <-- 0.002925 s
currentSize : 27 <-- 0.003090 s
currentSize : 28 <-- 0.003283 s
currentSize : 30 <-- 0.004934 s
currentSize : 31 <-- 0.009969 s
currentSize : 32 <-- 0.010067 s
currentSize : 38 <-- 0.010141 s
currentSize : 45 <-- 0.010330 s

maxsize : 45
nodes : 2208.000000
filtered : 15530.000000
time : 0.011136
