Parameters: GAD=1 vflib=1 dir=0 label=0 vlabel=1 lowerbound=1 fileNameGp=../../cp2016-max-common-connected-subgraph-paper/datasets/graphsdb/mcs90/bvg/b09/mcs90_b09_s90.A02 fileNameGt=../../cp2016-max-common-connected-subgraph-paper/datasets/graphsdb/mcs90/bvg/b09/mcs90_b09_s90.B02
Reading graphs...
90 :  404
90 :  405
Initializing...
maxdom : 10
D->valSize : 585
Solving...
Blb : 2 (clique : 27)
currentSize : 27 <-- 0.006813 s
currentSize : 29 <-- 0.007068 s
currentSize : 32 <-- 0.007300 s
currentSize : 35 <-- 0.008010 s
currentSize : 37 <-- 0.008133 s
currentSize : 38 <-- 0.008541 s
currentSize : 40 <-- 0.008681 s
currentSize : 41 <-- 0.009601 s
currentSize : 42 <-- 0.011236 s
currentSize : 43 <-- 0.016371 s
currentSize : 45 <-- 0.069568 s
currentSize : 48 <-- 0.069828 s
currentSize : 49 <-- 0.074289 s
currentSize : 50 <-- 0.075285 s
currentSize : 52 <-- 0.088097 s
currentSize : 59 <-- 0.088327 s
currentSize : 62 <-- 0.094246 s
currentSize : 68 <-- 0.147017 s
currentSize : 72 <-- 0.157774 s
currentSize : 80 <-- 0.158457 s

maxsize : 80
nodes : 26389.000000
filtered : 169427.000000
time : 0.158869
