Parameters: GAD=1 vflib=1 dir=0 label=0 vlabel=1 lowerbound=1 fileNameGp=../../cp2016-max-common-connected-subgraph-paper/datasets/graphsdb/mcs90/bvg/b03m/mcs90_b03m_s40.A07 fileNameGt=../../cp2016-max-common-connected-subgraph-paper/datasets/graphsdb/mcs90/bvg/b03m/mcs90_b03m_s40.B07
Reading graphs...
40 :  60
40 :  60
Initializing...
maxdom : 8
D->valSize : 222
Solving...
Blb : 2 (clique : 23)
currentSize : 23 <-- 0.001419 s
currentSize : 24 <-- 0.001990 s
currentSize : 25 <-- 0.002228 s
currentSize : 26 <-- 0.002291 s
currentSize : 28 <-- 0.002561 s
currentSize : 29 <-- 0.002622 s
currentSize : 30 <-- 0.002799 s
currentSize : 31 <-- 0.003277 s
currentSize : 32 <-- 0.003345 s
currentSize : 33 <-- 0.003563 s
currentSize : 36 <-- 0.003601 s

maxsize : 36
nodes : 718.000000
filtered : 3526.000000
time : 0.003708
