Parameters: GAD=1 vflib=1 dir=0 label=0 vlabel=1 lowerbound=1 fileNameGp=../../cp2016-max-common-connected-subgraph-paper/datasets/graphsdb/mcs90/m2D/m2Dr4/mcs90_m2Dr4_s70.A05 fileNameGt=../../cp2016-max-common-connected-subgraph-paper/datasets/graphsdb/mcs90/m2D/m2Dr4/mcs90_m2Dr4_s70.B05
Reading graphs...
70 :  149
70 :  148
Initializing...
maxdom : 7
D->valSize : 343
Solving...
Blb : 3 (clique : 28)
currentSize : 28 <-- 0.004838 s
currentSize : 33 <-- 0.005118 s
currentSize : 34 <-- 0.005241 s
currentSize : 36 <-- 0.005473 s
currentSize : 38 <-- 0.005793 s
currentSize : 43 <-- 0.040798 s
currentSize : 45 <-- 0.045214 s
currentSize : 46 <-- 0.115632 s
currentSize : 49 <-- 0.161011 s
currentSize : 53 <-- 0.193708 s
currentSize : 57 <-- 0.307071 s
currentSize : 64 <-- 0.327144 s

maxsize : 64
nodes : 66353.000000
filtered : 240694.000000
time : 0.328642
