Parameters: GAD=1 vflib=1 dir=0 label=0 vlabel=1 lowerbound=1 fileNameGp=../../cp2016-max-common-connected-subgraph-paper/datasets/graphsdb/mcs90/m2D/m2Dr6/mcs90_m2Dr6_s100.A09 fileNameGt=../../cp2016-max-common-connected-subgraph-paper/datasets/graphsdb/mcs90/m2D/m2Dr6/mcs90_m2Dr6_s100.B09
Reading graphs...
100 :  237
100 :  235
Initializing...
maxdom : 6
D->valSize : 385
Solving...
Blb : 3 (clique : 54)
currentSize : 54 <-- 0.004210 s
currentSize : 56 <-- 0.004734 s
currentSize : 57 <-- 0.005379 s
currentSize : 60 <-- 0.006625 s
currentSize : 63 <-- 0.008878 s
currentSize : 64 <-- 0.010330 s
currentSize : 66 <-- 0.011572 s
currentSize : 68 <-- 0.011974 s
currentSize : 70 <-- 0.014610 s
currentSize : 72 <-- 0.014978 s
currentSize : 73 <-- 4.271024 s
currentSize : 75 <-- 4.271447 s
currentSize : 79 <-- 4.276134 s
currentSize : 81 <-- 4.276425 s

maxsize : 81
nodes : 858897.000000
filtered : 3527066.000000
time : 4.620877
