Parameters: GAD=1 vflib=1 dir=0 label=0 vlabel=1 lowerbound=1 fileNameGp=../../cp2016-max-common-connected-subgraph-paper/datasets/graphsdb/mcs90/bvg/b03m/mcs90_b03m_s90.A04 fileNameGt=../../cp2016-max-common-connected-subgraph-paper/datasets/graphsdb/mcs90/bvg/b03m/mcs90_b03m_s90.B04
Reading graphs...
90 :  135
90 :  135
Initializing...
maxdom : 10
D->valSize : 569
Solving...
Blb : 2 (clique : 54)
currentSize : 54 <-- 0.007240 s
currentSize : 55 <-- 31.358896 s
currentSize : 56 <-- 31.359451 s
currentSize : 57 <-- 62.093960 s
currentSize : 58 <-- 85.506851 s
currentSize : 59 <-- 85.879601 s
currentSize : 60 <-- 85.882576 s
currentSize : 61 <-- 137.751587 s
currentSize : 62 <-- 137.789139 s
currentSize : 63 <-- 137.810059 s
currentSize : 64 <-- 148.423325 s
currentSize : 65 <-- 167.745850 s
currentSize : 66 <-- 169.836395 s
currentSize : 68 <-- 170.590363 s
currentSize : 70 <-- 183.015701 s
currentSize : 73 <-- 183.025452 s
currentSize : 74 <-- 183.060959 s
currentSize : 75 <-- 183.521255 s
currentSize : 76 <-- 183.521698 s
currentSize : 78 <-- 183.535583 s
currentSize : 80 <-- 183.535767 s

maxsize : 80
nodes : 35894686.000000
filtered : 192497844.000000
time : 183.565735
