Parameters: GAD=1 vflib=1 dir=0 label=0 vlabel=1 lowerbound=1 fileNameGp=../../cp2016-max-common-connected-subgraph-paper/datasets/graphsdb/mcs90/bvg/b06/mcs90_b06_s50.A05 fileNameGt=../../cp2016-max-common-connected-subgraph-paper/datasets/graphsdb/mcs90/bvg/b06/mcs90_b06_s50.B05
Reading graphs...
50 :  150
50 :  150
Initializing...
maxdom : 8
D->valSize : 322
Solving...
Blb : 3 (clique : 20)
currentSize : 20 <-- 0.002318 s
currentSize : 21 <-- 0.002442 s
currentSize : 22 <-- 0.003703 s
currentSize : 23 <-- 0.003807 s
currentSize : 28 <-- 0.005252 s
currentSize : 29 <-- 0.025703 s
currentSize : 30 <-- 0.038538 s
currentSize : 32 <-- 0.038959 s
currentSize : 35 <-- 0.039155 s
currentSize : 36 <-- 0.041849 s
currentSize : 39 <-- 0.060025 s
currentSize : 40 <-- 0.060275 s
currentSize : 42 <-- 0.060413 s
currentSize : 45 <-- 0.060566 s

maxsize : 45
nodes : 14666.000000
filtered : 120743.000000
time : 0.061070
