Parameters: GAD=1 vflib=1 dir=0 label=0 vlabel=1 lowerbound=1 fileNameGp=../../cp2016-max-common-connected-subgraph-paper/datasets/graphsdb/mcs90/m2D/m2Dr2/mcs90_m2Dr2_s90.A09 fileNameGt=../../cp2016-max-common-connected-subgraph-paper/datasets/graphsdb/mcs90/m2D/m2Dr2/mcs90_m2Dr2_s90.B09
Reading graphs...
90 :  179
90 :  179
Initializing...
maxdom : 9
D->valSize : 584
Solving...
Blb : 2 (clique : 45)
currentSize : 45 <-- 0.007257 s
currentSize : 47 <-- 0.007588 s
currentSize : 48 <-- 0.007880 s
currentSize : 49 <-- 0.012067 s
currentSize : 52 <-- 0.123553 s
currentSize : 53 <-- 0.124036 s
currentSize : 54 <-- 0.124993 s
currentSize : 56 <-- 0.220010 s
currentSize : 57 <-- 0.220430 s
currentSize : 58 <-- 0.221011 s
currentSize : 59 <-- 0.221318 s
currentSize : 62 <-- 2.606517 s
currentSize : 63 <-- 2.607246 s
currentSize : 64 <-- 2.996723 s
currentSize : 65 <-- 2.997650 s
currentSize : 71 <-- 3.004274 s
currentSize : 75 <-- 3.044600 s
currentSize : 81 <-- 3.048456 s

maxsize : 81
nodes : 550569.000000
filtered : 2791632.000000
time : 3.048942
