Parameters: GAD=1 vflib=1 dir=0 label=0 vlabel=1 lowerbound=1 fileNameGp=../../cp2016-max-common-connected-subgraph-paper/datasets/graphsdb/mcs90/bvg/b06/mcs90_b06_s40.A06 fileNameGt=../../cp2016-max-common-connected-subgraph-paper/datasets/graphsdb/mcs90/bvg/b06/mcs90_b06_s40.B06
Reading graphs...
40 :  120
40 :  120
Initializing...
maxdom : 9
D->valSize : 226
Solving...
Blb : 5 (clique : 19)
currentSize : 19 <-- 0.001404 s
currentSize : 21 <-- 0.001995 s
currentSize : 22 <-- 0.004609 s
currentSize : 23 <-- 0.005499 s
currentSize : 24 <-- 0.008332 s
currentSize : 25 <-- 0.011414 s
currentSize : 26 <-- 0.011764 s
currentSize : 29 <-- 0.011921 s
currentSize : 30 <-- 0.012302 s
currentSize : 36 <-- 0.013393 s

maxsize : 36
nodes : 2959.000000
filtered : 24059.000000
time : 0.013800
