Parameters: GAD=1 vflib=1 dir=0 label=0 vlabel=1 lowerbound=1 fileNameGp=../../cp2016-max-common-connected-subgraph-paper/datasets/graphsdb/mcs90/m4D/m4Dr6/mcs90_m4Dr6_s100.A04 fileNameGt=../../cp2016-max-common-connected-subgraph-paper/datasets/graphsdb/mcs90/m4D/m4Dr6/mcs90_m4Dr6_s100.B04
Reading graphs...
100 :  276
100 :  275
Initializing...
maxdom : 6
D->valSize : 379
Solving...
Blb : 2 (clique : 60)
currentSize : 60 <-- 0.004077 s
currentSize : 61 <-- 0.005242 s
currentSize : 63 <-- 0.026546 s
currentSize : 65 <-- 0.029209 s
currentSize : 67 <-- 0.205494 s
currentSize : 72 <-- 0.208802 s
currentSize : 74 <-- 0.209120 s
currentSize : 75 <-- 0.235601 s
currentSize : 76 <-- 0.564009 s
currentSize : 78 <-- 0.565706 s
currentSize : 79 <-- 0.578767 s
currentSize : 81 <-- 0.584292 s

maxsize : 81
nodes : 270270.000000
filtered : 1050347.000000
time : 1.499263
