Parameters: GAD=1 vflib=1 dir=0 label=0 vlabel=1 lowerbound=1 fileNameGp=../../cp2016-max-common-connected-subgraph-paper/datasets/graphsdb/mcs90/bvg/b03m/mcs90_b03m_s80.A01 fileNameGt=../../cp2016-max-common-connected-subgraph-paper/datasets/graphsdb/mcs90/bvg/b03m/mcs90_b03m_s80.B01
Reading graphs...
80 :  120
80 :  120
Initializing...
maxdom : 10
D->valSize : 456
Solving...
Blb : 2 (clique : 54)
currentSize : 54 <-- 0.004893 s
currentSize : 57 <-- 0.005244 s
currentSize : 59 <-- 0.005535 s
currentSize : 60 <-- 0.008593 s
currentSize : 62 <-- 0.008808 s
currentSize : 64 <-- 0.012578 s
currentSize : 65 <-- 0.012930 s
currentSize : 66 <-- 0.013441 s
currentSize : 69 <-- 0.013669 s
currentSize : 72 <-- 0.016686 s

maxsize : 72
nodes : 3745.000000
filtered : 16393.000000
time : 0.021963
