Parameters: GAD=1 vflib=1 dir=0 label=0 vlabel=1 lowerbound=1 fileNameGp=../../cp2016-max-common-connected-subgraph-paper/datasets/graphsdb/mcs90/bvg/b03m/mcs90_b03m_s90.A09 fileNameGt=../../cp2016-max-common-connected-subgraph-paper/datasets/graphsdb/mcs90/bvg/b03m/mcs90_b03m_s90.B09
Reading graphs...
90 :  135
90 :  135
Initializing...
maxdom : 10
D->valSize : 581
Solving...
Blb : 2 (clique : 63)
currentSize : 63 <-- 0.012557 s
currentSize : 64 <-- 1.140768 s
currentSize : 65 <-- 1.141153 s
currentSize : 67 <-- 2.317035 s
currentSize : 68 <-- 2.317395 s
currentSize : 70 <-- 2.483667 s
currentSize : 71 <-- 2.484010 s
currentSize : 72 <-- 2.565515 s
currentSize : 73 <-- 2.569306 s
currentSize : 74 <-- 2.569737 s
currentSize : 76 <-- 2.784056 s
currentSize : 80 <-- 2.794629 s

maxsize : 80
nodes : 457737.000000
filtered : 2499221.000000
time : 2.853454
