Parameters: GAD=1 vflib=1 dir=0 label=0 vlabel=1 lowerbound=1 fileNameGp=../../cp2016-max-common-connected-subgraph-paper/datasets/graphsdb/mcs90/bvg/b06/mcs90_b06_s50.A00 fileNameGt=../../cp2016-max-common-connected-subgraph-paper/datasets/graphsdb/mcs90/bvg/b06/mcs90_b06_s50.B00
Reading graphs...
50 :  150
50 :  149
Initializing...
maxdom : 9
D->valSize : 341
Solving...
Blb : 5 (clique : 23)
currentSize : 23 <-- 0.002524 s
currentSize : 24 <-- 0.033962 s
currentSize : 27 <-- 0.084300 s
currentSize : 28 <-- 0.084388 s
currentSize : 29 <-- 0.084534 s
currentSize : 31 <-- 0.084625 s
currentSize : 33 <-- 0.090403 s
currentSize : 34 <-- 0.129208 s
currentSize : 37 <-- 0.156051 s
currentSize : 45 <-- 0.163856 s

maxsize : 45
nodes : 40762.000000
filtered : 288957.000000
time : 0.164380
