Parameters: GAD=1 vflib=1 dir=0 label=0 vlabel=1 lowerbound=1 fileNameGp=../../cp2016-max-common-connected-subgraph-paper/datasets/graphsdb/mcs90/m2D/m2D/mcs90_m2D_s80.A04 fileNameGt=../../cp2016-max-common-connected-subgraph-paper/datasets/graphsdb/mcs90/m2D/m2D/mcs90_m2D_s80.B04
Reading graphs...
80 :  142
80 :  142
Initializing...
maxdom : 9
D->valSize : 432
Solving...
Blb : 2 (clique : 38)
currentSize : 38 <-- 0.004388 s
currentSize : 42 <-- 0.004661 s
currentSize : 43 <-- 0.004798 s
currentSize : 46 <-- 0.004933 s
currentSize : 47 <-- 0.006031 s
currentSize : 48 <-- 0.010066 s
currentSize : 50 <-- 0.010796 s
currentSize : 53 <-- 0.020690 s
currentSize : 55 <-- 0.116546 s
currentSize : 60 <-- 0.121256 s
currentSize : 61 <-- 0.125708 s
currentSize : 63 <-- 0.147737 s
currentSize : 64 <-- 0.150269 s

maxsize : 64
nodes : 60370.000000
filtered : 326238.000000
time : 0.338439
