Parameters: GAD=1 vflib=1 dir=0 label=0 vlabel=1 lowerbound=1 fileNameGp=../../cp2016-max-common-connected-subgraph-paper/datasets/graphsdb/mcs90/m2D/m2Dr2/mcs90_m2Dr2_s60.A03 fileNameGt=../../cp2016-max-common-connected-subgraph-paper/datasets/graphsdb/mcs90/m2D/m2Dr2/mcs90_m2Dr2_s60.B03
Reading graphs...
60 :  115
60 :  114
Initializing...
maxdom : 7
D->valSize : 276
Solving...
Blb : 2 (clique : 34)
currentSize : 34 <-- 0.003386 s
currentSize : 36 <-- 0.003639 s
currentSize : 39 <-- 0.003832 s
currentSize : 41 <-- 0.004499 s
currentSize : 42 <-- 0.004999 s
currentSize : 43 <-- 0.006124 s
currentSize : 45 <-- 0.006821 s
currentSize : 46 <-- 0.007342 s
currentSize : 47 <-- 0.012956 s
currentSize : 49 <-- 0.013115 s

maxsize : 49
nodes : 2305.000000
filtered : 11212.000000
time : 0.018445
