Parameters: GAD=1 vflib=1 dir=0 label=0 vlabel=1 lowerbound=1 fileNameGp=../../cp2016-max-common-connected-subgraph-paper/datasets/graphsdb/mcs90/bvg/b06m/mcs90_b06m_s90.A07 fileNameGt=../../cp2016-max-common-connected-subgraph-paper/datasets/graphsdb/mcs90/bvg/b06m/mcs90_b06m_s90.B07
Reading graphs...
90 :  267
90 :  267
Initializing...
maxdom : 11
D->valSize : 627
Solving...
Blb : 2 (clique : 54)
currentSize : 54 <-- 0.013723 s
currentSize : 57 <-- 0.014289 s
currentSize : 58 <-- 0.014845 s
currentSize : 61 <-- 0.016319 s
currentSize : 63 <-- 0.016705 s
currentSize : 65 <-- 0.017050 s
currentSize : 69 <-- 0.017596 s
currentSize : 71 <-- 0.017964 s
currentSize : 73 <-- 0.018350 s
currentSize : 81 <-- 0.026386 s

maxsize : 81
nodes : 9681.000000
filtered : 62513.000000
time : 0.076754
