Parameters: GAD=1 vflib=1 dir=0 label=0 vlabel=1 lowerbound=1 fileNameGp=../../cp2016-max-common-connected-subgraph-paper/datasets/graphsdb/mcs90/rand/r005/mcs90_r005_s70.A08 fileNameGt=../../cp2016-max-common-connected-subgraph-paper/datasets/graphsdb/mcs90/rand/r005/mcs90_r005_s70.B08
Reading graphs...
70 :  232
70 :  232
Initializing...
maxdom : 6
D->valSize : 315
Solving...
Blb : 2 (clique : 36)
currentSize : 36 <-- 0.002860 s
currentSize : 38 <-- 0.003705 s
currentSize : 39 <-- 0.005863 s
currentSize : 44 <-- 0.006270 s
currentSize : 45 <-- 0.013170 s
currentSize : 49 <-- 0.024884 s
currentSize : 52 <-- 0.032527 s
currentSize : 63 <-- 0.034525 s

maxsize : 63
nodes : 6949.000000
filtered : 41712.000000
time : 0.035657
