Parameters: GAD=1 vflib=1 dir=0 label=0 vlabel=1 lowerbound=1 fileNameGp=../../cp2016-max-common-connected-subgraph-paper/datasets/graphsdb/mcs90/m3D/m3Dr6/mcs90_m3Dr6_s80.A09 fileNameGt=../../cp2016-max-common-connected-subgraph-paper/datasets/graphsdb/mcs90/m3D/m3Dr6/mcs90_m3Dr6_s80.B09
Reading graphs...
80 :  231
80 :  230
Initializing...
maxdom : 10
D->valSize : 468
Solving...
Blb : 2 (clique : 38)
currentSize : 38 <-- 0.007887 s
currentSize : 43 <-- 0.008870 s
currentSize : 45 <-- 0.011536 s
currentSize : 47 <-- 0.015017 s
currentSize : 49 <-- 0.015982 s
currentSize : 50 <-- 0.141991 s
currentSize : 52 <-- 0.142306 s
currentSize : 53 <-- 0.155565 s
currentSize : 56 <-- 0.156437 s
currentSize : 58 <-- 0.434160 s
currentSize : 59 <-- 0.435536 s
currentSize : 61 <-- 0.435722 s
currentSize : 62 <-- 0.444418 s
currentSize : 64 <-- 0.444624 s

maxsize : 64
nodes : 136474.000000
filtered : 795758.000000
time : 0.759190
