Parameters: GAD=1 vflib=1 dir=0 label=0 vlabel=1 lowerbound=1 fileNameGp=../../cp2016-max-common-connected-subgraph-paper/datasets/graphsdb/mcs90/m2D/m2D/mcs90_m2D_s80.A08 fileNameGt=../../cp2016-max-common-connected-subgraph-paper/datasets/graphsdb/mcs90/m2D/m2D/mcs90_m2D_s80.B08
Reading graphs...
80 :  142
80 :  142
Initializing...
maxdom : 8
D->valSize : 435
Solving...
Blb : 2 (clique : 46)
currentSize : 46 <-- 0.004502 s
currentSize : 47 <-- 0.004884 s
currentSize : 48 <-- 0.005030 s
currentSize : 50 <-- 0.005771 s
currentSize : 51 <-- 0.005903 s
currentSize : 52 <-- 0.225896 s
currentSize : 53 <-- 0.225999 s
currentSize : 54 <-- 0.226137 s
currentSize : 55 <-- 2.237169 s
currentSize : 57 <-- 2.237294 s
currentSize : 58 <-- 6.749425 s
currentSize : 60 <-- 6.749638 s
currentSize : 61 <-- 6.750092 s
currentSize : 62 <-- 6.752545 s
currentSize : 63 <-- 6.752992 s
currentSize : 64 <-- 6.754445 s

maxsize : 64
nodes : 1605822.000000
filtered : 7092220.000000
time : 7.732768
