Parameters: GAD=1 vflib=1 dir=0 label=0 vlabel=1 lowerbound=1 fileNameGp=../../cp2016-max-common-connected-subgraph-paper/datasets/graphsdb/mcs90/m2D/m2Dr2/mcs90_m2Dr2_s100.A06 fileNameGt=../../cp2016-max-common-connected-subgraph-paper/datasets/graphsdb/mcs90/m2D/m2Dr2/mcs90_m2Dr2_s100.B06
Reading graphs...
100 :  200
100 :  200
Initializing...
maxdom : 6
D->valSize : 388
Solving...
Blb : 2 (clique : 63)
currentSize : 63 <-- 0.004338 s
currentSize : 64 <-- 0.004887 s
currentSize : 66 <-- 0.005042 s
currentSize : 67 <-- 0.008983 s
currentSize : 69 <-- 0.009370 s
currentSize : 70 <-- 0.018627 s
currentSize : 73 <-- 0.018746 s
currentSize : 75 <-- 0.111356 s
currentSize : 78 <-- 0.112424 s
currentSize : 79 <-- 0.122130 s
currentSize : 80 <-- 0.465625 s
currentSize : 81 <-- 0.469816 s

maxsize : 81
nodes : 102404.000000
filtered : 345737.000000
time : 0.537381
