Parameters: GAD=1 vflib=1 dir=0 label=0 vlabel=1 lowerbound=1 fileNameGp=../../cp2016-max-common-connected-subgraph-paper/datasets/graphsdb/mcs90/m4D/m4D/mcs90_m4D_s90.A05 fileNameGt=../../cp2016-max-common-connected-subgraph-paper/datasets/graphsdb/mcs90/m4D/m4D/mcs90_m4D_s90.B05
Reading graphs...
90 :  206
90 :  206
Initializing...
maxdom : 10
D->valSize : 549
Solving...
Blb : 2 (clique : 61)
currentSize : 61 <-- 0.011356 s
currentSize : 62 <-- 0.016102 s
currentSize : 64 <-- 0.019454 s
currentSize : 68 <-- 0.030877 s
currentSize : 70 <-- 0.032323 s
currentSize : 71 <-- 0.042531 s
currentSize : 72 <-- 0.052624 s
currentSize : 74 <-- 0.054152 s
currentSize : 75 <-- 0.083184 s
currentSize : 77 <-- 0.102129 s
currentSize : 79 <-- 0.102607 s
currentSize : 80 <-- 0.105626 s
currentSize : 81 <-- 0.115619 s

maxsize : 81
nodes : 21089.000000
filtered : 93703.000000
time : 0.157312
