Parameters: GAD=1 vflib=1 dir=0 label=0 vlabel=1 lowerbound=1 fileNameGp=../../cp2016-max-common-connected-subgraph-paper/datasets/graphsdb/mcs90/m2D/m2Dr6/mcs90_m2Dr6_s90.A08 fileNameGt=../../cp2016-max-common-connected-subgraph-paper/datasets/graphsdb/mcs90/m2D/m2Dr6/mcs90_m2Dr6_s90.B08
Reading graphs...
90 :  214
90 :  212
Initializing...
maxdom : 10
D->valSize : 564
Solving...
Blb : 3 (clique : 61)
currentSize : 61 <-- 0.011361 s
currentSize : 62 <-- 0.065355 s
currentSize : 65 <-- 0.597647 s
currentSize : 66 <-- 0.916757 s
currentSize : 71 <-- 0.917387 s
currentSize : 75 <-- 0.949577 s
currentSize : 76 <-- 0.956459 s
currentSize : 81 <-- 0.956958 s

maxsize : 81
nodes : 162192.000000
filtered : 1272277.000000
time : 0.957780
