Parameters: GAD=1 vflib=1 dir=0 label=0 vlabel=1 lowerbound=1 fileNameGp=../../cp2016-max-common-connected-subgraph-paper/datasets/graphsdb/mcs90/m2D/m2Dr2/mcs90_m2Dr2_s100.A02 fileNameGt=../../cp2016-max-common-connected-subgraph-paper/datasets/graphsdb/mcs90/m2D/m2Dr2/mcs90_m2Dr2_s100.B02
Reading graphs...
100 :  200
100 :  200
Initializing...
maxdom : 8
D->valSize : 412
Solving...
Blb : 2 (clique : 56)
currentSize : 56 <-- 0.007598 s
currentSize : 58 <-- 0.008205 s
currentSize : 59 <-- 0.065376 s
currentSize : 61 <-- 0.065611 s
currentSize : 63 <-- 0.674236 s
currentSize : 65 <-- 0.674387 s
currentSize : 66 <-- 0.888863 s
currentSize : 69 <-- 0.889032 s
currentSize : 71 <-- 0.947378 s
currentSize : 73 <-- 0.984834 s
currentSize : 75 <-- 0.998321 s
currentSize : 77 <-- 1.146689 s
currentSize : 79 <-- 1.161447 s
currentSize : 81 <-- 1.165243 s

maxsize : 81
nodes : 239505.000000
filtered : 744357.000000
time : 1.312692
