Parameters: GAD=1 vflib=1 dir=0 label=0 vlabel=1 lowerbound=1 fileNameGp=../../cp2016-max-common-connected-subgraph-paper/datasets/graphsdb/mcs90/m4D/m4D/mcs90_m4D_s100.A01 fileNameGt=../../cp2016-max-common-connected-subgraph-paper/datasets/graphsdb/mcs90/m4D/m4D/mcs90_m4D_s100.B01
Reading graphs...
100 :  219
100 :  219
Initializing...
maxdom : 7
D->valSize : 387
Solving...
Blb : 2 (clique : 58)
currentSize : 58 <-- 0.004399 s
currentSize : 59 <-- 0.891636 s
currentSize : 60 <-- 1.156256 s
currentSize : 61 <-- 1.163322 s
currentSize : 62 <-- 1.913893 s
currentSize : 63 <-- 1.975107 s
currentSize : 64 <-- 1.975416 s
currentSize : 65 <-- 2.126478 s
currentSize : 66 <-- 2.126802 s
currentSize : 68 <-- 2.476961 s
currentSize : 70 <-- 2.477291 s
currentSize : 72 <-- 2.582641 s
currentSize : 74 <-- 2.583004 s
currentSize : 77 <-- 2.611993 s
currentSize : 78 <-- 2.709074 s
currentSize : 81 <-- 2.709499 s

maxsize : 81
nodes : 724809.000000
filtered : 2118569.000000
time : 3.511734
