Parameters: GAD=1 vflib=1 dir=0 label=0 vlabel=1 lowerbound=1 fileNameGp=../../cp2016-max-common-connected-subgraph-paper/datasets/graphsdb/mcs90/m2D/m2D/mcs90_m2D_s80.A03 fileNameGt=../../cp2016-max-common-connected-subgraph-paper/datasets/graphsdb/mcs90/m2D/m2D/mcs90_m2D_s80.B03
Reading graphs...
80 :  142
80 :  142
Initializing...
maxdom : 9
D->valSize : 451
Solving...
Blb : 2 (clique : 45)
currentSize : 45 <-- 0.004591 s
currentSize : 49 <-- 0.004893 s
currentSize : 53 <-- 0.005009 s
currentSize : 55 <-- 0.005197 s
currentSize : 56 <-- 0.005772 s
currentSize : 59 <-- 0.005947 s
currentSize : 63 <-- 4.912055 s
currentSize : 64 <-- 4.912749 s

maxsize : 64
nodes : 1118070.000000
filtered : 6427591.000000
time : 5.762139
