Parameters: GAD=1 vflib=1 dir=0 label=0 vlabel=1 lowerbound=1 fileNameGp=../../cp2016-max-common-connected-subgraph-paper/datasets/graphsdb/mcs90/bvg/b03/mcs90_b03_s90.A07 fileNameGt=../../cp2016-max-common-connected-subgraph-paper/datasets/graphsdb/mcs90/bvg/b03/mcs90_b03_s90.B07
Reading graphs...
90 :  135
90 :  135
Initializing...
maxdom : 9
D->valSize : 572
Solving...
Blb : 2 (clique : 59)
currentSize : 59 <-- 0.007314 s
currentSize : 62 <-- 0.008704 s
currentSize : 63 <-- 0.008797 s
currentSize : 64 <-- 0.011937 s
currentSize : 65 <-- 0.015637 s
currentSize : 66 <-- 0.015801 s
currentSize : 67 <-- 0.021304 s
currentSize : 69 <-- 0.038159 s
currentSize : 70 <-- 0.038761 s
currentSize : 72 <-- 0.039197 s
currentSize : 73 <-- 0.046374 s
currentSize : 75 <-- 0.052234 s
currentSize : 77 <-- 0.058608 s
currentSize : 78 <-- 0.059839 s
currentSize : 80 <-- 0.060254 s

maxsize : 80
nodes : 12804.000000
filtered : 42629.000000
time : 0.065128
