Parameters: GAD=1 vflib=1 dir=0 label=0 vlabel=1 lowerbound=1 fileNameGp=../../cp2016-max-common-connected-subgraph-paper/datasets/graphsdb/mcs90/rand/r02/mcs90_r02_s50.A00 fileNameGt=../../cp2016-max-common-connected-subgraph-paper/datasets/graphsdb/mcs90/rand/r02/mcs90_r02_s50.B00
Reading graphs...
50 :  434
50 :  431
Initializing...
maxdom : 9
D->valSize : 327
Solving...
Blb : 2 (clique : 10)
currentSize : 10 <-- 0.002565 s
currentSize : 11 <-- 0.003539 s
currentSize : 12 <-- 0.015128 s
currentSize : 13 <-- 0.015254 s
currentSize : 14 <-- 0.015402 s
currentSize : 15 <-- 0.029783 s
currentSize : 16 <-- 0.031003 s
currentSize : 23 <-- 0.078283 s
currentSize : 45 <-- 0.092395 s

maxsize : 45
nodes : 20068.000000
filtered : 170328.000000
time : 0.092748
