Parameters: GAD=1 vflib=1 dir=0 label=0 vlabel=1 lowerbound=1 fileNameGp=../../cp2016-max-common-connected-subgraph-paper/datasets/graphsdb/mcs90/bvg/b03/mcs90_b03_s70.A08 fileNameGt=../../cp2016-max-common-connected-subgraph-paper/datasets/graphsdb/mcs90/bvg/b03/mcs90_b03_s70.B08
Reading graphs...
70 :  105
70 :  105
Initializing...
maxdom : 7
D->valSize : 332
Solving...
Blb : 2 (clique : 42)
currentSize : 42 <-- 0.003046 s
currentSize : 44 <-- 0.003337 s
currentSize : 45 <-- 0.004040 s
currentSize : 46 <-- 0.004897 s
currentSize : 47 <-- 0.009525 s
currentSize : 48 <-- 0.009593 s
currentSize : 50 <-- 0.009712 s
currentSize : 51 <-- 0.009866 s
currentSize : 54 <-- 0.010544 s
currentSize : 58 <-- 0.011531 s
currentSize : 62 <-- 0.012523 s

maxsize : 62
nodes : 3596.000000
filtered : 10195.000000
time : 0.016205
