Parameters: GAD=1 vflib=1 dir=0 label=0 vlabel=1 lowerbound=1 fileNameGp=../../cp2016-max-common-connected-subgraph-paper/datasets/graphsdb/mcs90/m2D/m2Dr4/mcs90_m2Dr4_s100.A05 fileNameGt=../../cp2016-max-common-connected-subgraph-paper/datasets/graphsdb/mcs90/m2D/m2Dr4/mcs90_m2Dr4_s100.B05
Reading graphs...
100 :  218
100 :  217
Initializing...
maxdom : 6
D->valSize : 353
Solving...
Blb : 3 (clique : 61)
currentSize : 61 <-- 0.003805 s
currentSize : 62 <-- 0.004698 s
currentSize : 63 <-- 0.005712 s
currentSize : 67 <-- 0.046626 s
currentSize : 68 <-- 0.047564 s
currentSize : 69 <-- 0.700753 s
currentSize : 71 <-- 0.701012 s
currentSize : 75 <-- 0.704976 s
currentSize : 77 <-- 0.825926 s
currentSize : 81 <-- 0.852234 s

maxsize : 81
nodes : 167883.000000
filtered : 574866.000000
time : 0.886684
