Parameters: GAD=1 vflib=1 dir=0 label=0 vlabel=1 lowerbound=1 fileNameGp=../../cp2016-max-common-connected-subgraph-paper/datasets/graphsdb/mcs90/bvg/b06/mcs90_b06_s40.A04 fileNameGt=../../cp2016-max-common-connected-subgraph-paper/datasets/graphsdb/mcs90/bvg/b06/mcs90_b06_s40.B04
Reading graphs...
40 :  120
40 :  120
Initializing...
maxdom : 9
D->valSize : 242
Solving...
Blb : 3 (clique : 19)
currentSize : 19 <-- 0.001572 s
currentSize : 21 <-- 0.001693 s
currentSize : 22 <-- 0.026806 s
currentSize : 23 <-- 0.027496 s
currentSize : 24 <-- 0.032467 s
currentSize : 25 <-- 0.032581 s
currentSize : 26 <-- 0.033478 s
currentSize : 27 <-- 0.033587 s
currentSize : 30 <-- 0.036854 s
currentSize : 31 <-- 0.037097 s
currentSize : 36 <-- 0.037365 s

maxsize : 36
nodes : 9898.000000
filtered : 64737.000000
time : 0.037545
