Parameters: GAD=1 vflib=1 dir=0 label=0 vlabel=1 lowerbound=1 fileNameGp=../../cp2016-max-common-connected-subgraph-paper/datasets/graphsdb/mcs90/m2D/m2Dr2/mcs90_m2Dr2_s60.A00 fileNameGt=../../cp2016-max-common-connected-subgraph-paper/datasets/graphsdb/mcs90/m2D/m2Dr2/mcs90_m2Dr2_s60.B00
Reading graphs...
60 :  115
60 :  116
Initializing...
maxdom : 6
D->valSize : 257
Solving...
Blb : 5 (clique : 27)
currentSize : 27 <-- 0.003095 s
currentSize : 28 <-- 0.003427 s
currentSize : 29 <-- 0.003682 s
currentSize : 30 <-- 0.003970 s
currentSize : 32 <-- 0.004148 s
currentSize : 33 <-- 0.004527 s
currentSize : 34 <-- 0.006042 s
currentSize : 37 <-- 0.006115 s
currentSize : 41 <-- 0.007553 s
currentSize : 44 <-- 0.008021 s
currentSize : 46 <-- 0.023104 s
currentSize : 49 <-- 0.023299 s

maxsize : 49
nodes : 5440.000000
filtered : 22505.000000
time : 0.024665
