Parameters: GAD=1 vflib=1 dir=0 label=0 vlabel=1 lowerbound=1 fileNameGp=../../cp2016-max-common-connected-subgraph-paper/datasets/graphsdb/mcs90/m2D/m2Dr4/mcs90_m2Dr4_s100.A02 fileNameGt=../../cp2016-max-common-connected-subgraph-paper/datasets/graphsdb/mcs90/m2D/m2Dr4/mcs90_m2Dr4_s100.B02
Reading graphs...
100 :  219
100 :  218
Initializing...
maxdom : 8
D->valSize : 404
Solving...
Blb : 3 (clique : 61)
currentSize : 61 <-- 0.004698 s
currentSize : 64 <-- 2.212572 s
currentSize : 66 <-- 3.315815 s
currentSize : 68 <-- 3.315941 s
currentSize : 71 <-- 3.322274 s
currentSize : 73 <-- 3.499812 s
currentSize : 74 <-- 3.503689 s
currentSize : 76 <-- 3.503830 s
currentSize : 79 <-- 3.579868 s
currentSize : 81 <-- 3.580073 s

maxsize : 81
nodes : 675502.000000
filtered : 2455564.000000
time : 3.595337
