Parameters: GAD=1 vflib=1 dir=0 label=0 vlabel=1 lowerbound=1 fileNameGp=../../cp2016-max-common-connected-subgraph-paper/datasets/graphsdb/mcs90/bvg/b09/mcs90_b09_s60.A07 fileNameGt=../../cp2016-max-common-connected-subgraph-paper/datasets/graphsdb/mcs90/bvg/b09/mcs90_b09_s60.B07
Reading graphs...
60 :  270
60 :  270
Initializing...
maxdom : 8
D->valSize : 278
Solving...
Blb : 3 (clique : 22)
currentSize : 22 <-- 0.002103 s
currentSize : 24 <-- 0.002302 s
currentSize : 26 <-- 0.004406 s
currentSize : 29 <-- 0.005898 s
currentSize : 30 <-- 0.006947 s
currentSize : 31 <-- 0.009266 s
currentSize : 35 <-- 0.009364 s
currentSize : 40 <-- 0.013813 s
currentSize : 43 <-- 0.021895 s
currentSize : 54 <-- 0.022486 s

maxsize : 54
nodes : 5019.000000
filtered : 25276.000000
time : 0.023005
