Parameters: GAD=1 vflib=1 dir=0 label=0 vlabel=1 lowerbound=1 fileNameGp=../../cp2016-max-common-connected-subgraph-paper/datasets/graphsdb/mcs90/bvg/b03m/mcs90_b03m_s100.A08 fileNameGt=../../cp2016-max-common-connected-subgraph-paper/datasets/graphsdb/mcs90/bvg/b03m/mcs90_b03m_s100.B08
Reading graphs...
100 :  149
100 :  149
Initializing...
maxdom : 6
D->valSize : 368
Solving...
Blb : 3 (clique : 76)
currentSize : 76 <-- 0.004393 s
currentSize : 77 <-- 0.005385 s
currentSize : 78 <-- 0.006939 s
currentSize : 79 <-- 0.007630 s
currentSize : 80 <-- 0.008374 s
currentSize : 82 <-- 0.012189 s
currentSize : 85 <-- 0.012674 s
currentSize : 87 <-- 0.040465 s
currentSize : 90 <-- 0.040760 s

maxsize : 90
nodes : 7673.000000
filtered : 19779.000000
time : 0.041247
