Parameters: GAD=1 vflib=1 dir=0 label=0 vlabel=1 lowerbound=1 fileNameGp=../../cp2016-max-common-connected-subgraph-paper/datasets/graphsdb/mcs90/bvg/b09m/mcs90_b09m_s80.A03 fileNameGt=../../cp2016-max-common-connected-subgraph-paper/datasets/graphsdb/mcs90/bvg/b09m/mcs90_b09m_s80.B03
Reading graphs...
80 :  354
80 :  354
Initializing...
maxdom : 9
D->valSize : 467
Solving...
Blb : 2 (clique : 30)
currentSize : 30 <-- 0.004742 s
currentSize : 31 <-- 0.452373 s
currentSize : 32 <-- 0.500380 s
currentSize : 33 <-- 0.548945 s
currentSize : 34 <-- 0.815348 s
currentSize : 35 <-- 2.907001 s
currentSize : 36 <-- 2.935701 s
currentSize : 38 <-- 2.935887 s
currentSize : 39 <-- 3.017127 s
currentSize : 40 <-- 3.024731 s
currentSize : 41 <-- 3.024994 s
currentSize : 42 <-- 3.569135 s
currentSize : 43 <-- 3.770769 s
currentSize : 45 <-- 3.771405 s
currentSize : 47 <-- 3.921018 s
currentSize : 48 <-- 3.921317 s
currentSize : 50 <-- 4.025450 s
currentSize : 51 <-- 4.025815 s
currentSize : 53 <-- 4.026775 s
currentSize : 57 <-- 4.027159 s
currentSize : 59 <-- 4.027385 s
currentSize : 72 <-- 4.073666 s

maxsize : 72
nodes : 800194.000000
filtered : 4028816.000000
time : 4.075158
