Parameters: GAD=1 vflib=1 dir=0 label=0 vlabel=1 lowerbound=1 fileNameGp=../../cp2016-max-common-connected-subgraph-paper/datasets/graphsdb/mcs90/m2D/m2Dr4/mcs90_m2Dr4_s100.A00 fileNameGt=../../cp2016-max-common-connected-subgraph-paper/datasets/graphsdb/mcs90/m2D/m2Dr4/mcs90_m2Dr4_s100.B00
Reading graphs...
100 :  219
100 :  218
Initializing...
maxdom : 7
D->valSize : 409
Solving...
Blb : 2 (clique : 56)
currentSize : 56 <-- 0.007732 s
currentSize : 57 <-- 0.009066 s
currentSize : 58 <-- 0.010206 s
currentSize : 59 <-- 0.012850 s
currentSize : 60 <-- 0.015467 s
currentSize : 61 <-- 0.024135 s
currentSize : 62 <-- 0.024688 s
currentSize : 63 <-- 0.024969 s
currentSize : 64 <-- 0.032849 s
currentSize : 66 <-- 0.033538 s
currentSize : 68 <-- 0.033851 s
currentSize : 69 <-- 0.035877 s
currentSize : 71 <-- 0.036224 s
currentSize : 72 <-- 0.038314 s
currentSize : 73 <-- 0.041296 s
currentSize : 75 <-- 0.041676 s
currentSize : 78 <-- 0.043801 s
currentSize : 81 <-- 0.046764 s

maxsize : 81
nodes : 28330.000000
filtered : 142011.000000
time : 0.189963
