Parameters: GAD=1 vflib=1 dir=0 label=0 vlabel=1 lowerbound=1 fileNameGp=../../cp2016-max-common-connected-subgraph-paper/datasets/graphsdb/mcs90/m3D/m3Dr2/mcs90_m3Dr2_s80.A03 fileNameGt=../../cp2016-max-common-connected-subgraph-paper/datasets/graphsdb/mcs90/m3D/m3Dr2/mcs90_m3Dr2_s80.B03
Reading graphs...
80 :  200
80 :  199
Initializing...
maxdom : 9
D->valSize : 430
Solving...
Blb : 2 (clique : 37)
currentSize : 37 <-- 0.004287 s
currentSize : 41 <-- 0.004541 s
currentSize : 43 <-- 0.004689 s
currentSize : 44 <-- 0.005403 s
currentSize : 45 <-- 0.005950 s
currentSize : 48 <-- 0.006086 s
currentSize : 52 <-- 0.007914 s
currentSize : 53 <-- 0.013403 s
currentSize : 55 <-- 0.021547 s
currentSize : 57 <-- 0.021688 s
currentSize : 58 <-- 0.198975 s
currentSize : 64 <-- 0.199222 s

maxsize : 64
nodes : 36039.000000
filtered : 252247.000000
time : 0.202588
