Parameters: GAD=1 vflib=1 dir=0 label=0 vlabel=1 lowerbound=1 fileNameGp=../../cp2016-max-common-connected-subgraph-paper/datasets/graphsdb/mcs90/bvg/b03m/mcs90_b03m_s90.A02 fileNameGt=../../cp2016-max-common-connected-subgraph-paper/datasets/graphsdb/mcs90/bvg/b03m/mcs90_b03m_s90.B02
Reading graphs...
90 :  134
90 :  134
Initializing...
maxdom : 8
D->valSize : 535
Solving...
Blb : 3 (clique : 56)
currentSize : 56 <-- 0.006379 s
currentSize : 62 <-- 0.006778 s
currentSize : 64 <-- 0.006840 s
currentSize : 65 <-- 0.007003 s
currentSize : 70 <-- 0.007278 s
currentSize : 71 <-- 0.105534 s
currentSize : 72 <-- 0.195687 s
currentSize : 73 <-- 0.337015 s
currentSize : 75 <-- 0.669205 s
currentSize : 78 <-- 1.229452 s
currentSize : 80 <-- 1.252742 s

maxsize : 80
nodes : 210754.000000
filtered : 1482503.000000
time : 1.258620
