Parameters: GAD=1 vflib=1 dir=0 label=0 vlabel=1 lowerbound=1 fileNameGp=../../cp2016-max-common-connected-subgraph-paper/datasets/graphsdb/mcs90/bvg/b09/mcs90_b09_s100.A09 fileNameGt=../../cp2016-max-common-connected-subgraph-paper/datasets/graphsdb/mcs90/bvg/b09/mcs90_b09_s100.B09
Reading graphs...
100 :  450
100 :  449
Initializing...
maxdom : 9
D->valSize : 421
Solving...
Blb : 2 (clique : 32)
currentSize : 32 <-- 0.004435 s
currentSize : 33 <-- 0.005747 s
currentSize : 34 <-- 0.006415 s
currentSize : 35 <-- 0.026007 s
currentSize : 37 <-- 0.029611 s
currentSize : 38 <-- 0.645057 s
currentSize : 39 <-- 0.870006 s
currentSize : 40 <-- 0.888460 s
currentSize : 42 <-- 1.062442 s
currentSize : 44 <-- 1.071769 s
currentSize : 46 <-- 1.075152 s
currentSize : 49 <-- 1.237181 s
currentSize : 53 <-- 1.255873 s
currentSize : 55 <-- 1.328138 s
currentSize : 56 <-- 1.374748 s
currentSize : 62 <-- 1.422279 s
currentSize : 63 <-- 1.502733 s
currentSize : 67 <-- 1.503023 s
currentSize : 73 <-- 1.681652 s
currentSize : 83 <-- 1.685953 s
currentSize : 90 <-- 1.687360 s

maxsize : 90
nodes : 280125.000000
filtered : 1268449.000000
time : 1.688000
