Parameters: GAD=1 vflib=1 dir=0 label=0 vlabel=1 lowerbound=1 fileNameGp=../../cp2016-max-common-connected-subgraph-paper/datasets/graphsdb/mcs90/rand/r01/mcs90_r01_s90.A09 fileNameGt=../../cp2016-max-common-connected-subgraph-paper/datasets/graphsdb/mcs90/rand/r01/mcs90_r01_s90.B09
Reading graphs...
90 :  760
90 :  763
Initializing...
maxdom : 9
D->valSize : 562
Solving...
Blb : 5 (clique : 23)
currentSize : 23 <-- 0.006384 s
currentSize : 24 <-- 0.464654 s
currentSize : 27 <-- 0.472637 s
currentSize : 28 <-- 0.485828 s
currentSize : 31 <-- 0.552158 s
currentSize : 33 <-- 0.562469 s
currentSize : 38 <-- 0.580755 s
currentSize : 45 <-- 0.624780 s
currentSize : 53 <-- 0.643050 s
currentSize : 61 <-- 0.651352 s
currentSize : 81 <-- 0.660167 s

maxsize : 81
nodes : 102626.000000
filtered : 881523.000000
time : 0.661043
