Parameters: GAD=1 vflib=1 dir=0 label=0 vlabel=1 lowerbound=1 fileNameGp=../../cp2016-max-common-connected-subgraph-paper/datasets/graphsdb/mcs90/m2D/m2Dr2/mcs90_m2Dr2_s100.A05 fileNameGt=../../cp2016-max-common-connected-subgraph-paper/datasets/graphsdb/mcs90/m2D/m2Dr2/mcs90_m2Dr2_s100.B05
Reading graphs...
100 :  198
100 :  198
Initializing...
maxdom : 6
D->valSize : 381
Solving...
Blb : 3 (clique : 64)
currentSize : 64 <-- 0.007162 s
currentSize : 65 <-- 0.009902 s
currentSize : 68 <-- 0.010294 s
currentSize : 69 <-- 1.870834 s
currentSize : 70 <-- 5.242813 s
currentSize : 71 <-- 5.600177 s
currentSize : 74 <-- 5.774224 s
currentSize : 76 <-- 6.223972 s
currentSize : 77 <-- 6.232479 s
currentSize : 81 <-- 6.234502 s

maxsize : 81
nodes : 1204324.000000
filtered : 5144949.000000
time : 6.677583
