Parameters: GAD=1 vflib=1 dir=0 label=0 vlabel=1 lowerbound=1 fileNameGp=../../cp2016-max-common-connected-subgraph-paper/datasets/graphsdb/mcs90/bvg/b03m/mcs90_b03m_s90.A00 fileNameGt=../../cp2016-max-common-connected-subgraph-paper/datasets/graphsdb/mcs90/bvg/b03m/mcs90_b03m_s90.B00
Reading graphs...
90 :  135
90 :  135
Initializing...
maxdom : 10
D->valSize : 608
Solving...
Blb : 2 (clique : 68)
currentSize : 68 <-- 0.008074 s
currentSize : 71 <-- 0.008543 s
currentSize : 72 <-- 0.008813 s
currentSize : 74 <-- 0.192448 s
currentSize : 75 <-- 0.388875 s
currentSize : 76 <-- 0.390021 s
currentSize : 77 <-- 0.391346 s
currentSize : 78 <-- 0.394708 s
currentSize : 79 <-- 0.396156 s
currentSize : 80 <-- 0.397809 s

maxsize : 80
nodes : 75028.000000
filtered : 444224.000000
time : 0.539559
