Parameters: GAD=1 vflib=1 dir=0 label=0 vlabel=1 lowerbound=1 fileNameGp=../../cp2016-max-common-connected-subgraph-paper/datasets/graphsdb/mcs90/bvg/b09/mcs90_b09_s50.A02 fileNameGt=../../cp2016-max-common-connected-subgraph-paper/datasets/graphsdb/mcs90/bvg/b09/mcs90_b09_s50.B02
Reading graphs...
50 :  224
50 :  225
Initializing...
maxdom : 9
D->valSize : 355
Solving...
Blb : 5 (clique : 19)
currentSize : 19 <-- 0.002623 s
currentSize : 20 <-- 0.018529 s
currentSize : 21 <-- 0.026350 s
currentSize : 22 <-- 0.026433 s
currentSize : 24 <-- 0.031626 s
currentSize : 26 <-- 0.051518 s
currentSize : 27 <-- 0.051589 s
currentSize : 28 <-- 0.066949 s
currentSize : 30 <-- 0.067001 s
currentSize : 44 <-- 0.120852 s

maxsize : 44
nodes : 28812.000000
filtered : 228149.000000
time : 0.121792
