Parameters: GAD=1 vflib=1 dir=0 label=0 vlabel=1 lowerbound=1 fileNameGp=../../cp2016-max-common-connected-subgraph-paper/datasets/graphsdb/mcs90/bvg/b03/mcs90_b03_s70.A04 fileNameGt=../../cp2016-max-common-connected-subgraph-paper/datasets/graphsdb/mcs90/bvg/b03/mcs90_b03_s70.B04
Reading graphs...
70 :  105
70 :  105
Initializing...
maxdom : 8
D->valSize : 345
Solving...
Blb : 5 (clique : 30)
currentSize : 30 <-- 0.002961 s
currentSize : 31 <-- 0.003177 s
currentSize : 34 <-- 0.003214 s
currentSize : 35 <-- 0.003297 s
currentSize : 37 <-- 0.003361 s
currentSize : 38 <-- 0.009325 s
currentSize : 40 <-- 0.009398 s
currentSize : 41 <-- 0.273199 s
currentSize : 43 <-- 0.275602 s
currentSize : 44 <-- 0.468038 s
currentSize : 48 <-- 0.516781 s
currentSize : 52 <-- 0.527068 s
currentSize : 53 <-- 0.527764 s
currentSize : 54 <-- 0.529633 s
currentSize : 58 <-- 0.529887 s
currentSize : 62 <-- 0.532140 s

maxsize : 62
nodes : 132981.000000
filtered : 463928.000000
time : 0.532417
