Parameters: GAD=1 vflib=1 dir=0 label=0 vlabel=1 lowerbound=1 fileNameGp=../../cp2016-max-common-connected-subgraph-paper/datasets/graphsdb/mcs90/m2D/m2Dr4/mcs90_m2Dr4_s60.A01 fileNameGt=../../cp2016-max-common-connected-subgraph-paper/datasets/graphsdb/mcs90/m2D/m2Dr4/mcs90_m2Dr4_s60.B01
Reading graphs...
60 :  127
60 :  127
Initializing...
maxdom : 11
D->valSize : 333
Solving...
Blb : 2 (clique : 30)
currentSize : 30 <-- 0.002588 s
currentSize : 31 <-- 0.002845 s
currentSize : 33 <-- 0.002903 s
currentSize : 35 <-- 0.004447 s
currentSize : 36 <-- 0.004651 s
currentSize : 38 <-- 0.004727 s
currentSize : 39 <-- 0.033516 s
currentSize : 41 <-- 0.033604 s
currentSize : 43 <-- 0.033854 s
currentSize : 44 <-- 0.037127 s
currentSize : 46 <-- 0.037272 s
currentSize : 47 <-- 0.040458 s
currentSize : 49 <-- 0.040565 s

maxsize : 49
nodes : 9103.000000
filtered : 50214.000000
time : 0.042267
