Parameters: GAD=1 vflib=1 dir=0 label=0 vlabel=1 lowerbound=1 fileNameGp=../../cp2016-max-common-connected-subgraph-paper/datasets/graphsdb/mcs90/m2D/m2Dr4/mcs90_m2Dr4_s80.A00 fileNameGt=../../cp2016-max-common-connected-subgraph-paper/datasets/graphsdb/mcs90/m2D/m2Dr4/mcs90_m2Dr4_s80.B00
Reading graphs...
80 :  173
80 :  173
Initializing...
maxdom : 8
D->valSize : 469
Solving...
Blb : 3 (clique : 37)
currentSize : 37 <-- 0.008178 s
currentSize : 44 <-- 0.008595 s
currentSize : 45 <-- 0.009367 s
currentSize : 46 <-- 0.009505 s
currentSize : 50 <-- 0.011037 s
currentSize : 51 <-- 5.328959 s
currentSize : 52 <-- 11.394780 s
currentSize : 53 <-- 13.799771 s
currentSize : 54 <-- 16.242741 s
currentSize : 56 <-- 21.924900 s
currentSize : 62 <-- 21.925163 s
currentSize : 64 <-- 21.927511 s

maxsize : 64
nodes : 3976380.000000
filtered : 32243422.000000
time : 23.136471
