Parameters: GAD=1 vflib=1 dir=0 label=0 vlabel=1 lowerbound=1 fileNameGp=../../cp2016-max-common-connected-subgraph-paper/datasets/graphsdb/mcs90/bvg/b03/mcs90_b03_s70.A01 fileNameGt=../../cp2016-max-common-connected-subgraph-paper/datasets/graphsdb/mcs90/bvg/b03/mcs90_b03_s70.B01
Reading graphs...
70 :  105
70 :  105
Initializing...
maxdom : 7
D->valSize : 363
Solving...
Blb : 2 (clique : 50)
currentSize : 50 <-- 0.003222 s
currentSize : 52 <-- 0.003513 s
currentSize : 53 <-- 0.003634 s
currentSize : 56 <-- 0.003848 s
currentSize : 57 <-- 0.004096 s
currentSize : 58 <-- 0.004435 s
currentSize : 59 <-- 0.005291 s
currentSize : 61 <-- 0.005412 s
currentSize : 62 <-- 0.005950 s

maxsize : 62
nodes : 4166.000000
filtered : 16271.000000
time : 0.021121
