Parameters: GAD=1 vflib=1 dir=0 label=0 vlabel=1 lowerbound=1 fileNameGp=../../cp2016-max-common-connected-subgraph-paper/datasets/graphsdb/mcs90/m2D/m2Dr4/mcs90_m2Dr4_s80.A05 fileNameGt=../../cp2016-max-common-connected-subgraph-paper/datasets/graphsdb/mcs90/m2D/m2Dr4/mcs90_m2Dr4_s80.B05
Reading graphs...
80 :  172
80 :  172
Initializing...
maxdom : 9
D->valSize : 447
Solving...
Blb : 2 (clique : 45)
currentSize : 45 <-- 0.004558 s
currentSize : 47 <-- 0.004857 s
currentSize : 49 <-- 0.022862 s
currentSize : 50 <-- 0.038246 s
currentSize : 51 <-- 0.046474 s
currentSize : 53 <-- 0.046578 s
currentSize : 54 <-- 0.053873 s
currentSize : 56 <-- 0.071616 s
currentSize : 57 <-- 4.508372 s
currentSize : 59 <-- 4.508471 s
currentSize : 60 <-- 4.985774 s
currentSize : 61 <-- 4.996873 s
currentSize : 62 <-- 4.997914 s
currentSize : 64 <-- 4.998023 s

maxsize : 64
nodes : 1033330.000000
filtered : 7083861.000000
time : 5.644128
