Parameters: GAD=1 vflib=1 dir=0 label=0 vlabel=1 lowerbound=1 fileNameGp=../../cp2016-max-common-connected-subgraph-paper/datasets/graphsdb/mcs90/bvg/b06m/mcs90_b06m_s70.A06 fileNameGt=../../cp2016-max-common-connected-subgraph-paper/datasets/graphsdb/mcs90/bvg/b06m/mcs90_b06m_s70.B06
Reading graphs...
70 :  208
70 :  209
Initializing...
maxdom : 9
D->valSize : 347
Solving...
Blb : 2 (clique : 38)
currentSize : 38 <-- 0.002993 s
currentSize : 43 <-- 0.003207 s
currentSize : 46 <-- 0.003358 s
currentSize : 50 <-- 0.003541 s
currentSize : 51 <-- 0.003897 s
currentSize : 56 <-- 0.003999 s
currentSize : 57 <-- 0.005769 s
currentSize : 58 <-- 0.012665 s
currentSize : 63 <-- 0.012779 s

maxsize : 63
nodes : 2273.000000
filtered : 13135.000000
time : 0.013044
