Parameters: GAD=1 vflib=1 dir=0 label=0 vlabel=1 lowerbound=1 fileNameGp=../../cp2016-max-common-connected-subgraph-paper/datasets/graphsdb/mcs90/m3D/m3Dr6/mcs90_m3Dr6_s80.A01 fileNameGt=../../cp2016-max-common-connected-subgraph-paper/datasets/graphsdb/mcs90/m3D/m3Dr6/mcs90_m3Dr6_s80.B01
Reading graphs...
80 :  231
80 :  229
Initializing...
maxdom : 8
D->valSize : 446
Solving...
Blb : 3 (clique : 53)
currentSize : 53 <-- 0.007515 s
currentSize : 54 <-- 0.010527 s
currentSize : 55 <-- 0.011154 s
currentSize : 57 <-- 0.344185 s
currentSize : 59 <-- 0.346888 s
currentSize : 60 <-- 0.347538 s
currentSize : 61 <-- 0.349182 s
currentSize : 62 <-- 0.349866 s
currentSize : 64 <-- 0.350050 s

maxsize : 64
nodes : 127980.000000
filtered : 776983.000000
time : 0.699673
