Parameters: GAD=1 vflib=1 dir=0 label=0 vlabel=1 lowerbound=1 fileNameGp=../../cp2016-max-common-connected-subgraph-paper/datasets/graphsdb/mcs90/bvg/b09/mcs90_b09_s80.A01 fileNameGt=../../cp2016-max-common-connected-subgraph-paper/datasets/graphsdb/mcs90/bvg/b09/mcs90_b09_s80.B01
Reading graphs...
80 :  359
80 :  359
Initializing...
maxdom : 10
D->valSize : 484
Solving...
Blb : 2 (clique : 27)
currentSize : 27 <-- 0.004941 s
currentSize : 28 <-- 0.005183 s
currentSize : 29 <-- 0.005381 s
currentSize : 30 <-- 0.005846 s
currentSize : 32 <-- 0.005944 s
currentSize : 33 <-- 0.011775 s
currentSize : 34 <-- 0.012334 s
currentSize : 38 <-- 0.012568 s
currentSize : 42 <-- 0.015520 s
currentSize : 45 <-- 0.019302 s
currentSize : 46 <-- 0.030113 s
currentSize : 50 <-- 0.037372 s
currentSize : 51 <-- 0.209545 s
currentSize : 54 <-- 0.222095 s
currentSize : 72 <-- 0.268628 s

maxsize : 72
nodes : 45899.000000
filtered : 354193.000000
time : 0.270609
