Parameters: GAD=1 vflib=1 dir=0 label=0 vlabel=1 lowerbound=1 fileNameGp=../../cp2016-max-common-connected-subgraph-paper/datasets/graphsdb/mcs90/m3D/m3Dr2/mcs90_m3Dr2_s80.A08 fileNameGt=../../cp2016-max-common-connected-subgraph-paper/datasets/graphsdb/mcs90/m3D/m3Dr2/mcs90_m3Dr2_s80.B08
Reading graphs...
80 :  200
80 :  200
Initializing...
maxdom : 11
D->valSize : 476
Solving...
Blb : 2 (clique : 39)
currentSize : 39 <-- 0.008225 s
currentSize : 40 <-- 0.028914 s
currentSize : 41 <-- 0.087736 s
currentSize : 43 <-- 0.115787 s
currentSize : 44 <-- 0.116044 s
currentSize : 45 <-- 0.168744 s
currentSize : 46 <-- 0.281537 s
currentSize : 47 <-- 0.281776 s
currentSize : 49 <-- 0.282657 s
currentSize : 51 <-- 0.304270 s
currentSize : 54 <-- 0.304631 s
currentSize : 55 <-- 0.396683 s
currentSize : 56 <-- 0.396963 s
currentSize : 57 <-- 0.397842 s
currentSize : 59 <-- 0.398074 s
currentSize : 61 <-- 0.551131 s
currentSize : 64 <-- 0.551261 s

maxsize : 64
nodes : 252513.000000
filtered : 1228799.000000
time : 1.185976
