Parameters: GAD=1 vflib=1 dir=0 label=0 vlabel=1 lowerbound=1 fileNameGp=../../cp2016-max-common-connected-subgraph-paper/datasets/graphsdb/mcs90/m3D/m3D/mcs90_m3D_s80.A05 fileNameGt=../../cp2016-max-common-connected-subgraph-paper/datasets/graphsdb/mcs90/m3D/m3D/mcs90_m3D_s80.B05
Reading graphs...
80 :  184
80 :  183
Initializing...
maxdom : 10
D->valSize : 440
Solving...
Blb : 2 (clique : 46)
currentSize : 46 <-- 0.007339 s
currentSize : 49 <-- 0.095469 s
currentSize : 50 <-- 0.095984 s
currentSize : 51 <-- 0.144659 s
currentSize : 55 <-- 0.309789 s
currentSize : 56 <-- 0.310282 s
currentSize : 57 <-- 0.356244 s
currentSize : 59 <-- 0.356449 s
currentSize : 60 <-- 0.427624 s
currentSize : 61 <-- 0.428529 s
currentSize : 64 <-- 0.466338 s

maxsize : 64
nodes : 122199.000000
filtered : 338417.000000
time : 0.520881
