Parameters: GAD=1 vflib=1 dir=0 label=0 vlabel=1 lowerbound=1 fileNameGp=../../cp2016-max-common-connected-subgraph-paper/datasets/graphsdb/mcs90/m2D/m2Dr6/mcs90_m2Dr6_s80.A05 fileNameGt=../../cp2016-max-common-connected-subgraph-paper/datasets/graphsdb/mcs90/m2D/m2Dr6/mcs90_m2Dr6_s80.B05
Reading graphs...
80 :  189
80 :  188
Initializing...
maxdom : 8
D->valSize : 442
Solving...
Blb : 3 (clique : 42)
currentSize : 42 <-- 0.004624 s
currentSize : 43 <-- 0.104956 s
currentSize : 44 <-- 0.712180 s
currentSize : 46 <-- 2.028448 s
currentSize : 47 <-- 3.993210 s
currentSize : 48 <-- 6.709061 s
currentSize : 49 <-- 6.709340 s
currentSize : 52 <-- 6.745972 s
currentSize : 53 <-- 6.746187 s
currentSize : 55 <-- 7.628850 s
currentSize : 58 <-- 7.630073 s
currentSize : 60 <-- 7.630213 s
currentSize : 62 <-- 8.636788 s
currentSize : 64 <-- 8.636929 s

maxsize : 64
nodes : 1710227.000000
filtered : 10232065.000000
time : 8.920489
