Parameters: GAD=1 vflib=1 dir=0 label=0 vlabel=1 lowerbound=1 fileNameGp=../../cp2016-max-common-connected-subgraph-paper/datasets/graphsdb/mcs90/bvg/b06/mcs90_b06_s25.A09 fileNameGt=../../cp2016-max-common-connected-subgraph-paper/datasets/graphsdb/mcs90/bvg/b06/mcs90_b06_s25.B09
Reading graphs...
25 :  75
25 :  75
Initializing...
maxdom : 8
D->valSize : 161
Solving...
Blb : 2 (clique : 8)
currentSize : 8 <-- 0.000801 s
currentSize : 12 <-- 0.000840 s
currentSize : 13 <-- 0.001030 s
currentSize : 14 <-- 0.001231 s
currentSize : 15 <-- 0.001533 s
currentSize : 16 <-- 0.001645 s
currentSize : 17 <-- 0.001691 s
currentSize : 18 <-- 0.001872 s
currentSize : 19 <-- 0.001956 s
currentSize : 20 <-- 0.002313 s
currentSize : 22 <-- 0.002438 s

maxsize : 22
nodes : 547.000000
filtered : 4268.000000
time : 0.002591
