Parameters: GAD=1 vflib=1 dir=0 label=0 vlabel=1 lowerbound=1 fileNameGp=../../cp2016-max-common-connected-subgraph-paper/datasets/graphsdb/mcs90/bvg/b06/mcs90_b06_s90.A04 fileNameGt=../../cp2016-max-common-connected-subgraph-paper/datasets/graphsdb/mcs90/bvg/b06/mcs90_b06_s90.B04
Reading graphs...
90 :  270
90 :  270
Initializing...
maxdom : 12
D->valSize : 579
Solving...
Blb : 2 (clique : 52)
currentSize : 52 <-- 0.007167 s
currentSize : 53 <-- 1.690214 s
currentSize : 54 <-- 17.963188 s
currentSize : 55 <-- 24.072657 s
currentSize : 56 <-- 24.073189 s
currentSize : 57 <-- 30.173187 s
currentSize : 58 <-- 30.173662 s
currentSize : 60 <-- 30.537317 s
currentSize : 61 <-- 30.648657 s
currentSize : 62 <-- 30.649944 s
currentSize : 65 <-- 47.445778 s
currentSize : 66 <-- 52.020401 s
currentSize : 69 <-- 52.513439 s
currentSize : 70 <-- 53.378849 s
currentSize : 73 <-- 53.379066 s
currentSize : 74 <-- 53.385303 s
currentSize : 76 <-- 53.386456 s
currentSize : 81 <-- 53.387928 s

maxsize : 81
nodes : 10061113.000000
filtered : 65720346.000000
time : 53.388996
