Parameters: GAD=1 vflib=1 dir=0 label=0 vlabel=1 lowerbound=1 fileNameGp=../../cp2016-max-common-connected-subgraph-paper/datasets/graphsdb/mcs90/m2D/m2Dr6/mcs90_m2Dr6_s80.A06 fileNameGt=../../cp2016-max-common-connected-subgraph-paper/datasets/graphsdb/mcs90/m2D/m2Dr6/mcs90_m2Dr6_s80.B06
Reading graphs...
80 :  189
80 :  188
Initializing...
maxdom : 10
D->valSize : 460
Solving...
Blb : 3 (clique : 43)
currentSize : 43 <-- 0.004699 s
currentSize : 45 <-- 7.549256 s
currentSize : 46 <-- 7.549822 s
currentSize : 49 <-- 11.079600 s
currentSize : 50 <-- 12.844092 s
currentSize : 53 <-- 12.844220 s
currentSize : 55 <-- 13.857745 s
currentSize : 56 <-- 14.226724 s
currentSize : 57 <-- 14.504672 s
currentSize : 60 <-- 14.933451 s
currentSize : 61 <-- 15.130215 s
currentSize : 64 <-- 15.183704 s

maxsize : 64
nodes : 2857312.000000
filtered : 19230177.000000
time : 15.198951
