Parameters: GAD=1 vflib=1 dir=0 label=0 vlabel=1 lowerbound=1 fileNameGp=../../cp2016-max-common-connected-subgraph-paper/datasets/graphsdb/mcs90/m2D/m2Dr4/mcs90_m2Dr4_s80.A09 fileNameGt=../../cp2016-max-common-connected-subgraph-paper/datasets/graphsdb/mcs90/m2D/m2Dr4/mcs90_m2Dr4_s80.B09
Reading graphs...
80 :  174
80 :  174
Initializing...
maxdom : 10
D->valSize : 495
Solving...
Blb : 2 (clique : 37)
currentSize : 37 <-- 0.008822 s
currentSize : 38 <-- 0.014445 s
currentSize : 39 <-- 0.016913 s
currentSize : 42 <-- 0.050889 s
currentSize : 44 <-- 0.053644 s
currentSize : 45 <-- 0.057336 s
currentSize : 46 <-- 1.752555 s
currentSize : 47 <-- 2.273785 s
currentSize : 48 <-- 2.301064 s
currentSize : 50 <-- 3.415830 s
currentSize : 51 <-- 5.999851 s
currentSize : 53 <-- 26.659500 s
currentSize : 55 <-- 26.742136 s
currentSize : 56 <-- 36.935280 s
currentSize : 57 <-- 47.044552 s
currentSize : 60 <-- 51.552025 s
currentSize : 61 <-- 53.715809 s
currentSize : 64 <-- 56.194740 s

maxsize : 64
nodes : 12262741.000000
filtered : 58836646.000000
time : 56.602142
