Parameters: GAD=1 vflib=1 dir=0 label=0 vlabel=1 lowerbound=1 fileNameGp=../../cp2016-max-common-connected-subgraph-paper/datasets/graphsdb/mcs90/m2D/m2Dr6/mcs90_m2Dr6_s90.A04 fileNameGt=../../cp2016-max-common-connected-subgraph-paper/datasets/graphsdb/mcs90/m2D/m2Dr6/mcs90_m2Dr6_s90.B04
Reading graphs...
90 :  212
90 :  212
Initializing...
maxdom : 9
D->valSize : 567
Solving...
Blb : 3 (clique : 39)
currentSize : 39 <-- 0.007064 s
currentSize : 40 <-- 0.007462 s
currentSize : 41 <-- 0.008200 s
currentSize : 44 <-- 0.008320 s
currentSize : 46 <-- 0.008792 s
currentSize : 49 <-- 0.541937 s
currentSize : 53 <-- 0.795577 s
currentSize : 54 <-- 0.970506 s
currentSize : 56 <-- 0.970718 s
currentSize : 59 <-- 1.070322 s
currentSize : 61 <-- 1.070567 s
currentSize : 62 <-- 1.123248 s
currentSize : 63 <-- 1.124536 s
currentSize : 64 <-- 1.125206 s
currentSize : 65 <-- 1.133729 s
currentSize : 66 <-- 1.138741 s
currentSize : 68 <-- 1.139106 s
currentSize : 69 <-- 1.140024 s
currentSize : 73 <-- 1.153288 s
currentSize : 77 <-- 1.153699 s
currentSize : 81 <-- 1.156140 s

maxsize : 81
nodes : 217755.000000
filtered : 1098562.000000
time : 1.156761
