Parameters: GAD=1 vflib=1 dir=0 label=0 vlabel=1 lowerbound=1 fileNameGp=../../cp2016-max-common-connected-subgraph-paper/datasets/graphsdb/mcs90/bvg/b03/mcs90_b03_s100.A00 fileNameGt=../../cp2016-max-common-connected-subgraph-paper/datasets/graphsdb/mcs90/bvg/b03/mcs90_b03_s100.B00
Reading graphs...
100 :  150
100 :  150
Initializing...
maxdom : 7
D->valSize : 435
Solving...
Blb : 2 (clique : 68)
currentSize : 68 <-- 0.005307 s
currentSize : 72 <-- 0.007813 s
currentSize : 73 <-- 0.007833 s
currentSize : 75 <-- 0.017416 s
currentSize : 79 <-- 0.017690 s
currentSize : 81 <-- 0.024450 s
currentSize : 83 <-- 0.029629 s
currentSize : 86 <-- 0.030232 s
currentSize : 90 <-- 0.030859 s

maxsize : 90
nodes : 5792.000000
filtered : 16259.000000
time : 0.031331
