Parameters: GAD=1 vflib=1 dir=0 label=0 vlabel=1 lowerbound=1 fileNameGp=../../cp2016-max-common-connected-subgraph-paper/datasets/graphsdb/mcs90/bvg/b03m/mcs90_b03m_s70.A04 fileNameGt=../../cp2016-max-common-connected-subgraph-paper/datasets/graphsdb/mcs90/bvg/b03m/mcs90_b03m_s70.B04
Reading graphs...
70 :  105
70 :  105
Initializing...
maxdom : 10
D->valSize : 402
Solving...
Blb : 3 (clique : 39)
currentSize : 39 <-- 0.003812 s
currentSize : 40 <-- 0.004166 s
currentSize : 41 <-- 0.004491 s
currentSize : 43 <-- 0.004600 s
currentSize : 44 <-- 0.005659 s
currentSize : 46 <-- 0.012645 s
currentSize : 48 <-- 0.013424 s
currentSize : 49 <-- 0.014742 s
currentSize : 53 <-- 0.019928 s
currentSize : 54 <-- 0.020259 s
currentSize : 55 <-- 0.021931 s
currentSize : 56 <-- 0.023768 s
currentSize : 57 <-- 0.026299 s
currentSize : 58 <-- 0.026914 s
currentSize : 59 <-- 0.028709 s
currentSize : 60 <-- 0.029080 s
currentSize : 61 <-- 0.029829 s
currentSize : 62 <-- 0.030398 s

maxsize : 62
nodes : 6073.000000
filtered : 23917.000000
time : 0.030659
