Parameters: GAD=1 vflib=1 dir=0 label=0 vlabel=1 lowerbound=1 fileNameGp=../../cp2016-max-common-connected-subgraph-paper/datasets/graphsdb/mcs90/bvg/b03/mcs90_b03_s90.A03 fileNameGt=../../cp2016-max-common-connected-subgraph-paper/datasets/graphsdb/mcs90/bvg/b03/mcs90_b03_s90.B03
Reading graphs...
90 :  135
90 :  135
Initializing...
maxdom : 10
D->valSize : 589
Solving...
Blb : 2 (clique : 62)
currentSize : 62 <-- 0.007896 s
currentSize : 67 <-- 0.008412 s
currentSize : 69 <-- 0.008774 s
currentSize : 70 <-- 0.009442 s
currentSize : 71 <-- 0.010332 s
currentSize : 72 <-- 0.011005 s
currentSize : 73 <-- 0.012078 s
currentSize : 74 <-- 0.020216 s
currentSize : 77 <-- 0.139451 s
currentSize : 78 <-- 0.139698 s
currentSize : 79 <-- 0.140510 s
currentSize : 80 <-- 0.140750 s

maxsize : 80
nodes : 391584.000000
filtered : 2404376.000000
time : 2.697436
