Parameters: GAD=1 vflib=0 dir=0 label=0 lowerbound=1 fileNameGp=../instances/scalefree/A.03/pattern fileNameGt=../instances/scalefree/A.03/target
Reading graphs...
180 : 503
200 : 609
Initializing...
maxdom : 200
D->valSize : 36000
Solving...
Blb : 2 (clique : 78)
currentSize : 78 <-- 28.274117 s
currentSize : 81 <-- 28.282330 s
currentSize : 82 <-- 28.436708 s
currentSize : 83 <-- 29.275978 s
currentSize : 84 <-- 29.351389 s
currentSize : 85 <-- 29.793245 s
currentSize : 86 <-- 37.932407 s
currentSize : 87 <-- 529.930054 s

TIMEOUT
maxsize : 87
nodes : 102067194.000000
filtered : 1916209829.000000
time : 1000.000183
