Parameters: GAD=1 vflib=0 dir=0 label=0 lowerbound=1 fileNameGp=../instances/scalefree/A.04/pattern fileNameGt=../instances/scalefree/A.04/target
Reading graphs...
180 : 496
200 : 611
Initializing...
maxdom : 200
D->valSize : 36000
Solving...
Blb : 2 (clique : 79)
currentSize : 79 <-- 35.738464 s
currentSize : 86 <-- 35.747963 s
currentSize : 87 <-- 35.870857 s
currentSize : 88 <-- 159.081467 s
currentSize : 89 <-- 269.003418 s
currentSize : 90 <-- 287.287170 s
currentSize : 91 <-- 488.235992 s
currentSize : 92 <-- 658.245056 s

TIMEOUT
maxsize : 92
nodes : 96919017.000000
filtered : 2253408106.000000
time : 1000.000183
