Parameters: GAD=1 vflib=0 dir=0 label=0 lowerbound=1 fileNameGp=../instances/scalefree/A.05/pattern fileNameGt=../instances/scalefree/A.05/target
Reading graphs...
180 : 491
200 : 604
Initializing...
maxdom : 200
D->valSize : 36000
Solving...
Blb : 2 (clique : 83)
currentSize : 83 <-- 26.491959 s
currentSize : 84 <-- 44.169815 s
currentSize : 85 <-- 45.660938 s
currentSize : 86 <-- 45.858860 s
currentSize : 87 <-- 46.493141 s
currentSize : 88 <-- 61.844330 s

TIMEOUT
maxsize : 88
nodes : 86878528.000000
filtered : 2323785322.000000
time : 1000.000122
