Parameters: GAD=1 vflib=0 dir=0 label=0 lowerbound=1 fileNameGp=../instances/scalefree/A.06/pattern fileNameGt=../instances/scalefree/A.06/target
Reading graphs...
180 : 483
200 : 604
Initializing...
maxdom : 200
D->valSize : 36000
Solving...
Blb : 2 (clique : 82)
currentSize : 82 <-- 28.612955 s
currentSize : 83 <-- 28.621649 s
currentSize : 84 <-- 28.622438 s
currentSize : 85 <-- 28.778208 s
currentSize : 86 <-- 96.244011 s
currentSize : 87 <-- 173.217239 s
currentSize : 88 <-- 266.528046 s

TIMEOUT
maxsize : 88
nodes : 100793336.000000
filtered : 3029053848.000000
time : 1000.000122
