Parameters: GAD=1 vflib=0 dir=0 label=0 lowerbound=1 fileNameGp=../instances/scalefree/A.09/pattern fileNameGt=../instances/scalefree/A.09/target
Reading graphs...
180 : 483
200 : 596
Initializing...
maxdom : 200
D->valSize : 36000
Solving...
Blb : 2 (clique : 81)
currentSize : 81 <-- 39.022587 s
currentSize : 86 <-- 39.031357 s
currentSize : 87 <-- 39.031586 s
currentSize : 88 <-- 39.032192 s
currentSize : 89 <-- 39.044308 s
currentSize : 90 <-- 39.643135 s
currentSize : 91 <-- 42.231613 s

TIMEOUT
maxsize : 91
nodes : 72593342.000000
filtered : 2884822260.000000
time : 1000.000183
