Parameters: GAD=1 vflib=0 dir=0 label=0 lowerbound=1 fileNameGp=../instances/scalefree/A.14/pattern fileNameGt=../instances/scalefree/A.14/target
Reading graphs...
180 : 497
200 : 617
Initializing...
maxdom : 200
D->valSize : 36000
Solving...
Blb : 2 (clique : 83)
currentSize : 83 <-- 32.628368 s
currentSize : 84 <-- 32.637260 s
currentSize : 85 <-- 32.637939 s
currentSize : 86 <-- 32.646278 s
currentSize : 87 <-- 32.654514 s
currentSize : 88 <-- 32.656712 s
currentSize : 89 <-- 236.541351 s
currentSize : 90 <-- 247.652908 s
currentSize : 91 <-- 579.354065 s
currentSize : 92 <-- 755.578247 s

TIMEOUT
maxsize : 92
nodes : 95505279.000000
filtered : 2101992126.000000
time : 1000.000183
