Parameters: GAD=1 vflib=0 dir=0 label=0 lowerbound=1 fileNameGp=../instances/scalefree/A.15/pattern fileNameGt=../instances/scalefree/A.15/target
Reading graphs...
180 : 479
200 : 596
Initializing...
maxdom : 200
D->valSize : 36000
Solving...
Blb : 2 (clique : 80)
currentSize : 80 <-- 31.701172 s
currentSize : 81 <-- 31.709682 s
currentSize : 82 <-- 31.711088 s
currentSize : 83 <-- 31.716686 s
currentSize : 84 <-- 31.719683 s
currentSize : 85 <-- 44.430515 s
currentSize : 86 <-- 82.693283 s

TIMEOUT
maxsize : 86
nodes : 95482309.000000
filtered : 2763179867.000000
time : 1000.000183
