Parameters: GAD=1 vflib=0 dir=0 label=0 lowerbound=1 fileNameGp=../instances/scalefree/E.07/pattern fileNameGt=../instances/scalefree/E.07/target
Reading graphs...
270 : 5386
300 : 6563
Initializing...
maxdom : 300
D->valSize : 81000
Solving...
Blb : 2 (clique : 48)
currentSize : 48 <-- 156.755005 s
currentSize : 49 <-- 156.762039 s
currentSize : 50 <-- 156.762817 s
currentSize : 51 <-- 156.952744 s
currentSize : 52 <-- 162.497986 s
currentSize : 53 <-- 162.540726 s
currentSize : 54 <-- 183.694229 s
currentSize : 55 <-- 183.711853 s
currentSize : 56 <-- 201.042114 s

TIMEOUT
maxsize : 56
nodes : 61723261.000000
filtered : 1384972460.000000
time : 1000.000122
