Parameters: GAD=1 vflib=0 dir=0 label=0 lowerbound=1 fileNameGp=../instances/LV/g10 fileNameGt=../instances/LV/g41
Reading graphs...
41 : 80
128 : 368
Initializing...
maxdom : 128
D->valSize : 5248
Solving...
Blb : 5 (clique : 27)
currentSize : 27 <-- 0.437301 s
currentSize : 28 <-- 0.438044 s
currentSize : 29 <-- 63.852852 s
currentSize : 30 <-- 68.772614 s
currentSize : 31 <-- 148.147827 s
currentSize : 32 <-- 274.463135 s

TIMEOUT
maxsize : 32
nodes : 98846754.000000
filtered : 8520191206.000000
time : 1000.000000
