Parameters: GAD=1 vflib=0 dir=0 label=0 lowerbound=1 fileNameGp=../instances/LV/g10 fileNameGt=../instances/LV/g47
Reading graphs...
41 : 80
128 : 936
Initializing...
maxdom : 128
D->valSize : 5248
Solving...
Blb : 2 (clique : 27)
currentSize : 27 <-- 0.383807 s
currentSize : 28 <-- 0.387423 s
currentSize : 29 <-- 0.387623 s
currentSize : 30 <-- 0.388921 s
currentSize : 31 <-- 0.391690 s
currentSize : 32 <-- 0.457349 s
currentSize : 33 <-- 47.973766 s

TIMEOUT
maxsize : 33
nodes : 159139073.000000
filtered : 7169927238.000000
time : 1000.000000
