Parameters: GAD=1 vflib=0 dir=0 label=0 lowerbound=1 fileNameGp=../instances/LV/g10 fileNameGt=../instances/LV/g31
Reading graphs...
41 : 80
100 : 1000
Initializing...
maxdom : 100
D->valSize : 4100
Solving...
Blb : 2 (clique : 22)
currentSize : 22 <-- 0.291375 s
currentSize : 23 <-- 0.291991 s
currentSize : 24 <-- 0.292523 s
currentSize : 25 <-- 0.346367 s
currentSize : 26 <-- 6.761793 s
currentSize : 27 <-- 500.732056 s

TIMEOUT
maxsize : 27
nodes : 122527742.000000
filtered : 6848075185.000000
time : 1000.000000
