Parameters: GAD=1 vflib=0 dir=0 label=0 lowerbound=1 fileNameGp=../instances/LV/g10 fileNameGt=../instances/LV/g29
Reading graphs...
41 : 80
100 : 906
Initializing...
maxdom : 100
D->valSize : 4100
Solving...
Blb : 5 (clique : 22)
currentSize : 22 <-- 0.222230 s
currentSize : 23 <-- 0.227553 s
currentSize : 24 <-- 0.228058 s
currentSize : 25 <-- 0.228337 s
currentSize : 26 <-- 0.231224 s
currentSize : 27 <-- 10.478132 s

TIMEOUT
maxsize : 27
nodes : 153745592.000000
filtered : 6968249000.000000
time : 1000.000000
