Parameters: GAD=1 vflib=0 dir=0 label=0 lowerbound=1 fileNameGp=../instances/LV/g10 fileNameGt=../instances/LV/g27
Reading graphs...
41 : 80
86 : 400
Initializing...
maxdom : 86
D->valSize : 3526
Solving...
Blb : 2 (clique : 22)
currentSize : 22 <-- 0.165083 s
currentSize : 23 <-- 0.165761 s
currentSize : 24 <-- 0.166080 s
currentSize : 25 <-- 0.166823 s
currentSize : 26 <-- 0.168307 s
currentSize : 27 <-- 0.168967 s

TIMEOUT
maxsize : 27
nodes : 209299756.000000
filtered : 9605373990.000000
time : 1000.000000
