Parameters: GAD=1 vflib=0 dir=0 label=0 lowerbound=1 fileNameGp=../instances/LV/g10 fileNameGt=../instances/largerGraphs/g63
Reading graphs...
41 : 80
400 : 2860
Initializing...
maxdom : 400
D->valSize : 16400
Solving...
Blb : 2 (clique : 28)
currentSize : 28 <-- 4.458311 s
currentSize : 30 <-- 4.460758 s
currentSize : 31 <-- 4.461434 s
currentSize : 32 <-- 4.462130 s
currentSize : 33 <-- 4.488104 s
currentSize : 34 <-- 4.491996 s
currentSize : 35 <-- 5.988523 s
currentSize : 36 <-- 15.404087 s

TIMEOUT
maxsize : 36
nodes : 38607983.000000
filtered : 9443496867.000000
time : 1000.000061
