Parameters: GAD=1 vflib=0 dir=0 label=0 lowerbound=1 fileNameGp=../instances/LV/g10 fileNameGt=../instances/LV/g48
Reading graphs...
41 : 80
128 : 1000
Initializing...
maxdom : 128
D->valSize : 5248
Solving...
Blb : 2 (clique : 27)
currentSize : 27 <-- 0.402607 s
currentSize : 28 <-- 0.427408 s
currentSize : 29 <-- 0.482820 s
currentSize : 30 <-- 1.623377 s
currentSize : 31 <-- 3.742831 s
currentSize : 32 <-- 4.491203 s

TIMEOUT
maxsize : 32
nodes : 147677236.000000
filtered : 6845318513.000000
time : 1000.000061
