Parameters: GAD=1 vflib=0 dir=0 label=0 lowerbound=1 fileNameGp=../instances/LV/g10 fileNameGt=../instances/LV/g30
Reading graphs...
41 : 80
100 : 899
Initializing...
maxdom : 100
D->valSize : 4100
Solving...
Blb : 2 (clique : 22)
currentSize : 22 <-- 0.221394 s
currentSize : 23 <-- 0.221889 s
currentSize : 24 <-- 0.222026 s
currentSize : 25 <-- 0.222153 s
currentSize : 26 <-- 0.308050 s
currentSize : 27 <-- 9.343186 s
currentSize : 28 <-- 57.778519 s

TIMEOUT
maxsize : 28
nodes : 125017271.000000
filtered : 6975913279.000000
time : 1000.000000
