Parameters: GAD=1 vflib=0 dir=0 label=0 lowerbound=1 fileNameGp=../instances/LV/g10 fileNameGt=../instances/LV/g43
Reading graphs...
41 : 80
128 : 824
Initializing...
maxdom : 128
D->valSize : 5248
Solving...
Blb : 2 (clique : 23)
currentSize : 23 <-- 0.538670 s
currentSize : 26 <-- 0.539870 s
currentSize : 27 <-- 0.540570 s
currentSize : 28 <-- 0.558665 s
currentSize : 29 <-- 440.251740 s
currentSize : 30 <-- 638.538574 s

TIMEOUT
maxsize : 30
nodes : 212699147.000000
filtered : 9301184106.000000
time : 1000.000000
