Parameters: GAD=1 vflib=0 dir=0 label=0 lowerbound=1 fileNameGp=../instances/LV/g11 fileNameGt=../instances/largerGraphs/g93-normed
Reading graphs...
42 : 114
1800 : 209000
Initializing...
maxdom : 1800
D->valSize : 75600
Solving...
Blb : 2 (clique : 30)
currentSize : 30 <-- 101.599815 s
currentSize : 32 <-- 101.607162 s
currentSize : 33 <-- 101.611992 s
currentSize : 34 <-- 101.703728 s
currentSize : 35 <-- 101.725487 s
currentSize : 36 <-- 103.711288 s
currentSize : 37 <-- 141.563339 s
currentSize : 38 <-- 558.434570 s

TIMEOUT
maxsize : 38
nodes : 84830509.000000
filtered : 6563911019.000000
time : 1000.000061
