Parameters: GAD=1 vflib=0 dir=0 label=0 lowerbound=1 fileNameGp=../instances/LV/g11 fileNameGt=../instances/largerGraphs/g63
Reading graphs...
42 : 114
400 : 2860
Initializing...
maxdom : 400
D->valSize : 16800
Solving...
Blb : 2 (clique : 24)
currentSize : 24 <-- 4.554781 s
currentSize : 25 <-- 4.600433 s
currentSize : 26 <-- 7.554050 s
currentSize : 27 <-- 7.840007 s
currentSize : 28 <-- 10.257186 s
currentSize : 29 <-- 611.068420 s

TIMEOUT
maxsize : 29
nodes : 50756583.000000
filtered : 13850964192.000000
time : 1000.000061
