Parameters: GAD=1 vflib=0 dir=0 label=0 lowerbound=1 fileNameGp=../instances/LV/g11 fileNameGt=../instances/LV/g31
Reading graphs...
42 : 114
100 : 1000
Initializing...
maxdom : 100
D->valSize : 4200
Solving...
Blb : 5 (clique : 21)
currentSize : 21 <-- 0.226995 s
currentSize : 22 <-- 0.227643 s
currentSize : 23 <-- 0.268769 s
currentSize : 24 <-- 0.376557 s
currentSize : 25 <-- 8.010854 s
currentSize : 26 <-- 601.103699 s

TIMEOUT
maxsize : 26
nodes : 181678678.000000
filtered : 5950627722.000000
time : 1000.000000
