Parameters: GAD=1 vflib=0 dir=0 label=0 lowerbound=1 fileNameGp=../instances/LV/g11 fileNameGt=../instances/largerGraphs/g84
Reading graphs...
42 : 114
1024 : 61440
Initializing...
maxdom : 1024
D->valSize : 43008
Solving...
Blb : 2 (clique : 33)
currentSize : 33 <-- 32.427155 s
currentSize : 34 <-- 32.431705 s
currentSize : 35 <-- 32.431747 s
currentSize : 37 <-- 32.431931 s
currentSize : 38 <-- 32.462158 s
currentSize : 39 <-- 33.198875 s
currentSize : 40 <-- 175.286774 s
currentSize : 41 <-- 217.185013 s
currentSize : 42 <-- 305.909973 s

maxsize : 42
nodes : 20600812.000000
filtered : 2351889513.000000
time : 305.910126
