Parameters: GAD=1 vflib=0 dir=0 label=0 lowerbound=1 fileNameGp=../instances/LV/g12 fileNameGt=../instances/largerGraphs/g64
Reading graphs...
48 : 203
400 : 9960
Initializing...
maxdom : 400
D->valSize : 19200
Solving...
Blb : 5 (clique : 31)
currentSize : 31 <-- 5.605406 s
currentSize : 32 <-- 5.608196 s
currentSize : 33 <-- 5.651379 s
currentSize : 34 <-- 5.729966 s
currentSize : 35 <-- 17.089710 s
currentSize : 36 <-- 258.343475 s

TIMEOUT
maxsize : 36
nodes : 51154480.000000
filtered : 7665336170.000000
time : 1000.000061
