Parameters: GAD=1 vflib=0 dir=0 label=0 lowerbound=1 fileNameGp=../instances/LV/g12 fileNameGt=../instances/LV/g31
Reading graphs...
48 : 203
100 : 1000
Initializing...
maxdom : 100
D->valSize : 4800
Solving...
Blb : 2 (clique : 18)
currentSize : 18 <-- 0.289595 s
currentSize : 19 <-- 0.290484 s
currentSize : 20 <-- 0.318029 s
currentSize : 21 <-- 0.404028 s
currentSize : 22 <-- 2.168895 s
currentSize : 23 <-- 4.391561 s
currentSize : 24 <-- 52.329441 s
currentSize : 25 <-- 416.451019 s

TIMEOUT
maxsize : 25
nodes : 228086350.000000
filtered : 4804120432.000000
time : 1000.000000
