Parameters: GAD=1 vflib=0 dir=0 label=0 lowerbound=1 fileNameGp=../instances/LV/g12 fileNameGt=../instances/largerGraphs/g75
Reading graphs...
48 : 203
610 : 7438
Initializing...
maxdom : 610
D->valSize : 29280
Solving...
Blb : 2 (clique : 29)
currentSize : 29 <-- 14.073916 s
currentSize : 32 <-- 14.076845 s
currentSize : 33 <-- 14.143344 s
currentSize : 34 <-- 14.166401 s
currentSize : 35 <-- 14.284184 s
currentSize : 36 <-- 14.684211 s
currentSize : 37 <-- 21.760054 s
currentSize : 38 <-- 24.803991 s
currentSize : 39 <-- 30.342192 s
currentSize : 40 <-- 70.200417 s

TIMEOUT
maxsize : 40
nodes : 19620736.000000
filtered : 6744921255.000000
time : 1000.000061
