Parameters: GAD=1 vflib=0 dir=0 label=0 lowerbound=1 fileNameGp=../instances/LV/g12 fileNameGt=../instances/LV/g45
Reading graphs...
48 : 203
128 : 885
Initializing...
maxdom : 128
D->valSize : 6144
Solving...
Blb : 5 (clique : 29)
currentSize : 29 <-- 0.563838 s
currentSize : 30 <-- 0.676715 s
currentSize : 31 <-- 11.138365 s
currentSize : 32 <-- 39.132721 s
currentSize : 33 <-- 82.855446 s
currentSize : 34 <-- 635.473938 s

TIMEOUT
maxsize : 34
nodes : 99922556.000000
filtered : 7950610515.000000
time : 1000.000000
