Parameters: GAD=1 vflib=0 dir=0 label=0 lowerbound=1 fileNameGp=../instances/LV/g12 fileNameGt=../instances/largerGraphs/g91
Reading graphs...
48 : 203
1446 : 3162
Initializing...
maxdom : 1446
D->valSize : 69408
Solving...
Blb : 5 (clique : 25)
currentSize : 25 <-- 91.855423 s
currentSize : 26 <-- 91.863411 s
currentSize : 27 <-- 92.803207 s
currentSize : 28 <-- 95.762024 s
currentSize : 29 <-- 96.119377 s
currentSize : 30 <-- 175.505569 s
currentSize : 31 <-- 177.070679 s
currentSize : 32 <-- 178.451187 s
currentSize : 33 <-- 179.372513 s
currentSize : 34 <-- 193.221451 s

TIMEOUT
maxsize : 34
nodes : 3666564.000000
filtered : 8226161447.000000
time : 1000.000305
