Parameters: GAD=1 vflib=0 dir=0 label=0 lowerbound=1 fileNameGp=../instances/LV/g12 fileNameGt=../instances/LV/g44
Reading graphs...
48 : 203
128 : 892
Initializing...
maxdom : 128
D->valSize : 6144
Solving...
Blb : 5 (clique : 28)
currentSize : 28 <-- 0.505579 s
currentSize : 29 <-- 22.967487 s
currentSize : 30 <-- 28.694986 s
currentSize : 31 <-- 30.549788 s
currentSize : 32 <-- 30.632364 s
currentSize : 33 <-- 33.525452 s

TIMEOUT
maxsize : 33
nodes : 98734483.000000
filtered : 8414145938.000000
time : 1000.000061
