Parameters: GAD=1 vflib=0 dir=0 label=0 lowerbound=1 fileNameGp=../instances/LV/g12 fileNameGt=../instances/largerGraphs/g54
Reading graphs...
48 : 203
256 : 941
Initializing...
maxdom : 256
D->valSize : 12288
Solving...
Blb : 5 (clique : 27)
currentSize : 27 <-- 2.289239 s
currentSize : 28 <-- 2.290843 s
currentSize : 29 <-- 2.320170 s
currentSize : 30 <-- 3.533453 s
currentSize : 31 <-- 3.548614 s
currentSize : 32 <-- 31.707348 s
currentSize : 33 <-- 31.717548 s
currentSize : 34 <-- 31.986540 s
currentSize : 35 <-- 33.754944 s

TIMEOUT
maxsize : 35
nodes : 37688485.000000
filtered : 8032774907.000000
time : 1000.000061
