Parameters: GAD=1 vflib=0 dir=0 label=0 lowerbound=1 fileNameGp=../instances/LV/g12 fileNameGt=../instances/largerGraphs/g92
Reading graphs...
48 : 203
1619 : 3517
Initializing...
maxdom : 1619
D->valSize : 77712
Solving...
Blb : 2 (clique : 21)
currentSize : 21 <-- 121.248856 s
currentSize : 22 <-- 121.255302 s
currentSize : 23 <-- 122.570183 s
currentSize : 24 <-- 123.914299 s
currentSize : 25 <-- 125.444435 s
currentSize : 26 <-- 126.858414 s
currentSize : 27 <-- 128.822952 s
currentSize : 28 <-- 744.568237 s
currentSize : 29 <-- 746.655090 s

TIMEOUT
maxsize : 29
nodes : 4187101.000000
filtered : 10741631192.000000
time : 1000.000183
