Parameters: GAD=1 vflib=0 dir=0 label=0 lowerbound=1 fileNameGp=../instances/LV/g13 fileNameGt=../instances/LV/g15
Reading graphs...
49 : 125
50 : 145
Initializing...
maxdom : 50
D->valSize : 2450
Solving...
Blb : 2 (clique : 28)
currentSize : 28 <-- 0.071342 s
currentSize : 29 <-- 0.073032 s
currentSize : 30 <-- 0.075198 s
currentSize : 31 <-- 0.104305 s
currentSize : 35 <-- 3.423102 s
currentSize : 36 <-- 3.427195 s
currentSize : 37 <-- 3.427594 s
currentSize : 38 <-- 3.428078 s
currentSize : 49 <-- 32.759510 s

maxsize : 49
nodes : 4006385.000000
filtered : 138668893.000000
time : 32.759563
