Parameters: GAD=1 vflib=0 dir=0 label=0 lowerbound=1 fileNameGp=../instances/LV/g13 fileNameGt=../instances/largerGraphs/g98
Reading graphs...
49 : 125
2000 : 2573
Initializing...
maxdom : 2000
D->valSize : 98000
Solving...
Blb : 5 (clique : 26)
currentSize : 26 <-- 377.208649 s
currentSize : 27 <-- 377.729187 s
currentSize : 28 <-- 379.553711 s
currentSize : 29 <-- 381.301514 s
currentSize : 30 <-- 383.952057 s
currentSize : 31 <-- 424.055573 s
currentSize : 32 <-- 548.037720 s
currentSize : 33 <-- 628.158386 s

TIMEOUT
maxsize : 33
nodes : 3887388.000000
filtered : 319622139.000000
time : 1000.000183
