Parameters: GAD=1 vflib=0 dir=0 label=0 lowerbound=1 fileNameGp=../instances/LV/g13 fileNameGt=../instances/LV/g27
Reading graphs...
49 : 125
86 : 400
Initializing...
maxdom : 86
D->valSize : 4214
Solving...
Blb : 5 (clique : 29)
currentSize : 29 <-- 0.240805 s
currentSize : 30 <-- 4.298065 s
currentSize : 31 <-- 5.948499 s
currentSize : 32 <-- 5.966032 s
currentSize : 33 <-- 6.461301 s
currentSize : 34 <-- 25.586033 s
currentSize : 35 <-- 40.174957 s
currentSize : 36 <-- 50.382645 s
currentSize : 37 <-- 99.156639 s
currentSize : 38 <-- 297.056915 s

TIMEOUT
maxsize : 38
nodes : 114675821.000000
filtered : 8770416106.000000
time : 1000.000061
