Parameters: GAD=1 vflib=0 dir=0 label=0 lowerbound=1 fileNameGp=../instances/LV/g13 fileNameGt=../instances/largerGraphs/g97
Reading graphs...
49 : 125
2000 : 1685
Initializing...
maxdom : 2000
D->valSize : 98000
Solving...
Blb : 2 (clique : 25)
currentSize : 25 <-- 199.620071 s
currentSize : 26 <-- 200.907257 s
currentSize : 27 <-- 206.964706 s
currentSize : 28 <-- 210.440125 s
currentSize : 29 <-- 213.594055 s
currentSize : 30 <-- 294.606903 s
currentSize : 31 <-- 401.720306 s
currentSize : 32 <-- 405.903961 s

TIMEOUT
maxsize : 32
nodes : 2377467.000000
filtered : 7320668948.000000
time : 1000.000244
