Parameters: GAD=1 vflib=0 dir=0 label=0 lowerbound=1 fileNameGp=../instances/LV/g13 fileNameGt=../instances/largerGraphs/g95
Reading graphs...
49 : 125
2000 : 1396
Initializing...
maxdom : 2000
D->valSize : 98000
Solving...
Blb : 2 (clique : 26)
currentSize : 26 <-- 240.796890 s
currentSize : 27 <-- 241.192795 s
currentSize : 28 <-- 249.359436 s
currentSize : 29 <-- 254.317245 s
currentSize : 30 <-- 268.840332 s
currentSize : 31 <-- 292.516235 s
currentSize : 32 <-- 360.463287 s
currentSize : 33 <-- 448.632385 s

TIMEOUT
maxsize : 33
nodes : 4601056.000000
filtered : 1524668827.000000
time : 1000.000244
