Parameters: GAD=1 vflib=0 dir=0 label=0 lowerbound=1 fileNameGp=../instances/LV/g13 fileNameGt=../instances/largerGraphs/g92
Reading graphs...
49 : 125
1619 : 3517
Initializing...
maxdom : 1619
D->valSize : 79331
Solving...
Blb : 2 (clique : 32)
currentSize : 32 <-- 133.008987 s
currentSize : 33 <-- 286.962097 s
currentSize : 34 <-- 289.165253 s
currentSize : 35 <-- 293.239594 s
currentSize : 36 <-- 297.635162 s
currentSize : 37 <-- 337.307526 s
currentSize : 38 <-- 363.818726 s

TIMEOUT
maxsize : 38
nodes : 2068194.000000
filtered : 10059359406.000000
time : 1000.000610
