Parameters: GAD=1 vflib=0 dir=0 label=0 lowerbound=1 fileNameGp=../instances/LV/g13 fileNameGt=../instances/largerGraphs/g96
Reading graphs...
49 : 125
2000 : 1657
Initializing...
maxdom : 2000
D->valSize : 98000
Solving...
Blb : 2 (clique : 25)
currentSize : 25 <-- 227.077606 s
currentSize : 26 <-- 227.084839 s
currentSize : 27 <-- 228.913254 s
currentSize : 28 <-- 236.925964 s
currentSize : 29 <-- 281.229919 s
currentSize : 30 <-- 291.274323 s
currentSize : 31 <-- 361.761139 s
currentSize : 32 <-- 365.933594 s
currentSize : 33 <-- 458.168121 s
currentSize : 34 <-- 461.857269 s
currentSize : 35 <-- 577.501770 s

TIMEOUT
maxsize : 35
nodes : 3918108.000000
filtered : 1434565219.000000
time : 1000.000305
