Parameters: GAD=1 vflib=0 dir=0 label=0 lowerbound=1 fileNameGp=../instances/LV/g13 fileNameGt=../instances/LV/g43
Reading graphs...
49 : 125
128 : 824
Initializing...
maxdom : 128
D->valSize : 6272
Solving...
Blb : 5 (clique : 28)
currentSize : 28 <-- 0.551098 s
currentSize : 29 <-- 0.553776 s
currentSize : 30 <-- 0.918992 s
currentSize : 31 <-- 1.260458 s
currentSize : 32 <-- 6.315243 s
currentSize : 33 <-- 10.217090 s
currentSize : 34 <-- 12.850675 s

TIMEOUT
maxsize : 34
nodes : 504262981.000000
filtered : 2435187882.000000
time : 1000.000000
