Parameters: GAD=1 vflib=0 dir=0 label=0 lowerbound=1 fileNameGp=../instances/LV/g14 fileNameGt=../instances/largerGraphs/g80
Reading graphs...
50 : 109
891 : 318
Initializing...
maxdom : 891
D->valSize : 44550
Solving...
Blb : 2 (clique : 31)
currentSize : 31 <-- 36.145817 s
currentSize : 32 <-- 36.153393 s
currentSize : 33 <-- 37.435696 s
currentSize : 34 <-- 37.777225 s
currentSize : 35 <-- 38.732277 s
currentSize : 36 <-- 39.847122 s
currentSize : 37 <-- 41.540676 s

TIMEOUT
maxsize : 37
nodes : 4327900.000000
filtered : 6094556395.000000
time : 1000.000244
