Parameters: GAD=1 vflib=0 dir=0 label=0 lowerbound=1 fileNameGp=../instances/LV/g14 fileNameGt=../instances/largerGraphs/g73-normed
Reading graphs...
50 : 109
561 : 1628
Initializing...
maxdom : 561
D->valSize : 28050
Solving...
Blb : 2 (clique : 39)
currentSize : 39 <-- 13.395703 s
currentSize : 40 <-- 13.403335 s
currentSize : 41 <-- 13.704355 s
currentSize : 42 <-- 14.000237 s
currentSize : 43 <-- 14.311010 s
currentSize : 44 <-- 14.539102 s

TIMEOUT
maxsize : 44
nodes : 9809845.000000
filtered : 5992350976.000000
time : 1000.000122
