Parameters: GAD=1 vflib=0 dir=0 label=0 lowerbound=1 fileNameGp=../instances/LV/g14 fileNameGt=../instances/largerGraphs/g96
Reading graphs...
50 : 109
2000 : 1657
Initializing...
maxdom : 2000
D->valSize : 100000
Solving...
Blb : 3 (clique : 35)
currentSize : 35 <-- 226.882141 s
currentSize : 36 <-- 226.898605 s
currentSize : 37 <-- 232.884598 s
currentSize : 38 <-- 279.785431 s
currentSize : 39 <-- 286.572937 s
currentSize : 40 <-- 300.089630 s

TIMEOUT
maxsize : 40
nodes : 1280627.000000
filtered : 9797662062.000000
time : 1000.000305
