Parameters: GAD=1 vflib=0 dir=0 label=0 lowerbound=1 fileNameGp=../instances/LV/g14 fileNameGt=../instances/largerGraphs/g98
Reading graphs...
50 : 109
2000 : 2573
Initializing...
maxdom : 2000
D->valSize : 100000
Solving...
Blb : 5 (clique : 36)
currentSize : 36 <-- 222.032013 s
currentSize : 37 <-- 222.047699 s
currentSize : 38 <-- 226.501328 s
currentSize : 39 <-- 232.640671 s
currentSize : 40 <-- 291.441315 s
currentSize : 41 <-- 470.446075 s

TIMEOUT
maxsize : 41
nodes : 1886049.000000
filtered : 4069698131.000000
time : 1000.000427
