Parameters: GAD=1 vflib=0 dir=0 label=0 lowerbound=1 fileNameGp=../instances/LV/g14 fileNameGt=../instances/largerGraphs/g58-normed
Reading graphs...
50 : 109
280 : 386
Initializing...
maxdom : 280
D->valSize : 14000
Solving...
Blb : 5 (clique : 31)
currentSize : 31 <-- 3.156443 s
currentSize : 32 <-- 3.158663 s
currentSize : 33 <-- 3.211959 s
currentSize : 34 <-- 3.270453 s
currentSize : 36 <-- 3.332384 s
currentSize : 37 <-- 3.398959 s
currentSize : 38 <-- 3.482546 s
currentSize : 39 <-- 3.571238 s

TIMEOUT
maxsize : 39
nodes : 29534309.000000
filtered : 15236275227.000000
time : 1000.000061
