Parameters: GAD=1 vflib=0 dir=0 label=0 lowerbound=1 fileNameGp=../instances/LV/g14 fileNameGt=../instances/largerGraphs/g60-normed
Reading graphs...
50 : 109
280 : 1073
Initializing...
maxdom : 280
D->valSize : 14000
Solving...
Blb : 2 (clique : 32)
currentSize : 32 <-- 3.327620 s
currentSize : 33 <-- 3.330121 s
currentSize : 34 <-- 3.345786 s
currentSize : 35 <-- 3.418223 s
currentSize : 36 <-- 3.475401 s
currentSize : 37 <-- 3.526377 s
currentSize : 38 <-- 3.577620 s
currentSize : 39 <-- 3.624991 s
currentSize : 40 <-- 3.931402 s
currentSize : 41 <-- 4.096710 s
currentSize : 42 <-- 4.649937 s
currentSize : 43 <-- 4.780575 s

TIMEOUT
maxsize : 43
nodes : 14091721.000000
filtered : 16750167609.000000
time : 1000.000061
