Parameters: GAD=1 vflib=0 dir=0 label=0 lowerbound=1 fileNameGp=../instances/LV/g14 fileNameGt=../instances/LV/g40
Reading graphs...
50 : 109
121 : 3600
Initializing...
maxdom : 121
D->valSize : 6050
Solving...
Blb : 2 (clique : 11)
currentSize : 11 <-- 0.421111 s
currentSize : 12 <-- 0.421496 s
currentSize : 13 <-- 0.422410 s
currentSize : 14 <-- 0.424260 s
currentSize : 15 <-- 0.477974 s
currentSize : 16 <-- 91.841591 s

TIMEOUT
maxsize : 16
nodes : 134970076.000000
filtered : 15524914414.000000
time : 1000.000000
