Parameters: GAD=1 vflib=0 dir=0 label=0 lowerbound=1 fileNameGp=../instances/LV/g14 fileNameGt=../instances/largerGraphs/g97
Reading graphs...
50 : 109
2000 : 1685
Initializing...
maxdom : 2000
D->valSize : 100000
Solving...
Blb : 2 (clique : 32)
currentSize : 32 <-- 267.294556 s
currentSize : 33 <-- 267.309418 s
currentSize : 34 <-- 274.515594 s
currentSize : 35 <-- 281.637848 s
currentSize : 36 <-- 285.571594 s
currentSize : 37 <-- 289.484863 s
currentSize : 38 <-- 297.448120 s
currentSize : 39 <-- 305.340942 s
currentSize : 40 <-- 312.609406 s

TIMEOUT
maxsize : 40
nodes : 1697336.000000
filtered : 3985478309.000000
time : 1000.000122
