Parameters: GAD=1 vflib=0 dir=0 label=0 lowerbound=1 fileNameGp=../instances/LV/g14 fileNameGt=../instances/largerGraphs/g92
Reading graphs...
50 : 109
1619 : 3517
Initializing...
maxdom : 1619
D->valSize : 80950
Solving...
Blb : 2 (clique : 31)
currentSize : 31 <-- 147.091873 s
currentSize : 32 <-- 147.275284 s
currentSize : 33 <-- 231.747681 s
currentSize : 34 <-- 235.994751 s
currentSize : 35 <-- 239.857071 s
currentSize : 36 <-- 243.189331 s
currentSize : 37 <-- 243.716553 s
currentSize : 38 <-- 246.130173 s
currentSize : 39 <-- 360.195648 s
currentSize : 40 <-- 598.640869 s

TIMEOUT
maxsize : 40
nodes : 3308515.000000
filtered : 3394302229.000000
time : 1000.000366
