Parameters: GAD=1 vflib=0 dir=0 label=0 lowerbound=1 fileNameGp=../instances/LV/g14 fileNameGt=../instances/largerGraphs/g95
Reading graphs...
50 : 109
2000 : 1396
Initializing...
maxdom : 2000
D->valSize : 100000
Solving...
Blb : 2 (clique : 34)
currentSize : 34 <-- 225.155975 s
currentSize : 35 <-- 225.257401 s
currentSize : 36 <-- 227.956070 s
currentSize : 37 <-- 231.904495 s
currentSize : 38 <-- 237.507767 s
currentSize : 39 <-- 243.955887 s
currentSize : 40 <-- 362.345154 s

TIMEOUT
maxsize : 40
nodes : 1417956.000000
filtered : 8412513615.000000
time : 1000.000427
