Parameters: GAD=1 vflib=0 dir=0 label=0 lowerbound=1 fileNameGp=../instances/LV/g15 fileNameGt=../instances/LV/g40
Reading graphs...
50 : 145
121 : 3600
Initializing...
maxdom : 121
D->valSize : 6050
Solving...
Blb : 2 (clique : 12)
currentSize : 12 <-- 0.415023 s
currentSize : 13 <-- 0.477675 s
currentSize : 14 <-- 0.535710 s
currentSize : 15 <-- 0.572640 s
currentSize : 16 <-- 2.775429 s
currentSize : 17 <-- 5.703674 s

TIMEOUT
maxsize : 17
nodes : 209431591.000000
filtered : 12281921877.000000
time : 1000.000061
