Parameters: GAD=1 vflib=0 dir=0 label=0 lowerbound=1 fileNameGp=../instances/LV/g15 fileNameGt=../instances/LV/g38
Reading graphs...
50 : 145
121 : 210
Initializing...
maxdom : 121
D->valSize : 6050
Solving...
Blb : 3 (clique : 20)
currentSize : 20 <-- 0.654551 s
currentSize : 21 <-- 0.655006 s
currentSize : 23 <-- 0.760513 s
currentSize : 24 <-- 13.701121 s
currentSize : 27 <-- 258.407043 s
currentSize : 28 <-- 260.929016 s
currentSize : 29 <-- 261.035126 s

TIMEOUT
maxsize : 29
nodes : 78477508.000000
filtered : 2591336799.000000
time : 1000.000000
