Parameters: GAD=1 vflib=0 dir=0 label=0 lowerbound=1 fileNameGp=../instances/LV/g15 fileNameGt=../instances/LV/g29
Reading graphs...
50 : 145
100 : 906
Initializing...
maxdom : 100
D->valSize : 5000
Solving...
Blb : 2 (clique : 20)
currentSize : 20 <-- 0.350096 s
currentSize : 21 <-- 0.350524 s
currentSize : 22 <-- 0.362712 s
currentSize : 23 <-- 139.906021 s
currentSize : 24 <-- 385.748138 s
currentSize : 25 <-- 458.802734 s
currentSize : 26 <-- 492.531403 s

TIMEOUT
maxsize : 26
nodes : 393465118.000000
filtered : 2513178498.000000
time : 1000.000000
