Parameters: GAD=1 vflib=0 dir=0 label=0 lowerbound=1 fileNameGp=../instances/LV/g15 fileNameGt=../instances/LV/g44
Reading graphs...
50 : 145
128 : 892
Initializing...
maxdom : 128
D->valSize : 6400
Solving...
Blb : 5 (clique : 31)
currentSize : 31 <-- 0.569454 s
currentSize : 32 <-- 0.574781 s
currentSize : 33 <-- 0.597760 s
currentSize : 34 <-- 0.606749 s
currentSize : 35 <-- 0.898044 s
currentSize : 36 <-- 4.405469 s
currentSize : 37 <-- 21.751648 s
currentSize : 38 <-- 646.731506 s
currentSize : 39 <-- 726.627075 s
currentSize : 40 <-- 773.089478 s
currentSize : 41 <-- 857.198792 s

TIMEOUT
maxsize : 41
nodes : 78236512.000000
filtered : 7495169682.000000
time : 1000.000061
