Parameters: GAD=1 vflib=0 dir=0 label=0 lowerbound=1 fileNameGp=../instances/LV/g15 fileNameGt=../instances/largerGraphs/g58-normed
Reading graphs...
50 : 145
280 : 386
Initializing...
maxdom : 280
D->valSize : 14000
Solving...
Blb : 5 (clique : 30)
currentSize : 30 <-- 3.110511 s
currentSize : 31 <-- 7.171978 s
currentSize : 32 <-- 34.586948 s
currentSize : 33 <-- 34.615700 s
currentSize : 34 <-- 77.083481 s
currentSize : 35 <-- 421.794891 s

TIMEOUT
maxsize : 35
nodes : 34135819.000000
filtered : 5995339390.000000
time : 1000.000061
