Parameters: GAD=1 vflib=0 dir=0 label=0 lowerbound=1 fileNameGp=../instances/LV/g15 fileNameGt=../instances/largerGraphs/g80
Reading graphs...
50 : 145
891 : 318
Initializing...
maxdom : 891
D->valSize : 44550
Solving...
Blb : 2 (clique : 27)
currentSize : 27 <-- 35.755959 s
currentSize : 28 <-- 35.771198 s
currentSize : 29 <-- 37.075359 s
currentSize : 30 <-- 38.468395 s
currentSize : 31 <-- 39.716614 s
currentSize : 32 <-- 41.139118 s
currentSize : 33 <-- 42.877583 s
currentSize : 34 <-- 44.192673 s
currentSize : 35 <-- 45.584290 s

TIMEOUT
maxsize : 35
nodes : 2497713.000000
filtered : 15413065652.000000
time : 1000.000366
