Parameters: GAD=1 vflib=0 dir=0 label=0 lowerbound=1 fileNameGp=../instances/LV/g15 fileNameGt=../instances/largerGraphs/g92
Reading graphs...
50 : 145
1619 : 3517
Initializing...
maxdom : 1619
D->valSize : 80950
Solving...
Blb : 2 (clique : 32)
currentSize : 32 <-- 140.800186 s
currentSize : 33 <-- 140.980911 s
currentSize : 34 <-- 143.278198 s
currentSize : 35 <-- 145.220459 s
currentSize : 36 <-- 148.704880 s
currentSize : 37 <-- 150.468536 s

TIMEOUT
maxsize : 37
nodes : 5197107.000000
filtered : 224659636.000000
time : 1000.000122
