Parameters: GAD=1 vflib=0 dir=0 label=0 lowerbound=1 fileNameGp=../instances/LV/g15 fileNameGt=../instances/largerGraphs/g61
Reading graphs...
50 : 145
331 : 930
Initializing...
maxdom : 331
D->valSize : 16550
Solving...
Blb : 2 (clique : 21)
currentSize : 21 <-- 4.504935 s
currentSize : 25 <-- 4.514196 s
currentSize : 26 <-- 4.673182 s
currentSize : 28 <-- 4.799329 s
currentSize : 29 <-- 4.945803 s
currentSize : 30 <-- 5.065251 s
currentSize : 31 <-- 5.205022 s
currentSize : 32 <-- 5.326735 s
currentSize : 33 <-- 5.550526 s
currentSize : 34 <-- 5.717141 s

TIMEOUT
maxsize : 34
nodes : 7168844.000000
filtered : 22322686493.000000
time : 1000.000061
