Parameters: GAD=1 vflib=0 dir=0 label=0 lowerbound=1 fileNameGp=../instances/LV/g15 fileNameGt=../instances/largerGraphs/g95
Reading graphs...
50 : 145
2000 : 1396
Initializing...
maxdom : 2000
D->valSize : 100000
Solving...
Blb : 5 (clique : 30)
currentSize : 30 <-- 251.497986 s
currentSize : 31 <-- 259.887268 s
currentSize : 32 <-- 262.621216 s
currentSize : 33 <-- 266.905914 s
currentSize : 34 <-- 271.296173 s
currentSize : 35 <-- 275.494385 s
currentSize : 36 <-- 279.261566 s
currentSize : 37 <-- 373.168213 s

TIMEOUT
maxsize : 37
nodes : 1508656.000000
filtered : 11784330457.000000
time : 1000.000854
