Parameters: GAD=1 vflib=0 dir=0 label=0 lowerbound=1 fileNameGp=../instances/LV/g15 fileNameGt=../instances/LV/g25
Reading graphs...
50 : 145
75 : 114
Initializing...
maxdom : 75
D->valSize : 3750
Solving...
Blb : 5 (clique : 22)
currentSize : 22 <-- 0.277539 s
currentSize : 23 <-- 0.278178 s
currentSize : 24 <-- 0.284518 s
currentSize : 25 <-- 0.329811 s
currentSize : 26 <-- 1.174531 s
currentSize : 27 <-- 1.242112 s
currentSize : 28 <-- 1.267174 s

TIMEOUT
maxsize : 28
nodes : 185084223.000000
filtered : 7950734965.000000
time : 1000.000061
