Parameters: GAD=1 vflib=0 dir=0 label=0 lowerbound=1 fileNameGp=../instances/LV/g15 fileNameGt=../instances/LV/g49
Reading graphs...
50 : 145
128 : 1027
Initializing...
maxdom : 128
D->valSize : 6400
Solving...
Blb : 2 (clique : 20)
currentSize : 20 <-- 0.566706 s
currentSize : 21 <-- 0.567349 s
currentSize : 22 <-- 0.571012 s
currentSize : 23 <-- 13.095914 s
currentSize : 24 <-- 14.776061 s
currentSize : 25 <-- 19.417261 s
currentSize : 26 <-- 19.513790 s

TIMEOUT
maxsize : 26
nodes : 374145919.000000
filtered : 4695670026.000000
time : 1000.000000
