Parameters: GAD=1 vflib=0 dir=0 label=0 lowerbound=1 fileNameGp=../instances/LV/g15 fileNameGt=../instances/largerGraphs/g86-normed
Reading graphs...
50 : 145
1050 : 1574
Initializing...
maxdom : 1050
D->valSize : 52500
Solving...
Blb : 2 (clique : 23)
currentSize : 23 <-- 51.792503 s
currentSize : 24 <-- 51.813866 s
currentSize : 28 <-- 53.062096 s
currentSize : 29 <-- 54.189438 s
currentSize : 30 <-- 55.745125 s
currentSize : 31 <-- 57.280369 s

TIMEOUT
maxsize : 31
nodes : 5610640.000000
filtered : 3700055858.000000
time : 1000.000122
