Parameters: GAD=1 vflib=0 dir=0 label=0 lowerbound=1 fileNameGp=../instances/LV/g16 fileNameGt=../instances/largerGraphs/g95
Reading graphs...
53 : 189
2000 : 1396
Initializing...
maxdom : 2000
D->valSize : 106000
Solving...
Blb : 3 (clique : 22)
currentSize : 22 <-- 447.828949 s
currentSize : 23 <-- 448.096375 s
currentSize : 24 <-- 450.232971 s
currentSize : 25 <-- 473.101929 s
currentSize : 26 <-- 473.279327 s
currentSize : 27 <-- 990.532288 s

TIMEOUT
maxsize : 27
nodes : 3328255.000000
filtered : 8458033997.000000
time : 1000.000183
