Parameters: GAD=1 vflib=0 dir=0 label=0 lowerbound=1 fileNameGp=../instances/LV/g16 fileNameGt=../instances/LV/g47
Reading graphs...
53 : 189
128 : 936
Initializing...
maxdom : 128
D->valSize : 6784
Solving...
Blb : 2 (clique : 23)
currentSize : 23 <-- 0.697797 s
currentSize : 24 <-- 0.698430 s
currentSize : 25 <-- 0.698511 s
currentSize : 26 <-- 0.714638 s
currentSize : 27 <-- 0.715021 s
currentSize : 28 <-- 1.357728 s
currentSize : 29 <-- 9.455104 s
currentSize : 30 <-- 534.112854 s

TIMEOUT
maxsize : 30
nodes : 161837642.000000
filtered : 7307939576.000000
time : 1000.000000
