Parameters: GAD=1 vflib=0 dir=0 label=0 lowerbound=1 fileNameGp=../instances/LV/g16 fileNameGt=../instances/largerGraphs/g61
Reading graphs...
53 : 189
331 : 930
Initializing...
maxdom : 331
D->valSize : 17543
Solving...
Blb : 2 (clique : 22)
currentSize : 22 <-- 4.953211 s
currentSize : 23 <-- 4.955551 s
currentSize : 24 <-- 5.659384 s
currentSize : 25 <-- 25.319077 s
currentSize : 26 <-- 210.509506 s
currentSize : 27 <-- 390.462341 s
currentSize : 28 <-- 453.527649 s
currentSize : 29 <-- 756.763611 s

TIMEOUT
maxsize : 29
nodes : 43928311.000000
filtered : 12659237573.000000
time : 1000.000061
