Parameters: GAD=1 vflib=0 dir=0 label=0 lowerbound=1 fileNameGp=../instances/LV/g16 fileNameGt=../instances/largerGraphs/g71
Reading graphs...
53 : 189
501 : 1497
Initializing...
maxdom : 501
D->valSize : 26553
Solving...
Blb : 2 (clique : 24)
currentSize : 24 <-- 12.445412 s
currentSize : 25 <-- 12.847563 s
currentSize : 26 <-- 12.949605 s
currentSize : 27 <-- 13.045929 s
currentSize : 28 <-- 14.989093 s
currentSize : 29 <-- 112.186302 s
currentSize : 30 <-- 487.718842 s
currentSize : 31 <-- 606.484009 s

TIMEOUT
maxsize : 31
nodes : 23119809.000000
filtered : 12891818791.000000
time : 1000.000122
