Parameters: GAD=1 vflib=0 dir=0 label=0 lowerbound=1 fileNameGp=../instances/LV/g16 fileNameGt=../instances/LV/g29
Reading graphs...
53 : 189
100 : 906
Initializing...
maxdom : 100
D->valSize : 5300
Solving...
Blb : 2 (clique : 20)
currentSize : 20 <-- 0.375735 s
currentSize : 21 <-- 0.376222 s
currentSize : 22 <-- 0.376380 s
currentSize : 23 <-- 0.376694 s
currentSize : 24 <-- 0.384212 s
currentSize : 25 <-- 0.426947 s
currentSize : 26 <-- 4.312168 s

TIMEOUT
maxsize : 26
nodes : 167396370.000000
filtered : 4255140456.000000
time : 1000.000000
