Parameters: GAD=1 vflib=0 dir=0 label=0 lowerbound=1 fileNameGp=../instances/LV/g16 fileNameGt=../instances/LV/g40
Reading graphs...
53 : 189
121 : 3600
Initializing...
maxdom : 121
D->valSize : 6413
Solving...
Blb : 3 (clique : 12)
currentSize : 12 <-- 0.475759 s
currentSize : 13 <-- 0.476879 s
currentSize : 14 <-- 0.489777 s
currentSize : 15 <-- 4.985740 s
currentSize : 16 <-- 24.175180 s
currentSize : 17 <-- 364.697815 s

TIMEOUT
maxsize : 17
nodes : 142188761.000000
filtered : 11517734907.000000
time : 1000.000061
