Parameters: GAD=1 vflib=0 dir=0 label=0 lowerbound=1 fileNameGp=../instances/LV/g16 fileNameGt=../instances/LV/g27
Reading graphs...
53 : 189
86 : 400
Initializing...
maxdom : 86
D->valSize : 4558
Solving...
Blb : 2 (clique : 21)
currentSize : 21 <-- 0.366639 s
currentSize : 22 <-- 0.367233 s
currentSize : 23 <-- 0.367587 s
currentSize : 24 <-- 0.373197 s
currentSize : 25 <-- 1.059341 s
currentSize : 26 <-- 16.151899 s
currentSize : 27 <-- 76.653442 s

TIMEOUT
maxsize : 27
nodes : 147021716.000000
filtered : 9570532404.000000
time : 1000.000000
