Parameters: GAD=1 vflib=0 dir=0 label=0 lowerbound=1 fileNameGp=../instances/LV/g16 fileNameGt=../instances/LV/g48
Reading graphs...
53 : 189
128 : 1000
Initializing...
maxdom : 128
D->valSize : 6784
Solving...
Blb : 5 (clique : 24)
currentSize : 24 <-- 0.675990 s
currentSize : 25 <-- 0.678131 s
currentSize : 26 <-- 0.714125 s
currentSize : 27 <-- 7.029544 s
currentSize : 28 <-- 7.686230 s
currentSize : 29 <-- 166.413437 s

TIMEOUT
maxsize : 29
nodes : 205413264.000000
filtered : 5109084980.000000
time : 1000.000061
