Parameters: GAD=1 vflib=0 dir=0 label=0 lowerbound=1 fileNameGp=../instances/LV/g17 fileNameGt=../instances/largerGraphs/g65
Reading graphs...
64 : 112
435 : 2520
Initializing...
maxdom : 435
D->valSize : 27840
Solving...
Blb : 2 (clique : 45)
currentSize : 45 <-- 14.262289 s
currentSize : 46 <-- 14.267873 s
currentSize : 47 <-- 14.294606 s
currentSize : 48 <-- 14.321140 s
currentSize : 49 <-- 18.843506 s
currentSize : 50 <-- 363.609894 s

TIMEOUT
maxsize : 50
nodes : 58015210.000000
filtered : 8468221572.000000
time : 1000.000061
