Parameters: GAD=1 vflib=0 dir=0 label=0 lowerbound=1 fileNameGp=../instances/LV/g17 fileNameGt=../instances/largerGraphs/g87
Reading graphs...
64 : 112
1057 : 3561
Initializing...
maxdom : 1057
D->valSize : 67648
Solving...
Blb : 2 (clique : 48)
currentSize : 48 <-- 82.699638 s
currentSize : 51 <-- 82.713150 s
currentSize : 52 <-- 82.717056 s
currentSize : 53 <-- 82.718918 s
currentSize : 54 <-- 82.830521 s
currentSize : 55 <-- 83.064865 s
currentSize : 56 <-- 83.201042 s
currentSize : 57 <-- 83.254997 s
currentSize : 58 <-- 84.703705 s
currentSize : 59 <-- 84.735603 s
currentSize : 60 <-- 416.541901 s
currentSize : 61 <-- 505.236359 s
currentSize : 62 <-- 623.649231 s
currentSize : 63 <-- 762.205872 s

TIMEOUT
maxsize : 63
nodes : 7884099.000000
filtered : 4918831668.000000
time : 1000.000366
