Parameters: GAD=1 vflib=0 dir=0 label=0 lowerbound=1 fileNameGp=../instances/LV/g17 fileNameGt=../instances/largerGraphs/g90
Reading graphs...
64 : 112
1430 : 5005
Initializing...
maxdom : 1430
D->valSize : 91520
Solving...
Blb : 2 (clique : 50)
currentSize : 50 <-- 239.097717 s
currentSize : 51 <-- 239.117859 s
currentSize : 52 <-- 240.483078 s
currentSize : 53 <-- 327.576904 s
currentSize : 54 <-- 327.976959 s
currentSize : 55 <-- 328.956024 s
currentSize : 56 <-- 335.261902 s
currentSize : 57 <-- 475.297058 s
currentSize : 58 <-- 489.689117 s
currentSize : 59 <-- 493.261536 s
currentSize : 60 <-- 502.288147 s
currentSize : 61 <-- 548.341431 s
currentSize : 62 <-- 555.363892 s
currentSize : 63 <-- 555.380310 s
currentSize : 64 <-- 555.380371 s

maxsize : 64
nodes : 3740216.000000
filtered : 2982256754.000000
time : 555.380432
