Parameters: GAD=1 vflib=0 dir=0 label=0 lowerbound=1 fileNameGp=../instances/LV/g17 fileNameGt=../instances/largerGraphs/g98
Reading graphs...
64 : 112
2000 : 2573
Initializing...
maxdom : 2000
D->valSize : 128000
Solving...
Blb : 2 (clique : 40)
currentSize : 40 <-- 461.755310 s
currentSize : 41 <-- 461.778595 s
currentSize : 42 <-- 461.914551 s
currentSize : 43 <-- 462.046356 s
currentSize : 44 <-- 462.179230 s
currentSize : 45 <-- 462.644501 s
currentSize : 46 <-- 462.676666 s

TIMEOUT
maxsize : 46
nodes : 3717887.000000
filtered : 6749538407.000000
time : 1000.000305
