Parameters: GAD=1 vflib=0 dir=0 label=0 lowerbound=1 fileNameGp=../instances/LV/g17 fileNameGt=../instances/largerGraphs/g97
Reading graphs...
64 : 112
2000 : 1685
Initializing...
maxdom : 2000
D->valSize : 128000
Solving...
Blb : 2 (clique : 38)
currentSize : 38 <-- 679.872375 s
currentSize : 39 <-- 679.895508 s
currentSize : 40 <-- 680.037659 s
currentSize : 41 <-- 681.025269 s
currentSize : 42 <-- 681.688904 s
currentSize : 43 <-- 682.589966 s
currentSize : 44 <-- 707.824219 s

TIMEOUT
maxsize : 44
nodes : 2104601.000000
filtered : 3273663833.000000
time : 1000.000305
