Parameters: GAD=1 vflib=0 dir=0 label=0 lowerbound=1 fileNameGp=../instances/LV/g17 fileNameGt=../instances/largerGraphs/g79
Reading graphs...
64 : 112
763 : 1902
Initializing...
maxdom : 763
D->valSize : 48832
Solving...
Blb : 2 (clique : 50)
currentSize : 50 <-- 45.698444 s
currentSize : 54 <-- 45.710003 s
currentSize : 55 <-- 45.713009 s
currentSize : 56 <-- 45.715855 s
currentSize : 58 <-- 45.922043 s
currentSize : 59 <-- 45.973537 s
currentSize : 60 <-- 47.853443 s
currentSize : 61 <-- 47.877735 s
currentSize : 64 <-- 47.938686 s

maxsize : 64
nodes : 80729.000000
filtered : 32167486.000000
time : 47.938786
