Parameters: GAD=1 vflib=0 dir=0 label=0 lowerbound=1 fileNameGp=../instances/LV/g17 fileNameGt=../instances/largerGraphs/g66-normed
Reading graphs...
64 : 112
435 : 2520
Initializing...
maxdom : 435
D->valSize : 27840
Solving...
Blb : 2 (clique : 45)
currentSize : 45 <-- 13.412828 s
currentSize : 46 <-- 13.418267 s
currentSize : 47 <-- 13.444301 s
currentSize : 48 <-- 13.470168 s
currentSize : 49 <-- 17.961796 s
currentSize : 50 <-- 361.742584 s

TIMEOUT
maxsize : 50
nodes : 57902379.000000
filtered : 8448546126.000000
time : 1000.000061
