Parameters: GAD=1 vflib=0 dir=0 label=0 lowerbound=1 fileNameGp=../instances/LV/g17 fileNameGt=../instances/largerGraphs/g91
Reading graphs...
64 : 112
1446 : 3162
Initializing...
maxdom : 1446
D->valSize : 92544
Solving...
Blb : 2 (clique : 43)
currentSize : 43 <-- 184.781219 s
currentSize : 44 <-- 184.799149 s
currentSize : 45 <-- 184.813782 s
currentSize : 46 <-- 184.835678 s
currentSize : 47 <-- 187.101334 s
currentSize : 48 <-- 190.983292 s
currentSize : 49 <-- 193.548981 s
currentSize : 50 <-- 195.480087 s
currentSize : 51 <-- 707.911133 s

TIMEOUT
maxsize : 51
nodes : 3404816.000000
filtered : 4281244181.000000
time : 1000.000366
