Parameters: GAD=1 vflib=0 dir=0 label=0 lowerbound=1 fileNameGp=../instances/LV/g17 fileNameGt=../instances/largerGraphs/g88
Reading graphs...
64 : 112
1057 : 4028
Initializing...
maxdom : 1057
D->valSize : 67648
Solving...
Blb : 2 (clique : 47)
currentSize : 47 <-- 85.134323 s
currentSize : 48 <-- 85.147392 s
currentSize : 49 <-- 85.147728 s
currentSize : 50 <-- 85.167778 s
currentSize : 51 <-- 85.175819 s
currentSize : 52 <-- 87.288994 s
currentSize : 53 <-- 114.781952 s
currentSize : 54 <-- 115.056610 s
currentSize : 55 <-- 115.871536 s
currentSize : 56 <-- 122.172409 s
currentSize : 57 <-- 234.344757 s
currentSize : 58 <-- 237.256897 s
currentSize : 59 <-- 238.870300 s
currentSize : 60 <-- 239.105087 s
currentSize : 61 <-- 239.414230 s
currentSize : 62 <-- 246.386551 s
currentSize : 63 <-- 246.447739 s
currentSize : 64 <-- 246.543472 s

maxsize : 64
nodes : 4945543.000000
filtered : 1875486981.000000
time : 246.543610
