Parameters: GAD=1 vflib=0 dir=0 label=0 lowerbound=1 fileNameGp=../instances/LV/g17 fileNameGt=../instances/largerGraphs/g64
Reading graphs...
64 : 112
400 : 9960
Initializing...
maxdom : 400
D->valSize : 25600
Solving...
Blb : 2 (clique : 40)
currentSize : 40 <-- 11.329384 s
currentSize : 42 <-- 11.332949 s
currentSize : 43 <-- 11.333133 s
currentSize : 44 <-- 11.333532 s
currentSize : 45 <-- 11.334241 s
currentSize : 46 <-- 11.641103 s
currentSize : 47 <-- 12.461133 s

TIMEOUT
maxsize : 47
nodes : 148221526.000000
filtered : 6207485422.000000
time : 1000.000061
