Parameters: GAD=1 vflib=0 dir=0 label=0 lowerbound=1 fileNameGp=../instances/LV/g17 fileNameGt=../instances/largerGraphs/g84
Reading graphs...
64 : 112
1024 : 61440
Initializing...
maxdom : 1024
D->valSize : 65536
Solving...
Blb : 2 (clique : 43)
currentSize : 43 <-- 96.392502 s
currentSize : 45 <-- 96.408546 s
currentSize : 46 <-- 98.057701 s
currentSize : 47 <-- 98.059837 s
currentSize : 48 <-- 98.065941 s
currentSize : 49 <-- 819.937744 s
currentSize : 50 <-- 841.280334 s

TIMEOUT
maxsize : 50
nodes : 181258382.000000
filtered : 2862675675.000000
time : 1000.001648
