Parameters: GAD=1 vflib=0 dir=0 label=0 lowerbound=1 fileNameGp=../instances/LV/g17 fileNameGt=../instances/largerGraphs/g94
Reading graphs...
64 : 112
1860 : 5590
Initializing...
maxdom : 1860
D->valSize : 119040
Solving...
Blb : 2 (clique : 48)
currentSize : 48 <-- 509.251495 s
currentSize : 49 <-- 509.275909 s
currentSize : 50 <-- 509.302582 s
currentSize : 51 <-- 509.422638 s
currentSize : 52 <-- 510.521057 s
currentSize : 53 <-- 511.085693 s

TIMEOUT
maxsize : 53
nodes : 7014586.000000
filtered : 5489222244.000000
time : 1000.000122
