Parameters: GAD=1 vflib=0 dir=0 label=0 lowerbound=1 fileNameGp=../instances/LV/g18 fileNameGt=../instances/largerGraphs/g87
Reading graphs...
64 : 128
1057 : 3561
Initializing...
maxdom : 1057
D->valSize : 67648
Solving...
Blb : 2 (clique : 44)
currentSize : 44 <-- 101.477348 s
currentSize : 45 <-- 101.490028 s
currentSize : 46 <-- 101.498383 s
currentSize : 47 <-- 101.843552 s
currentSize : 48 <-- 134.092148 s
currentSize : 49 <-- 492.374237 s

TIMEOUT
maxsize : 49
nodes : 14992777.000000
filtered : 8600604437.000000
time : 1000.000183
