Parameters: GAD=1 vflib=0 dir=0 label=0 lowerbound=1 fileNameGp=../instances/LV/g18 fileNameGt=../instances/LV/g19
Reading graphs...
64 : 128
64 : 168
Initializing...
maxdom : 64
D->valSize : 4096
Solving...
Blb : 2 (clique : 33)
currentSize : 33 <-- 0.233201 s
currentSize : 34 <-- 0.233825 s
currentSize : 35 <-- 0.234124 s
currentSize : 36 <-- 1.219769 s
currentSize : 37 <-- 1.223227 s
currentSize : 38 <-- 4.748305 s

TIMEOUT
maxsize : 38
nodes : 105377907.000000
filtered : 5297448247.000000
time : 1000.000000
