Parameters: GAD=1 vflib=0 dir=0 label=0 lowerbound=1 fileNameGp=../instances/LV/g18 fileNameGt=../instances/largerGraphs/g88
Reading graphs...
64 : 128
1057 : 4028
Initializing...
maxdom : 1057
D->valSize : 67648
Solving...
Blb : 2 (clique : 40)
currentSize : 40 <-- 99.291138 s
currentSize : 41 <-- 99.302864 s
currentSize : 42 <-- 99.325005 s
currentSize : 43 <-- 99.329292 s
currentSize : 44 <-- 99.737793 s
currentSize : 45 <-- 163.183807 s
currentSize : 46 <-- 241.826965 s

TIMEOUT
maxsize : 46
nodes : 16328428.000000
filtered : 11295523708.000000
time : 1000.000122
