Parameters: GAD=1 vflib=0 dir=0 label=0 lowerbound=1 fileNameGp=../instances/LV/g18 fileNameGt=../instances/LV/g42
Reading graphs...
64 : 128
128 : 508
Initializing...
maxdom : 128
D->valSize : 8192
Solving...
Blb : 2 (clique : 34)
currentSize : 34 <-- 1.112405 s
currentSize : 35 <-- 1.113683 s
currentSize : 36 <-- 1.113851 s
currentSize : 37 <-- 1.114571 s
currentSize : 38 <-- 1.115475 s
currentSize : 39 <-- 1.138430 s

TIMEOUT
maxsize : 39
nodes : 139755933.000000
filtered : 8270431415.000000
time : 1000.000061
