Parameters: GAD=1 vflib=0 dir=0 label=0 lowerbound=1 fileNameGp=../instances/LV/g18 fileNameGt=../instances/largerGraphs/g64
Reading graphs...
64 : 128
400 : 9960
Initializing...
maxdom : 400
D->valSize : 25600
Solving...
Blb : 2 (clique : 36)
currentSize : 36 <-- 10.728394 s
currentSize : 37 <-- 10.731793 s
currentSize : 38 <-- 10.734560 s
currentSize : 39 <-- 10.736203 s
currentSize : 40 <-- 11.094087 s
currentSize : 41 <-- 11.123143 s
currentSize : 42 <-- 11.564538 s
currentSize : 43 <-- 11.595386 s

TIMEOUT
maxsize : 43
nodes : 130678645.000000
filtered : 6813850155.000000
time : 1000.000122
