Parameters: GAD=1 vflib=0 dir=0 label=0 lowerbound=1 fileNameGp=../instances/LV/g18 fileNameGt=../instances/largerGraphs/g55
Reading graphs...
64 : 128
256 : 962
Initializing...
maxdom : 256
D->valSize : 16384
Solving...
Blb : 2 (clique : 40)
currentSize : 40 <-- 4.637931 s
currentSize : 41 <-- 4.640777 s
currentSize : 42 <-- 4.641867 s
currentSize : 43 <-- 4.650278 s
currentSize : 44 <-- 4.790869 s
currentSize : 45 <-- 20.086672 s

TIMEOUT
maxsize : 45
nodes : 106126782.000000
filtered : 7939097798.000000
time : 1000.000061
