Parameters: GAD=1 vflib=0 dir=0 label=0 lowerbound=1 fileNameGp=../instances/LV/g18 fileNameGt=../instances/LV/g31
Reading graphs...
64 : 128
100 : 1000
Initializing...
maxdom : 100
D->valSize : 6400
Solving...
Blb : 2 (clique : 22)
currentSize : 22 <-- 0.562316 s
currentSize : 23 <-- 0.562982 s
currentSize : 24 <-- 0.566398 s
currentSize : 25 <-- 0.573726 s
currentSize : 26 <-- 0.588012 s
currentSize : 27 <-- 1.553608 s

TIMEOUT
maxsize : 27
nodes : 86592922.000000
filtered : 6406932169.000000
time : 1000.000061
