Parameters: GAD=1 vflib=0 dir=0 label=0 lowerbound=1 fileNameGp=../instances/LV/g18 fileNameGt=../instances/largerGraphs/g94
Reading graphs...
64 : 128
1860 : 5590
Initializing...
maxdom : 1860
D->valSize : 119040
Solving...
Blb : 2 (clique : 43)
currentSize : 43 <-- 665.183350 s
currentSize : 47 <-- 665.206543 s
currentSize : 48 <-- 665.208252 s
currentSize : 49 <-- 665.254456 s
currentSize : 50 <-- 673.125183 s
currentSize : 51 <-- 950.044067 s

TIMEOUT
maxsize : 51
nodes : 3515597.000000
filtered : 3788996720.000000
time : 1000.001770
