Parameters: GAD=1 vflib=0 dir=0 label=0 lowerbound=1 fileNameGp=../instances/LV/g19 fileNameGt=../instances/largerGraphs/g56
Reading graphs...
64 : 168
256 : 1000
Initializing...
maxdom : 256
D->valSize : 16384
Solving...
Blb : 5 (clique : 39)
currentSize : 39 <-- 4.313961 s
currentSize : 40 <-- 4.316153 s
currentSize : 41 <-- 4.316937 s
currentSize : 42 <-- 4.322872 s
currentSize : 43 <-- 4.700765 s
currentSize : 44 <-- 7.474915 s
currentSize : 45 <-- 11.671332 s
currentSize : 46 <-- 615.833801 s

TIMEOUT
maxsize : 46
nodes : 63740072.000000
filtered : 7227867270.000000
time : 1000.000061
