Parameters: GAD=1 vflib=0 dir=0 label=0 lowerbound=1 fileNameGp=../instances/LV/g19 fileNameGt=../instances/LV/g45
Reading graphs...
64 : 168
128 : 885
Initializing...
maxdom : 128
D->valSize : 8192
Solving...
Blb : 2 (clique : 34)
currentSize : 34 <-- 0.988691 s
currentSize : 35 <-- 1.714026 s
currentSize : 36 <-- 1.715899 s
currentSize : 37 <-- 1.746111 s
currentSize : 38 <-- 16.444946 s
currentSize : 39 <-- 117.387833 s

TIMEOUT
maxsize : 39
nodes : 157639054.000000
filtered : 7451754667.000000
time : 1000.000061
