Parameters: GAD=1 vflib=0 dir=0 label=0 lowerbound=1 fileNameGp=../instances/LV/g19 fileNameGt=../instances/largerGraphs/g59-normed
Reading graphs...
64 : 168
280 : 387
Initializing...
maxdom : 280
D->valSize : 17920
Solving...
Blb : 2 (clique : 32)
currentSize : 32 <-- 5.237573 s
currentSize : 33 <-- 5.240008 s
currentSize : 34 <-- 5.246184 s
currentSize : 35 <-- 5.253292 s
currentSize : 36 <-- 5.263151 s
currentSize : 37 <-- 91.068039 s

TIMEOUT
maxsize : 37
nodes : 42222989.000000
filtered : 8206746924.000000
time : 1000.000061
