Parameters: GAD=1 vflib=0 dir=0 label=0 lowerbound=1 fileNameGp=../instances/LV/g19 fileNameGt=../instances/LV/g41
Reading graphs...
64 : 168
128 : 368
Initializing...
maxdom : 128
D->valSize : 8192
Solving...
Blb : 2 (clique : 35)
currentSize : 35 <-- 1.031779 s
currentSize : 36 <-- 1.043232 s
currentSize : 37 <-- 1.050531 s
currentSize : 38 <-- 1.054535 s
currentSize : 39 <-- 1.055523 s
currentSize : 40 <-- 54.242882 s
currentSize : 41 <-- 323.337769 s

TIMEOUT
maxsize : 41
nodes : 110359952.000000
filtered : 8956269401.000000
time : 1000.000061
