Parameters: GAD=1 vflib=0 dir=0 label=0 lowerbound=1 fileNameGp=../instances/LV/g19 fileNameGt=../instances/largerGraphs/g55
Reading graphs...
64 : 168
256 : 962
Initializing...
maxdom : 256
D->valSize : 16384
Solving...
Blb : 2 (clique : 37)
currentSize : 37 <-- 4.346242 s
currentSize : 38 <-- 4.349820 s
currentSize : 39 <-- 4.356000 s
currentSize : 40 <-- 4.362849 s
currentSize : 41 <-- 4.366505 s
currentSize : 42 <-- 5.343220 s
currentSize : 43 <-- 5.604131 s
currentSize : 44 <-- 6.729312 s
currentSize : 45 <-- 19.488396 s
currentSize : 46 <-- 264.059570 s
currentSize : 47 <-- 283.882935 s

TIMEOUT
maxsize : 47
nodes : 49444903.000000
filtered : 7877825643.000000
time : 1000.000061
