Parameters: GAD=1 vflib=0 dir=0 label=0 lowerbound=1 fileNameGp=../instances/LV/g19 fileNameGt=../instances/largerGraphs/g93-normed
Reading graphs...
64 : 168
1800 : 209000
Initializing...
maxdom : 1800
D->valSize : 115200
Solving...
Blb : 2 (clique : 44)
currentSize : 44 <-- 340.729797 s
currentSize : 45 <-- 340.741547 s
currentSize : 46 <-- 340.742554 s
currentSize : 47 <-- 340.744873 s
currentSize : 48 <-- 340.772095 s
currentSize : 49 <-- 340.988037 s
currentSize : 50 <-- 369.068787 s

TIMEOUT
maxsize : 50
nodes : 58230717.000000
filtered : 3239070555.000000
time : 1000.000122
