Parameters: GAD=1 vflib=0 dir=0 label=0 lowerbound=1 fileNameGp=../instances/LV/g19 fileNameGt=../instances/largerGraphs/g78
Reading graphs...
64 : 168
627 : 3545
Initializing...
maxdom : 627
D->valSize : 40128
Solving...
Blb : 2 (clique : 40)
currentSize : 40 <-- 30.599497 s
currentSize : 41 <-- 30.605980 s
currentSize : 42 <-- 30.608734 s
currentSize : 43 <-- 30.618420 s
currentSize : 44 <-- 30.620584 s
currentSize : 45 <-- 31.298132 s
currentSize : 46 <-- 55.113941 s

TIMEOUT
maxsize : 46
nodes : 17605149.000000
filtered : 9193689697.000000
time : 1000.000122
