Parameters: GAD=1 vflib=0 dir=0 label=0 lowerbound=1 fileNameGp=../instances/LV/g19 fileNameGt=../instances/LV/g48
Reading graphs...
64 : 168
128 : 1000
Initializing...
maxdom : 128
D->valSize : 8192
Solving...
Blb : 5 (clique : 31)
currentSize : 31 <-- 1.028786 s
currentSize : 32 <-- 1.029713 s
currentSize : 33 <-- 1.029770 s
currentSize : 34 <-- 1.029986 s
currentSize : 35 <-- 1.123272 s
currentSize : 36 <-- 1.560417 s
currentSize : 37 <-- 3.156369 s
currentSize : 38 <-- 59.965130 s
currentSize : 39 <-- 366.192200 s

TIMEOUT
maxsize : 39
nodes : 144530407.000000
filtered : 5056460759.000000
time : 1000.000000
