Parameters: GAD=1 vflib=0 dir=0 label=0 lowerbound=1 fileNameGp=../instances/LV/g20 fileNameGt=../instances/largerGraphs/g64
Reading graphs...
64 : 728
400 : 9960
Initializing...
maxdom : 400
D->valSize : 25600
Solving...
Blb : 2 (clique : 14)
currentSize : 14 <-- 9.396404 s
currentSize : 15 <-- 9.404064 s
currentSize : 16 <-- 9.404134 s
currentSize : 17 <-- 9.800128 s
currentSize : 18 <-- 10.428102 s
currentSize : 19 <-- 451.777283 s

TIMEOUT
maxsize : 19
nodes : 78591044.000000
filtered : 14178187006.000000
time : 1000.000000
