Parameters: GAD=1 vflib=0 dir=0 label=0 lowerbound=1 fileNameGp=../instances/LV/g21 fileNameGt=../instances/largerGraphs/g72
Reading graphs...
64 : 1848
561 : 147
Initializing...
maxdom : 561
D->valSize : 35904
Solving...
Blb : 2 (clique : 4)
currentSize : 4 <-- 7.434757 s
currentSize : 5 <-- 7.436071 s
currentSize : 6 <-- 7.436336 s
currentSize : 7 <-- 11.044460 s
currentSize : 8 <-- 11.052211 s
currentSize : 9 <-- 11.140921 s

maxsize : 9
nodes : 31976592.000000
filtered : 3761746237.000000
time : 288.390167
