Parameters: GAD=1 vflib=0 dir=0 label=0 lowerbound=1 fileNameGp=../instances/LV/g22 fileNameGt=../instances/largerGraphs/g72
Reading graphs...
67 : 224
561 : 147
Initializing...
maxdom : 561
D->valSize : 37587
Solving...
Blb : 2 (clique : 24)
currentSize : 24 <-- 25.236898 s
currentSize : 25 <-- 25.241753 s
currentSize : 26 <-- 25.258665 s
currentSize : 27 <-- 43.659908 s
currentSize : 28 <-- 90.625519 s
currentSize : 29 <-- 90.714455 s
currentSize : 30 <-- 325.840454 s

TIMEOUT
maxsize : 30
nodes : 11390963.000000
filtered : 20417366579.000000
time : 1000.000122
