Parameters: GAD=1 vflib=0 dir=0 label=0 lowerbound=1 fileNameGp=../instances/LV/g22 fileNameGt=../instances/LV/g30
Reading graphs...
67 : 224
100 : 899
Initializing...
maxdom : 100
D->valSize : 6700
Solving...
Blb : 2 (clique : 22)
currentSize : 22 <-- 0.649085 s
currentSize : 23 <-- 0.702016 s
currentSize : 25 <-- 0.702781 s
currentSize : 26 <-- 0.797574 s
currentSize : 27 <-- 1.178186 s
currentSize : 28 <-- 6.547854 s

TIMEOUT
maxsize : 28
nodes : 110250292.000000
filtered : 5048765262.000000
time : 1000.000000
