Parameters: GAD=1 vflib=0 dir=0 label=0 lowerbound=1 fileNameGp=../instances/LV/g22 fileNameGt=../instances/LV/g43
Reading graphs...
67 : 224
128 : 824
Initializing...
maxdom : 128
D->valSize : 8576
Solving...
Blb : 2 (clique : 29)
currentSize : 29 <-- 1.103147 s
currentSize : 31 <-- 1.104225 s
currentSize : 32 <-- 1.104552 s
currentSize : 33 <-- 1.104872 s
currentSize : 34 <-- 1.105644 s
currentSize : 35 <-- 3.791824 s
currentSize : 36 <-- 49.843945 s
currentSize : 37 <-- 277.500031 s
currentSize : 38 <-- 593.298950 s

TIMEOUT
maxsize : 38
nodes : 210661766.000000
filtered : 5577698439.000000
time : 1000.000000
