Parameters: GAD=1 vflib=0 dir=0 label=0 lowerbound=1 fileNameGp=../instances/LV/g22 fileNameGt=../instances/LV/g40
Reading graphs...
67 : 224
121 : 3600
Initializing...
maxdom : 121
D->valSize : 8107
Solving...
Blb : 2 (clique : 10)
currentSize : 10 <-- 0.741179 s
currentSize : 11 <-- 0.741756 s
currentSize : 12 <-- 0.741843 s
currentSize : 13 <-- 0.741944 s
currentSize : 14 <-- 0.742104 s
currentSize : 15 <-- 1.173907 s
currentSize : 16 <-- 25.152147 s
currentSize : 17 <-- 25.236795 s
currentSize : 19 <-- 523.691589 s

TIMEOUT
maxsize : 19
nodes : 164980315.000000
filtered : 8661161597.000000
time : 1000.000061
