Parameters: GAD=1 vflib=0 dir=0 label=0 lowerbound=1 fileNameGp=../instances/LV/g23 fileNameGt=../instances/LV/g40
Reading graphs...
73 : 283
121 : 3600
Initializing...
maxdom : 121
D->valSize : 8833
Solving...
Blb : 3 (clique : 13)
currentSize : 13 <-- 0.924914 s
currentSize : 14 <-- 0.942043 s
currentSize : 15 <-- 0.944118 s
currentSize : 16 <-- 1.032527 s
currentSize : 17 <-- 1.263653 s
currentSize : 18 <-- 1.394886 s
currentSize : 19 <-- 63.254650 s
currentSize : 20 <-- 449.831573 s

TIMEOUT
maxsize : 20
nodes : 177869509.000000
filtered : 7480953609.000000
time : 1000.000000
