Parameters: GAD=1 vflib=0 dir=0 label=0 lowerbound=1 fileNameGp=../instances/LV/g24 fileNameGt=../instances/largerGraphs/g76
Reading graphs...
75 : 67
610 : 35465
Initializing...
maxdom : 610
D->valSize : 45750
Solving...
Blb : 5 (clique : 55)
currentSize : 55 <-- 37.208782 s
currentSize : 56 <-- 37.215199 s
currentSize : 57 <-- 37.248241 s
currentSize : 58 <-- 37.281517 s
currentSize : 59 <-- 37.324200 s
currentSize : 60 <-- 37.380005 s
currentSize : 61 <-- 37.435471 s

TIMEOUT
maxsize : 61
nodes : 32454129.000000
filtered : 6449672345.000000
time : 1000.000122
