Parameters: GAD=1 vflib=0 dir=0 label=0 lowerbound=1 fileNameGp=../instances/LV/g24 fileNameGt=../instances/largerGraphs/g60-normed
Reading graphs...
75 : 67
280 : 1073
Initializing...
maxdom : 280
D->valSize : 21000
Solving...
Blb : 5 (clique : 57)
currentSize : 57 <-- 7.924593 s
currentSize : 58 <-- 7.929538 s
currentSize : 59 <-- 8.057854 s
currentSize : 60 <-- 8.191802 s
currentSize : 61 <-- 8.305913 s
currentSize : 62 <-- 8.380248 s
currentSize : 63 <-- 8.503288 s

TIMEOUT
maxsize : 63
nodes : 11287677.000000
filtered : 6810198163.000000
time : 1000.000061
