Parameters: GAD=1 vflib=0 dir=0 label=0 lowerbound=1 fileNameGp=../instances/LV/g24 fileNameGt=../instances/largerGraphs/g73-normed
Reading graphs...
75 : 67
561 : 1628
Initializing...
maxdom : 561
D->valSize : 42075
Solving...
Blb : 5 (clique : 58)
currentSize : 58 <-- 33.838665 s
currentSize : 59 <-- 33.855068 s
currentSize : 60 <-- 34.704159 s
currentSize : 61 <-- 35.111568 s
currentSize : 62 <-- 35.837456 s
currentSize : 63 <-- 36.649059 s
currentSize : 64 <-- 37.219669 s
currentSize : 65 <-- 38.201855 s
currentSize : 66 <-- 39.258095 s
currentSize : 67 <-- 40.294956 s
currentSize : 68 <-- 41.335445 s
currentSize : 69 <-- 42.356361 s
currentSize : 70 <-- 44.066936 s
currentSize : 71 <-- 44.981731 s
currentSize : 72 <-- 45.769039 s
currentSize : 73 <-- 46.688457 s
currentSize : 74 <-- 47.467293 s
currentSize : 75 <-- 50.026585 s

maxsize : 75
nodes : 193870.000000
filtered : 45742910.000000
time : 50.026745
