Parameters: GAD=1 vflib=0 dir=0 label=0 lowerbound=1 fileNameGp=../instances/LV/g24 fileNameGt=../instances/largerGraphs/g91
Reading graphs...
75 : 67
1446 : 3162
Initializing...
maxdom : 1446
D->valSize : 108450
Solving...
Blb : 3 (clique : 58)
currentSize : 58 <-- 386.722534 s
currentSize : 59 <-- 386.746948 s
currentSize : 60 <-- 393.400970 s
currentSize : 61 <-- 399.961151 s
currentSize : 62 <-- 406.637177 s
currentSize : 63 <-- 412.875275 s
currentSize : 64 <-- 426.364319 s

TIMEOUT
maxsize : 64
nodes : 1521405.000000
filtered : 1544315717.000000
time : 1000.048279
