Parameters: GAD=1 vflib=0 dir=0 label=0 lowerbound=1 fileNameGp=../instances/LV/g26 fileNameGt=../instances/LV/g40
Reading graphs...
80 : 254
121 : 3600
Initializing...
maxdom : 121
D->valSize : 9680
Solving...
Blb : 3 (clique : 10)
currentSize : 10 <-- 1.130338 s
currentSize : 11 <-- 1.131493 s
currentSize : 12 <-- 1.136626 s
currentSize : 13 <-- 1.140731 s
currentSize : 14 <-- 1.143558 s
currentSize : 15 <-- 1.451613 s
currentSize : 16 <-- 1.454725 s
currentSize : 17 <-- 1.458066 s
currentSize : 19 <-- 495.746002 s

TIMEOUT
maxsize : 19
nodes : 124775514.000000
filtered : 10703301616.000000
time : 1000.000061
