Parameters: GAD=1 vflib=0 dir=0 label=0 lowerbound=1 fileNameGp=../instances/LV/g29 fileNameGt=../instances/largerGraphs/g54
Reading graphs...
100 : 906
256 : 941
Initializing...
maxdom : 256
D->valSize : 25600
Solving...
Blb : 2 (clique : 26)
currentSize : 26 <-- 10.728254 s
currentSize : 27 <-- 10.730453 s
currentSize : 28 <-- 10.730556 s
currentSize : 29 <-- 10.739618 s
currentSize : 30 <-- 10.770534 s
currentSize : 31 <-- 19.610661 s
currentSize : 32 <-- 22.676373 s

TIMEOUT
maxsize : 32
nodes : 71195767.000000
filtered : 10165374533.000000
time : 1000.000122
