Parameters: GAD=1 vflib=0 dir=0 label=0 lowerbound=1 fileNameGp=../instances/LV/g29 fileNameGt=../instances/largerGraphs/g68
Reading graphs...
100 : 906
462 : 6930
Initializing...
maxdom : 462
D->valSize : 46200
Solving...
Blb : 2 (clique : 28)
currentSize : 28 <-- 37.782986 s
currentSize : 29 <-- 37.793823 s
currentSize : 30 <-- 37.801212 s
currentSize : 31 <-- 37.803886 s
currentSize : 32 <-- 44.561348 s
currentSize : 33 <-- 57.001125 s
currentSize : 34 <-- 253.503983 s

TIMEOUT
maxsize : 34
nodes : 55854743.000000
filtered : 9754769933.000000
time : 1000.000061
