Parameters: GAD=1 vflib=0 dir=0 label=0 lowerbound=1 fileNameGp=../instances/LV/g29 fileNameGt=../instances/largerGraphs/g85
Reading graphs...
100 : 906
1050 : 1574
Initializing...
maxdom : 1050
D->valSize : 105000
Solving...
Blb : 2 (clique : 24)
currentSize : 24 <-- 265.922516 s
currentSize : 25 <-- 265.932343 s
currentSize : 26 <-- 265.960541 s
currentSize : 27 <-- 269.380188 s
currentSize : 28 <-- 274.621490 s
currentSize : 29 <-- 364.573517 s

TIMEOUT
maxsize : 29
nodes : 6022474.000000
filtered : 10752523813.000000
time : 1000.000305
