Parameters: GAD=1 vflib=0 dir=0 label=0 lowerbound=1 fileNameGp=../instances/LV/g29 fileNameGt=../instances/LV/g45
Reading graphs...
100 : 906
128 : 885
Initializing...
maxdom : 128
D->valSize : 12800
Solving...
Blb : 2 (clique : 25)
currentSize : 25 <-- 2.412239 s
currentSize : 26 <-- 2.413398 s
currentSize : 27 <-- 2.413667 s
currentSize : 28 <-- 2.414924 s
currentSize : 29 <-- 2.417670 s
currentSize : 30 <-- 3.701298 s
currentSize : 31 <-- 44.640057 s
currentSize : 32 <-- 988.879700 s

TIMEOUT
maxsize : 32
nodes : 129736104.000000
filtered : 4839586300.000000
time : 1000.000061
