Parameters: GAD=1 vflib=0 dir=0 label=0 lowerbound=1 fileNameGp=../instances/LV/g29 fileNameGt=../instances/LV/g31
Reading graphs...
100 : 906
100 : 1000
Initializing...
maxdom : 100
D->valSize : 10000
Solving...
Blb : 2 (clique : 21)
currentSize : 21 <-- 1.412195 s
currentSize : 23 <-- 1.413049 s
currentSize : 24 <-- 1.414914 s
currentSize : 25 <-- 1.450150 s
currentSize : 26 <-- 2.529651 s
currentSize : 27 <-- 328.696167 s

TIMEOUT
maxsize : 27
nodes : 166804851.000000
filtered : 1794244739.000000
time : 1000.000061
