Parameters: GAD=1 vflib=0 dir=0 label=0 lowerbound=1 fileNameGp=../instances/LV/g29 fileNameGt=../instances/largerGraphs/g86-normed
Reading graphs...
100 : 906
1050 : 1574
Initializing...
maxdom : 1050
D->valSize : 105000
Solving...
Blb : 2 (clique : 24)
currentSize : 24 <-- 274.433533 s
currentSize : 25 <-- 274.443756 s
currentSize : 26 <-- 274.472900 s
currentSize : 27 <-- 278.018097 s
currentSize : 28 <-- 283.505737 s
currentSize : 29 <-- 375.654755 s

TIMEOUT
maxsize : 29
nodes : 5992062.000000
filtered : 10595568933.000000
time : 1000.000244
