Parameters: GAD=1 vflib=0 dir=0 label=0 lowerbound=1 fileNameGp=../instances/LV/g3 fileNameGt=../instances/largerGraphs/g73-normed
Reading graphs...
10 : 15
561 : 1628
Initializing...
maxdom : 561
D->valSize : 5610
Solving...
Blb : 2 (clique : 5)
currentSize : 5 <-- 0.350346 s
currentSize : 6 <-- 0.350624 s
currentSize : 7 <-- 0.350753 s
currentSize : 8 <-- 0.350973 s
currentSize : 9 <-- 0.373147 s

maxsize : 9
nodes : 224220.000000
filtered : 61005857.000000
time : 3.177682
