Parameters: GAD=1 vflib=0 dir=0 label=0 lowerbound=1 fileNameGp=../instances/LV/g30 fileNameGt=../instances/LV/g44
Reading graphs...
100 : 899
128 : 892
Initializing...
maxdom : 128
D->valSize : 12800
Solving...
Blb : 2 (clique : 25)
currentSize : 25 <-- 2.530824 s
currentSize : 26 <-- 2.532119 s
currentSize : 27 <-- 2.532599 s
currentSize : 28 <-- 2.532835 s
currentSize : 29 <-- 2.548429 s
currentSize : 30 <-- 7.875549 s
currentSize : 31 <-- 11.049807 s
currentSize : 32 <-- 25.771984 s
currentSize : 33 <-- 606.316833 s

TIMEOUT
maxsize : 33
nodes : 127559493.000000
filtered : 4851682932.000000
time : 1000.000061
