Parameters: GAD=1 vflib=0 dir=0 label=0 lowerbound=1 fileNameGp=../instances/LV/g30 fileNameGt=../instances/largerGraphs/g59-normed
Reading graphs...
100 : 899
280 : 387
Initializing...
maxdom : 280
D->valSize : 28000
Solving...
Blb : 2 (clique : 22)
currentSize : 22 <-- 12.820800 s
currentSize : 23 <-- 12.823234 s
currentSize : 24 <-- 12.826427 s
currentSize : 25 <-- 12.829278 s
currentSize : 26 <-- 12.835382 s
currentSize : 27 <-- 12.840930 s
currentSize : 28 <-- 12.918261 s
currentSize : 29 <-- 17.883352 s
currentSize : 30 <-- 96.615982 s

TIMEOUT
maxsize : 30
nodes : 44092109.000000
filtered : 13792227992.000000
time : 1000.000061
