Parameters: GAD=1 vflib=0 dir=0 label=0 lowerbound=1 fileNameGp=../instances/LV/g30 fileNameGt=../instances/largerGraphs/g85
Reading graphs...
100 : 899
1050 : 1574
Initializing...
maxdom : 1050
D->valSize : 105000
Solving...
Blb : 2 (clique : 24)
currentSize : 24 <-- 224.014725 s
currentSize : 25 <-- 224.025024 s
currentSize : 26 <-- 224.056427 s
currentSize : 27 <-- 227.632004 s
currentSize : 28 <-- 233.139420 s
currentSize : 29 <-- 363.442535 s

TIMEOUT
maxsize : 29
nodes : 6587157.000000
filtered : 10307129414.000000
time : 1000.000183
