Parameters: GAD=1 vflib=0 dir=0 label=0 lowerbound=1 fileNameGp=../instances/LV/g30 fileNameGt=../instances/LV/g45
Reading graphs...
100 : 899
128 : 885
Initializing...
maxdom : 128
D->valSize : 12800
Solving...
Blb : 2 (clique : 26)
currentSize : 26 <-- 2.539028 s
currentSize : 27 <-- 2.540421 s
currentSize : 28 <-- 2.541008 s
currentSize : 29 <-- 2.542071 s
currentSize : 30 <-- 2.544013 s
currentSize : 31 <-- 4.249522 s

TIMEOUT
maxsize : 31
nodes : 132724713.000000
filtered : 4766803299.000000
time : 1000.000061
