Parameters: GAD=1 vflib=0 dir=0 label=0 lowerbound=1 fileNameGp=../instances/LV/g30 fileNameGt=../instances/largerGraphs/g66-normed
Reading graphs...
100 : 899
435 : 2520
Initializing...
maxdom : 435
D->valSize : 43500
Solving...
Blb : 2 (clique : 27)
currentSize : 27 <-- 43.544079 s
currentSize : 28 <-- 43.547691 s
currentSize : 29 <-- 43.548119 s
currentSize : 30 <-- 44.972095 s
currentSize : 31 <-- 46.742828 s
currentSize : 32 <-- 751.566345 s

TIMEOUT
maxsize : 32
nodes : 94683960.000000
filtered : 9785740057.000000
time : 1000.000061
