Parameters: GAD=1 vflib=0 dir=0 label=0 lowerbound=1 fileNameGp=../instances/LV/g30 fileNameGt=../instances/largerGraphs/g86-normed
Reading graphs...
100 : 899
1050 : 1574
Initializing...
maxdom : 1050
D->valSize : 105000
Solving...
Blb : 2 (clique : 24)
currentSize : 24 <-- 224.310730 s
currentSize : 25 <-- 224.320663 s
currentSize : 26 <-- 224.348999 s
currentSize : 27 <-- 227.780411 s
currentSize : 28 <-- 233.052811 s
currentSize : 29 <-- 357.093292 s

TIMEOUT
maxsize : 29
nodes : 6773321.000000
filtered : 11114928269.000000
time : 1000.000183
