Parameters: GAD=1 vflib=0 dir=0 label=0 lowerbound=1 fileNameGp=../instances/LV/g30 fileNameGt=../instances/largerGraphs/g73-normed
Reading graphs...
100 : 899
561 : 1628
Initializing...
maxdom : 561
D->valSize : 56100
Solving...
Blb : 2 (clique : 22)
currentSize : 22 <-- 56.444481 s
currentSize : 24 <-- 56.448978 s
currentSize : 25 <-- 56.450272 s
currentSize : 26 <-- 56.774471 s
currentSize : 27 <-- 336.736786 s
currentSize : 28 <-- 407.779083 s

TIMEOUT
maxsize : 28
nodes : 39448120.000000
filtered : 12831457341.000000
time : 1000.000061
