Parameters: GAD=1 vflib=0 dir=0 label=0 lowerbound=1 fileNameGp=../instances/LV/g31 fileNameGt=../instances/largerGraphs/g64
Reading graphs...
100 : 1000
400 : 9960
Initializing...
maxdom : 400
D->valSize : 40000
Solving...
Blb : 2 (clique : 22)
currentSize : 22 <-- 25.134127 s
currentSize : 23 <-- 25.137690 s
currentSize : 24 <-- 27.651497 s
currentSize : 25 <-- 28.308016 s
currentSize : 26 <-- 50.942703 s
currentSize : 27 <-- 136.233917 s
currentSize : 28 <-- 327.475006 s

TIMEOUT
maxsize : 28
nodes : 102014269.000000
filtered : 8001979344.000000
time : 1000.000061
