Parameters: GAD=1 vflib=0 dir=0 label=0 lowerbound=1 fileNameGp=../instances/LV/g31 fileNameGt=../instances/largerGraphs/g62
Reading graphs...
100 : 1000
377 : 962
Initializing...
maxdom : 377
D->valSize : 37700
Solving...
Blb : 2 (clique : 22)
currentSize : 22 <-- 23.254360 s
currentSize : 23 <-- 23.257244 s
currentSize : 24 <-- 23.260204 s
currentSize : 25 <-- 23.505363 s
currentSize : 26 <-- 23.507063 s
currentSize : 27 <-- 259.819031 s
currentSize : 28 <-- 263.190979 s

TIMEOUT
maxsize : 28
nodes : 67336942.000000
filtered : 10793196812.000000
time : 1000.000061
