Parameters: GAD=1 vflib=0 dir=0 label=0 lowerbound=1 fileNameGp=../instances/LV/g31 fileNameGt=../instances/largerGraphs/g88
Reading graphs...
100 : 1000
1057 : 4028
Initializing...
maxdom : 1057
D->valSize : 105700
Solving...
Blb : 2 (clique : 24)
currentSize : 24 <-- 215.992859 s
currentSize : 25 <-- 216.000366 s
currentSize : 26 <-- 216.042252 s
currentSize : 27 <-- 216.070908 s
currentSize : 28 <-- 216.125488 s
currentSize : 29 <-- 268.843445 s

TIMEOUT
maxsize : 29
nodes : 32631404.000000
filtered : 11504491687.000000
time : 1000.000061
