Parameters: GAD=1 vflib=0 dir=0 label=0 lowerbound=1 fileNameGp=../instances/LV/g31 fileNameGt=../instances/largerGraphs/g60-normed
Reading graphs...
100 : 1000
280 : 1073
Initializing...
maxdom : 280
D->valSize : 28000
Solving...
Blb : 2 (clique : 23)
currentSize : 23 <-- 12.728329 s
currentSize : 24 <-- 12.734397 s
currentSize : 25 <-- 12.742640 s
currentSize : 26 <-- 12.755988 s
currentSize : 27 <-- 16.658081 s
currentSize : 28 <-- 23.117800 s

TIMEOUT
maxsize : 28
nodes : 50820359.000000
filtered : 11401439336.000000
time : 1000.000000
