Parameters: GAD=1 vflib=0 dir=0 label=0 lowerbound=1 fileNameGp=../instances/LV/g31 fileNameGt=../instances/LV/g40
Reading graphs...
100 : 1000
121 : 3600
Initializing...
maxdom : 121
D->valSize : 12100
Solving...
Blb : 2 (clique : 11)
currentSize : 11 <-- 1.695400 s
currentSize : 12 <-- 1.696189 s
currentSize : 13 <-- 1.696539 s
currentSize : 14 <-- 1.696699 s
currentSize : 15 <-- 198.796722 s
currentSize : 16 <-- 198.797516 s

TIMEOUT
maxsize : 16
nodes : 164628280.000000
filtered : 3400108977.000000
time : 1000.000000
