Parameters: GAD=1 vflib=0 dir=0 label=0 lowerbound=1 fileNameGp=../instances/LV/g31 fileNameGt=../instances/largerGraphs/g56
Reading graphs...
100 : 1000
256 : 1000
Initializing...
maxdom : 256
D->valSize : 25600
Solving...
Blb : 2 (clique : 23)
currentSize : 23 <-- 10.312962 s
currentSize : 24 <-- 10.701022 s
currentSize : 25 <-- 11.194518 s
currentSize : 26 <-- 11.232832 s
currentSize : 27 <-- 18.050436 s
currentSize : 28 <-- 25.393433 s
currentSize : 29 <-- 74.111488 s

TIMEOUT
maxsize : 29
nodes : 98403406.000000
filtered : 7816070411.000000
time : 1000.000061
