Parameters: GAD=1 vflib=0 dir=0 label=0 lowerbound=1 fileNameGp=../instances/LV/g31 fileNameGt=../instances/largerGraphs/g59-normed
Reading graphs...
100 : 1000
280 : 387
Initializing...
maxdom : 280
D->valSize : 28000
Solving...
Blb : 2 (clique : 22)
currentSize : 22 <-- 12.728450 s
currentSize : 23 <-- 12.731024 s
currentSize : 24 <-- 12.796693 s
currentSize : 25 <-- 12.874675 s
currentSize : 26 <-- 12.915179 s
currentSize : 27 <-- 20.480070 s
currentSize : 28 <-- 144.152725 s

TIMEOUT
maxsize : 28
nodes : 35374554.000000
filtered : 13575020794.000000
time : 1000.000061
