Parameters: GAD=1 vflib=0 dir=0 label=0 lowerbound=1 fileNameGp=../instances/LV/g31 fileNameGt=../instances/largerGraphs/g81
Reading graphs...
100 : 1000
1010 : 5994
Initializing...
maxdom : 1010
D->valSize : 101000
Solving...
Blb : 2 (clique : 24)
currentSize : 24 <-- 231.646210 s
currentSize : 25 <-- 231.758652 s
currentSize : 26 <-- 231.801895 s
currentSize : 27 <-- 232.290573 s
currentSize : 28 <-- 241.519623 s
currentSize : 29 <-- 244.236694 s
currentSize : 30 <-- 486.846069 s

TIMEOUT
maxsize : 30
nodes : 26766064.000000
filtered : 8689771669.000000
time : 1000.000061
