Parameters: GAD=1 vflib=0 dir=0 label=0 lowerbound=1 fileNameGp=../instances/LV/g31 fileNameGt=../instances/largerGraphs/g52
Reading graphs...
100 : 1000
161 : 356
Initializing...
maxdom : 161
D->valSize : 16100
Solving...
Blb : 2 (clique : 21)
currentSize : 21 <-- 4.079185 s
currentSize : 22 <-- 4.080668 s
currentSize : 23 <-- 4.102097 s
currentSize : 24 <-- 4.135465 s
currentSize : 25 <-- 4.172411 s
currentSize : 26 <-- 15.939655 s
currentSize : 27 <-- 16.069174 s

TIMEOUT
maxsize : 27
nodes : 67899353.000000
filtered : 11668271810.000000
time : 1000.000061
