Parameters: GAD=1 vflib=0 dir=0 label=0 lowerbound=1 fileNameGp=../instances/LV/g33 fileNameGt=../instances/largerGraphs/g69
Reading graphs...
101 : 297
500 : 1479
Initializing...
maxdom : 500
D->valSize : 50500
Solving...
Blb : 2 (clique : 56)
currentSize : 56 <-- 53.924576 s
currentSize : 58 <-- 53.937057 s
currentSize : 59 <-- 53.942657 s
currentSize : 60 <-- 53.948418 s
currentSize : 61 <-- 53.983341 s
currentSize : 62 <-- 103.848610 s

TIMEOUT
maxsize : 62
nodes : 18674220.000000
filtered : 11601433968.000000
time : 1000.000122
