Parameters: GAD=1 vflib=0 dir=0 label=0 lowerbound=1 fileNameGp=../instances/LV/g33 fileNameGt=../instances/largerGraphs/g84
Reading graphs...
101 : 297
1024 : 61440
Initializing...
maxdom : 1024
D->valSize : 103424
Solving...
Blb : 2 (clique : 44)
currentSize : 44 <-- 283.304657 s
currentSize : 46 <-- 283.316864 s
currentSize : 47 <-- 283.368835 s
currentSize : 48 <-- 283.961212 s
currentSize : 49 <-- 289.665955 s
currentSize : 50 <-- 418.915863 s
currentSize : 51 <-- 495.643799 s
currentSize : 52 <-- 730.719116 s

TIMEOUT
maxsize : 52
nodes : 82771334.000000
filtered : 2833871053.000000
time : 1000.000122
