Parameters: GAD=1 vflib=0 dir=0 label=0 lowerbound=1 fileNameGp=../instances/LV/g33 fileNameGt=../instances/largerGraphs/g75
Reading graphs...
101 : 297
610 : 7438
Initializing...
maxdom : 610
D->valSize : 61610
Solving...
Blb : 2 (clique : 40)
currentSize : 40 <-- 73.184166 s
currentSize : 41 <-- 73.193329 s
currentSize : 43 <-- 73.200287 s
currentSize : 44 <-- 73.216370 s
currentSize : 45 <-- 73.235062 s
currentSize : 46 <-- 73.355125 s

TIMEOUT
maxsize : 46
nodes : 37109394.000000
filtered : 20008928481.000000
time : 1000.000061
