Parameters: GAD=1 vflib=0 dir=0 label=0 lowerbound=1 fileNameGp=../instances/LV/g34 fileNameGt=../instances/LV/g45
Reading graphs...
120 : 240
128 : 885
Initializing...
maxdom : 128
D->valSize : 15360
Solving...
Blb : 2 (clique : 48)
currentSize : 48 <-- 3.950166 s
currentSize : 51 <-- 3.952998 s
currentSize : 52 <-- 3.956586 s
currentSize : 53 <-- 3.962645 s
currentSize : 54 <-- 3.968277 s
currentSize : 55 <-- 3.987326 s
currentSize : 56 <-- 4.144964 s
currentSize : 57 <-- 5.481531 s
currentSize : 58 <-- 6.770971 s

TIMEOUT
maxsize : 58
nodes : 118075404.000000
filtered : 3725989252.000000
time : 1000.000122
