Parameters: GAD=1 vflib=0 dir=0 label=0 lowerbound=1 fileNameGp=../instances/LV/g34 fileNameGt=../instances/largerGraphs/g65
Reading graphs...
120 : 240
435 : 2520
Initializing...
maxdom : 435
D->valSize : 52200
Solving...
Blb : 2 (clique : 73)
currentSize : 73 <-- 72.542305 s
currentSize : 76 <-- 72.554939 s
currentSize : 77 <-- 72.559547 s
currentSize : 78 <-- 72.648102 s
currentSize : 79 <-- 133.187119 s
currentSize : 80 <-- 142.261673 s
currentSize : 81 <-- 231.082672 s

TIMEOUT
maxsize : 81
nodes : 75323401.000000
filtered : 5126434868.000000
time : 1000.000122
