Parameters: GAD=1 vflib=0 dir=0 label=0 lowerbound=1 fileNameGp=../instances/LV/g34 fileNameGt=../instances/largerGraphs/g78
Reading graphs...
120 : 240
627 : 3545
Initializing...
maxdom : 627
D->valSize : 75240
Solving...
Blb : 2 (clique : 81)
currentSize : 81 <-- 112.846016 s
currentSize : 82 <-- 112.868263 s
currentSize : 83 <-- 112.870056 s
currentSize : 84 <-- 112.870338 s
currentSize : 85 <-- 112.871819 s
currentSize : 86 <-- 116.992744 s
currentSize : 87 <-- 165.611450 s

TIMEOUT
maxsize : 87
nodes : 19710797.000000
filtered : 6108868901.000000
time : 1000.000183
