Parameters: GAD=1 vflib=0 dir=0 label=0 lowerbound=1 fileNameGp=../instances/LV/g34 fileNameGt=../instances/largerGraphs/g71
Reading graphs...
120 : 240
501 : 1497
Initializing...
maxdom : 501
D->valSize : 60120
Solving...
Blb : 2 (clique : 65)
currentSize : 65 <-- 82.312386 s
currentSize : 66 <-- 82.328651 s
currentSize : 67 <-- 82.345177 s
currentSize : 68 <-- 82.392494 s
currentSize : 69 <-- 83.597054 s
currentSize : 70 <-- 92.175217 s
currentSize : 71 <-- 138.554123 s

TIMEOUT
maxsize : 71
nodes : 17375088.000000
filtered : 6446779995.000000
time : 1000.000183
