Parameters: GAD=1 vflib=0 dir=0 label=0 lowerbound=1 fileNameGp=../instances/LV/g34 fileNameGt=../instances/largerGraphs/g88
Reading graphs...
120 : 240
1057 : 4028
Initializing...
maxdom : 1057
D->valSize : 126840
Solving...
Blb : 2 (clique : 74)
currentSize : 74 <-- 653.883911 s
currentSize : 77 <-- 653.920105 s
currentSize : 78 <-- 654.068481 s
currentSize : 79 <-- 677.429504 s
currentSize : 80 <-- 677.463318 s
currentSize : 81 <-- 714.793762 s

TIMEOUT
maxsize : 81
nodes : 7467215.000000
filtered : 3576653127.000000
time : 1000.000183
