Parameters: GAD=1 vflib=0 dir=0 label=0 lowerbound=1 fileNameGp=../instances/LV/g34 fileNameGt=../instances/largerGraphs/g55
Reading graphs...
120 : 240
256 : 962
Initializing...
maxdom : 256
D->valSize : 30720
Solving...
Blb : 2 (clique : 71)
currentSize : 71 <-- 16.972441 s
currentSize : 72 <-- 16.979761 s
currentSize : 73 <-- 16.980318 s
currentSize : 74 <-- 16.980703 s
currentSize : 75 <-- 44.993389 s
currentSize : 76 <-- 72.050636 s

TIMEOUT
maxsize : 76
nodes : 96016702.000000
filtered : 4975551321.000000
time : 1000.000122
