Parameters: GAD=1 vflib=0 dir=0 label=0 lowerbound=1 fileNameGp=../instances/LV/g34 fileNameGt=../instances/LV/g44
Reading graphs...
120 : 240
128 : 892
Initializing...
maxdom : 128
D->valSize : 15360
Solving...
Blb : 2 (clique : 49)
currentSize : 49 <-- 3.939197 s
currentSize : 51 <-- 3.941650 s
currentSize : 52 <-- 3.943408 s
currentSize : 54 <-- 3.946218 s
currentSize : 55 <-- 4.047477 s
currentSize : 56 <-- 4.050966 s

TIMEOUT
maxsize : 56
nodes : 126482414.000000
filtered : 3376786240.000000
time : 1000.000061
