Parameters: GAD=1 vflib=0 dir=0 label=0 lowerbound=1 fileNameGp=../instances/LV/g34 fileNameGt=../instances/largerGraphs/g83
Reading graphs...
120 : 240
1024 : 5120
Initializing...
maxdom : 1024
D->valSize : 122880
Solving...
Blb : 2 (clique : 86)
currentSize : 86 <-- 437.881073 s
currentSize : 88 <-- 437.919556 s
currentSize : 89 <-- 437.922760 s
currentSize : 90 <-- 445.417236 s
currentSize : 91 <-- 455.548218 s
currentSize : 92 <-- 609.146240 s

TIMEOUT
maxsize : 92
nodes : 19095058.000000
filtered : 6470585210.000000
time : 1000.000305
