Parameters: GAD=1 vflib=0 dir=0 label=0 lowerbound=1 fileNameGp=../instances/LV/g34 fileNameGt=../instances/largerGraphs/g68
Reading graphs...
120 : 240
462 : 6930
Initializing...
maxdom : 462
D->valSize : 55440
Solving...
Blb : 2 (clique : 63)
currentSize : 63 <-- 78.940895 s
currentSize : 64 <-- 78.951637 s
currentSize : 65 <-- 78.952698 s
currentSize : 66 <-- 78.954803 s
currentSize : 67 <-- 78.963112 s
currentSize : 68 <-- 78.964287 s
currentSize : 69 <-- 78.968239 s
currentSize : 70 <-- 80.171249 s
currentSize : 71 <-- 115.716522 s
currentSize : 72 <-- 206.511459 s
currentSize : 73 <-- 452.471649 s

TIMEOUT
maxsize : 73
nodes : 70520422.000000
filtered : 4027475954.000000
time : 1000.000122
