Parameters: GAD=1 vflib=0 dir=0 label=0 lowerbound=1 fileNameGp=../instances/LV/g35 fileNameGt=../instances/largerGraphs/g69
Reading graphs...
120 : 317
500 : 1479
Initializing...
maxdom : 500
D->valSize : 60000
Solving...
Blb : 5 (clique : 61)
currentSize : 61 <-- 88.665939 s
currentSize : 62 <-- 88.681519 s
currentSize : 63 <-- 88.713860 s
currentSize : 64 <-- 110.201515 s
currentSize : 65 <-- 187.072998 s
currentSize : 66 <-- 540.193176 s

TIMEOUT
maxsize : 66
nodes : 31038823.000000
filtered : 8440616424.000000
time : 1000.000122
