Parameters: GAD=1 vflib=0 dir=0 label=0 lowerbound=1 fileNameGp=../instances/LV/g36 fileNameGt=../instances/largerGraphs/g59-normed
Reading graphs...
120 : 321
280 : 387
Initializing...
maxdom : 280
D->valSize : 33600
Solving...
Blb : 2 (clique : 49)
currentSize : 49 <-- 20.947504 s
currentSize : 50 <-- 20.954683 s
currentSize : 51 <-- 20.972210 s
currentSize : 52 <-- 20.995975 s
currentSize : 53 <-- 21.070700 s
currentSize : 54 <-- 23.874918 s
currentSize : 55 <-- 125.823669 s
currentSize : 56 <-- 126.169884 s

TIMEOUT
maxsize : 56
nodes : 26318882.000000
filtered : 10416324613.000000
time : 1000.000122
