Parameters: GAD=1 vflib=0 dir=0 label=0 lowerbound=1 fileNameGp=../instances/LV/g36 fileNameGt=../instances/LV/g46
Reading graphs...
120 : 321
128 : 938
Initializing...
maxdom : 128
D->valSize : 15360
Solving...
Blb : 2 (clique : 37)
currentSize : 37 <-- 3.860436 s
currentSize : 38 <-- 4.401534 s
currentSize : 39 <-- 4.735038 s
currentSize : 40 <-- 6.668068 s
currentSize : 41 <-- 25.339802 s
currentSize : 42 <-- 155.893005 s

TIMEOUT
maxsize : 42
nodes : 66185608.000000
filtered : 2362906742.000000
time : 1000.000061
