Parameters: GAD=1 vflib=0 dir=0 label=0 lowerbound=1 fileNameGp=../instances/LV/g36 fileNameGt=../instances/largerGraphs/g68
Reading graphs...
120 : 321
462 : 6930
Initializing...
maxdom : 462
D->valSize : 55440
Solving...
Blb : 2 (clique : 59)
currentSize : 59 <-- 77.903084 s
currentSize : 63 <-- 77.912788 s
currentSize : 64 <-- 77.914726 s
currentSize : 65 <-- 77.915985 s
currentSize : 66 <-- 79.781982 s
currentSize : 67 <-- 219.025543 s

TIMEOUT
maxsize : 67
nodes : 92675945.000000
filtered : 3952317726.000000
time : 1000.000122
