Parameters: GAD=1 vflib=0 dir=0 label=0 lowerbound=1 fileNameGp=../instances/LV/g36 fileNameGt=../instances/LV/g43
Reading graphs...
120 : 321
128 : 824
Initializing...
maxdom : 128
D->valSize : 15360
Solving...
Blb : 2 (clique : 41)
currentSize : 41 <-- 3.899016 s
currentSize : 42 <-- 3.902566 s
currentSize : 43 <-- 3.905955 s
currentSize : 44 <-- 4.838551 s
currentSize : 45 <-- 61.931000 s
currentSize : 46 <-- 118.263123 s

TIMEOUT
maxsize : 46
nodes : 108420869.000000
filtered : 5342560152.000000
time : 1000.000061
