Parameters: GAD=1 vflib=0 dir=0 label=0 lowerbound=1 fileNameGp=../instances/LV/g37 fileNameGt=../instances/LV/g40
Reading graphs...
120 : 638
121 : 3600
Initializing...
maxdom : 121
D->valSize : 14520
Solving...
Blb : 5 (clique : 13)
currentSize : 13 <-- 2.566916 s
currentSize : 14 <-- 2.655051 s
currentSize : 15 <-- 2.908683 s
currentSize : 16 <-- 15.249003 s
currentSize : 17 <-- 34.963474 s
currentSize : 18 <-- 89.215233 s
currentSize : 19 <-- 288.228058 s

TIMEOUT
maxsize : 19
nodes : 99217121.000000
filtered : 9412335841.000000
time : 1000.000000
