Parameters: GAD=1 vflib=0 dir=0 label=0 lowerbound=1 fileNameGp=../instances/LV/g37 fileNameGt=../instances/LV/g50
Reading graphs...
120 : 638
128 : 3216
Initializing...
maxdom : 128
D->valSize : 15360
Solving...
Blb : 2 (clique : 20)
currentSize : 20 <-- 3.093945 s
currentSize : 21 <-- 3.095503 s
currentSize : 22 <-- 4.140194 s
currentSize : 23 <-- 4.236866 s
currentSize : 24 <-- 7.716431 s
currentSize : 25 <-- 69.646309 s
currentSize : 26 <-- 625.360291 s

TIMEOUT
maxsize : 26
nodes : 82005534.000000
filtered : 13037681071.000000
time : 1000.000000
