Parameters: GAD=1 vflib=0 dir=0 label=0 lowerbound=1 fileNameGp=../instances/LV/g38 fileNameGt=../instances/largerGraphs/g72
Reading graphs...
121 : 210
561 : 147
Initializing...
maxdom : 561
D->valSize : 67881
Solving...
Blb : 2 (clique : 94)
currentSize : 94 <-- 92.729324 s
currentSize : 96 <-- 92.756691 s
currentSize : 97 <-- 100.848610 s
currentSize : 98 <-- 108.863487 s
currentSize : 100 <-- 127.594017 s
currentSize : 101 <-- 137.385345 s
currentSize : 102 <-- 155.844574 s
currentSize : 104 <-- 171.635376 s
currentSize : 106 <-- 187.215668 s

TIMEOUT
maxsize : 106
nodes : 2202363.000000
filtered : 4714603071.000000
time : 1000.000732
