Parameters: GAD=1 vflib=0 dir=0 label=0 lowerbound=1 fileNameGp=../instances/LV/g38 fileNameGt=../instances/largerGraphs/g74
Reading graphs...
121 : 210
585 : 1228
Initializing...
maxdom : 585
D->valSize : 70785
Solving...
Blb : 2 (clique : 100)
currentSize : 100 <-- 99.352577 s
currentSize : 102 <-- 99.369865 s
currentSize : 103 <-- 99.615601 s
currentSize : 104 <-- 99.884705 s
currentSize : 105 <-- 100.238243 s
currentSize : 106 <-- 100.482170 s

TIMEOUT
maxsize : 106
nodes : 4438790.000000
filtered : 7259325028.000000
time : 1000.000305
