Parameters: GAD=1 vflib=0 dir=0 label=0 lowerbound=1 fileNameGp=../instances/LV/g38 fileNameGt=../instances/largerGraphs/g71
Reading graphs...
121 : 210
501 : 1497
Initializing...
maxdom : 501
D->valSize : 60621
Solving...
Blb : 2 (clique : 97)
currentSize : 97 <-- 75.991539 s
currentSize : 98 <-- 77.047470 s
currentSize : 100 <-- 94.899582 s
currentSize : 101 <-- 99.482117 s
currentSize : 103 <-- 104.235291 s
currentSize : 104 <-- 108.710503 s
currentSize : 105 <-- 112.817307 s
currentSize : 106 <-- 840.170166 s

TIMEOUT
maxsize : 106
nodes : 2680417.000000
filtered : 4269717443.000000
time : 1000.000549
