Parameters: GAD=1 vflib=0 dir=0 label=0 lowerbound=1 fileNameGp=../instances/LV/g39 fileNameGt=../instances/largerGraphs/g69
Reading graphs...
121 : 320
500 : 1479
Initializing...
maxdom : 500
D->valSize : 60500
Solving...
Blb : 2 (clique : 80)
currentSize : 80 <-- 72.835777 s
currentSize : 82 <-- 72.857513 s
currentSize : 83 <-- 72.861534 s
currentSize : 84 <-- 75.181000 s
currentSize : 85 <-- 81.357819 s
currentSize : 86 <-- 184.727783 s
currentSize : 87 <-- 402.169556 s
currentSize : 88 <-- 462.427002 s

TIMEOUT
maxsize : 88
nodes : 19125045.000000
filtered : 7025632412.000000
time : 1000.000244
