Parameters: GAD=1 vflib=0 dir=0 label=0 lowerbound=1 fileNameGp=../instances/LV/g39 fileNameGt=../instances/LV/g41
Reading graphs...
121 : 320
128 : 368
Initializing...
maxdom : 128
D->valSize : 15488
Solving...
Blb : 2 (clique : 71)
currentSize : 71 <-- 3.949216 s
currentSize : 74 <-- 3.953699 s
currentSize : 75 <-- 3.953717 s
currentSize : 76 <-- 3.953822 s
currentSize : 77 <-- 3.955778 s
currentSize : 78 <-- 3.955975 s
currentSize : 79 <-- 4.326201 s

TIMEOUT
maxsize : 79
nodes : 113683846.000000
filtered : 4686869166.000000
time : 1000.000122
