Parameters: GAD=1 vflib=0 dir=0 label=0 lowerbound=1 fileNameGp=../instances/LV/g39 fileNameGt=../instances/largerGraphs/g53
Reading graphs...
121 : 320
168 : 836
Initializing...
maxdom : 168
D->valSize : 20328
Solving...
Blb : 2 (clique : 63)
currentSize : 63 <-- 6.970152 s
currentSize : 64 <-- 6.975312 s
currentSize : 65 <-- 6.982602 s
currentSize : 66 <-- 7.124563 s
currentSize : 67 <-- 7.124926 s
currentSize : 68 <-- 974.049194 s

TIMEOUT
maxsize : 68
nodes : 86438238.000000
filtered : 5166068846.000000
time : 1000.000061
