Parameters: GAD=1 vflib=0 dir=0 label=0 lowerbound=1 fileNameGp=../instances/LV/g40 fileNameGt=../instances/largerGraphs/g51
Reading graphs...
121 : 3600
138 : 493
Initializing...
maxdom : 138
D->valSize : 16698
Solving...
Blb : 5 (clique : 12)
currentSize : 12 <-- 3.274547 s
currentSize : 13 <-- 3.284729 s
currentSize : 14 <-- 3.308160 s
currentSize : 15 <-- 3.321161 s
currentSize : 16 <-- 3.540438 s
currentSize : 18 <-- 121.134445 s

TIMEOUT
maxsize : 18
nodes : 122558068.000000
filtered : 9810960779.000000
time : 1000.000000
