Parameters: GAD=1 vflib=0 dir=0 label=0 lowerbound=1 fileNameGp=../instances/LV/g40 fileNameGt=../instances/largerGraphs/g60-normed
Reading graphs...
121 : 3600
280 : 1073
Initializing...
maxdom : 280
D->valSize : 33880
Solving...
Blb : 2 (clique : 13)
currentSize : 13 <-- 14.119413 s
currentSize : 14 <-- 14.121210 s
currentSize : 17 <-- 14.121982 s
currentSize : 18 <-- 14.365166 s
currentSize : 19 <-- 17.258053 s
currentSize : 20 <-- 18.277832 s
currentSize : 21 <-- 521.594788 s

TIMEOUT
maxsize : 21
nodes : 50159920.000000
filtered : 19364481339.000000
time : 1000.000000
