Parameters: GAD=1 vflib=0 dir=0 label=0 lowerbound=1 fileNameGp=../instances/LV/g40 fileNameGt=../instances/largerGraphs/g59-normed
Reading graphs...
121 : 3600
280 : 387
Initializing...
maxdom : 280
D->valSize : 33880
Solving...
Blb : 3 (clique : 12)
currentSize : 12 <-- 14.706674 s
currentSize : 13 <-- 14.709393 s
currentSize : 14 <-- 14.721496 s
currentSize : 15 <-- 15.024475 s
currentSize : 16 <-- 22.396204 s
currentSize : 17 <-- 181.108505 s
currentSize : 18 <-- 438.038940 s
currentSize : 19 <-- 576.338196 s

TIMEOUT
maxsize : 19
nodes : 60520197.000000
filtered : 18673643129.000000
time : 1000.000061
