Parameters: GAD=1 vflib=0 dir=0 label=0 lowerbound=1 fileNameGp=../instances/LV/g41 fileNameGt=../instances/LV/g42
Reading graphs...
128 : 368
128 : 508
Initializing...
maxdom : 128
D->valSize : 16384
Solving...
Blb : 2 (clique : 55)
currentSize : 55 <-- 4.622437 s
currentSize : 56 <-- 4.764080 s
currentSize : 57 <-- 7.362695 s
currentSize : 58 <-- 10.188894 s
currentSize : 59 <-- 163.160538 s
currentSize : 60 <-- 383.678741 s

TIMEOUT
maxsize : 60
nodes : 103957755.000000
filtered : 6139541972.000000
time : 1000.000061
