Parameters: GAD=1 vflib=0 dir=0 label=0 lowerbound=1 fileNameGp=../instances/LV/g41 fileNameGt=../instances/LV/g46
Reading graphs...
128 : 368
128 : 938
Initializing...
maxdom : 128
D->valSize : 16384
Solving...
Blb : 2 (clique : 35)
currentSize : 35 <-- 4.609499 s
currentSize : 36 <-- 4.612055 s
currentSize : 37 <-- 4.712081 s
currentSize : 38 <-- 4.953143 s
currentSize : 39 <-- 5.506786 s
currentSize : 40 <-- 7.901213 s

TIMEOUT
maxsize : 40
nodes : 140900667.000000
filtered : 2047158439.000000
time : 1000.000061
