Parameters: GAD=1 vflib=0 dir=0 label=0 lowerbound=1 fileNameGp=../instances/LV/g41 fileNameGt=../instances/largerGraphs/g61
Reading graphs...
128 : 368
331 : 930
Initializing...
maxdom : 331
D->valSize : 42368
Solving...
Blb : 2 (clique : 69)
currentSize : 69 <-- 34.781849 s
currentSize : 71 <-- 34.798512 s
currentSize : 72 <-- 34.923080 s
currentSize : 73 <-- 37.015053 s
currentSize : 74 <-- 57.455433 s
currentSize : 75 <-- 873.605591 s

TIMEOUT
maxsize : 75
nodes : 35472516.000000
filtered : 10111166238.000000
time : 1000.000122
