Parameters: GAD=1 vflib=0 dir=0 label=0 lowerbound=1 fileNameGp=../instances/LV/g41 fileNameGt=../instances/largerGraphs/g68
Reading graphs...
128 : 368
462 : 6930
Initializing...
maxdom : 462
D->valSize : 59136
Solving...
Blb : 2 (clique : 64)
currentSize : 64 <-- 103.203751 s
currentSize : 68 <-- 103.216133 s
currentSize : 69 <-- 103.216270 s
currentSize : 70 <-- 103.366249 s
currentSize : 71 <-- 185.766785 s
currentSize : 72 <-- 714.115845 s
currentSize : 73 <-- 929.297302 s

TIMEOUT
maxsize : 73
nodes : 73791436.000000
filtered : 3377845795.000000
time : 1000.000122
