Parameters: GAD=1 vflib=0 dir=0 label=0 lowerbound=1 fileNameGp=../instances/LV/g41 fileNameGt=../instances/largerGraphs/g53
Reading graphs...
128 : 368
168 : 836
Initializing...
maxdom : 168
D->valSize : 21504
Solving...
Blb : 2 (clique : 60)
currentSize : 60 <-- 7.751068 s
currentSize : 61 <-- 7.755857 s
currentSize : 62 <-- 8.615134 s
currentSize : 63 <-- 417.244537 s
currentSize : 64 <-- 417.878265 s
currentSize : 65 <-- 530.435547 s

TIMEOUT
maxsize : 65
nodes : 104892112.000000
filtered : 3458474213.000000
time : 1000.000061
