Parameters: GAD=1 vflib=0 dir=0 label=0 lowerbound=1 fileNameGp=../instances/LV/g41 fileNameGt=../instances/largerGraphs/g54
Reading graphs...
128 : 368
256 : 941
Initializing...
maxdom : 256
D->valSize : 32768
Solving...
Blb : 2 (clique : 56)
currentSize : 56 <-- 20.271069 s
currentSize : 58 <-- 20.278244 s
currentSize : 59 <-- 20.280025 s
currentSize : 60 <-- 20.291355 s
currentSize : 61 <-- 134.749252 s
currentSize : 62 <-- 134.754669 s
currentSize : 63 <-- 134.841278 s
currentSize : 64 <-- 138.811066 s

TIMEOUT
maxsize : 64
nodes : 58571196.000000
filtered : 12878682508.000000
time : 1000.000122
