Parameters: GAD=1 vflib=0 dir=0 label=0 lowerbound=1 fileNameGp=../instances/LV/g42 fileNameGt=../instances/LV/g43
Reading graphs...
128 : 508
128 : 824
Initializing...
maxdom : 128
D->valSize : 16384
Solving...
Blb : 3 (clique : 54)
currentSize : 54 <-- 4.250491 s
currentSize : 56 <-- 4.254220 s
currentSize : 57 <-- 4.254369 s
currentSize : 58 <-- 4.254680 s
currentSize : 59 <-- 4.266355 s
currentSize : 60 <-- 4.368258 s

TIMEOUT
maxsize : 60
nodes : 151388236.000000
filtered : 4368438400.000000
time : 1000.000061
