Parameters: GAD=1 vflib=0 dir=0 label=0 lowerbound=1 fileNameGp=../instances/LV/g42 fileNameGt=../instances/LV/g49
Reading graphs...
128 : 508
128 : 1027
Initializing...
maxdom : 128
D->valSize : 16384
Solving...
Blb : 2 (clique : 42)
currentSize : 42 <-- 4.272616 s
currentSize : 43 <-- 4.275764 s
currentSize : 44 <-- 4.277459 s
currentSize : 45 <-- 4.280468 s
currentSize : 46 <-- 4.297147 s
currentSize : 47 <-- 4.307054 s
currentSize : 48 <-- 8.989533 s
currentSize : 49 <-- 9.465567 s
currentSize : 50 <-- 71.819595 s

TIMEOUT
maxsize : 50
nodes : 88433111.000000
filtered : 10042678407.000000
time : 1000.000061
