Parameters: GAD=1 vflib=0 dir=0 label=0 lowerbound=1 fileNameGp=../instances/LV/g44 fileNameGt=../instances/largerGraphs/g59-normed
Reading graphs...
128 : 892
280 : 387
Initializing...
maxdom : 280
D->valSize : 35840
Solving...
Blb : 2 (clique : 51)
currentSize : 51 <-- 22.914692 s
currentSize : 52 <-- 22.920835 s
currentSize : 53 <-- 22.994148 s
currentSize : 54 <-- 23.074223 s
currentSize : 55 <-- 23.167988 s
currentSize : 56 <-- 23.260307 s

TIMEOUT
maxsize : 56
nodes : 53933320.000000
filtered : 9009673363.000000
time : 1000.000061
