Parameters: GAD=1 vflib=0 dir=0 label=0 lowerbound=1 fileNameGp=../instances/LV/g45 fileNameGt=../instances/largerGraphs/g66-normed
Reading graphs...
128 : 885
435 : 2520
Initializing...
maxdom : 435
D->valSize : 55680
Solving...
Blb : 2 (clique : 58)
currentSize : 58 <-- 58.642834 s
currentSize : 59 <-- 58.651321 s
currentSize : 60 <-- 58.673531 s
currentSize : 61 <-- 61.190399 s
currentSize : 62 <-- 73.875107 s
currentSize : 63 <-- 84.919365 s

TIMEOUT
maxsize : 63
nodes : 41069298.000000
filtered : 4314445648.000000
time : 1000.000122
