Parameters: GAD=1 vflib=0 dir=0 label=0 lowerbound=1 fileNameGp=../instances/LV/g45 fileNameGt=../instances/largerGraphs/g54
Reading graphs...
128 : 885
256 : 941
Initializing...
maxdom : 256
D->valSize : 32768
Solving...
Blb : 2 (clique : 54)
currentSize : 54 <-- 18.437763 s
currentSize : 58 <-- 18.442633 s
currentSize : 59 <-- 18.571989 s
currentSize : 60 <-- 20.112452 s
currentSize : 61 <-- 28.525337 s
currentSize : 62 <-- 217.438461 s

TIMEOUT
maxsize : 62
nodes : 54936928.000000
filtered : 3499061535.000000
time : 1000.000061
