Parameters: GAD=1 vflib=0 dir=0 label=0 lowerbound=1 fileNameGp=../instances/LV/g45 fileNameGt=../instances/largerGraphs/g65
Reading graphs...
128 : 885
435 : 2520
Initializing...
maxdom : 435
D->valSize : 55680
Solving...
Blb : 2 (clique : 58)
currentSize : 58 <-- 58.648945 s
currentSize : 59 <-- 58.657398 s
currentSize : 60 <-- 58.679829 s
currentSize : 61 <-- 61.231483 s
currentSize : 62 <-- 74.022125 s
currentSize : 63 <-- 85.085480 s

TIMEOUT
maxsize : 63
nodes : 40755963.000000
filtered : 4285692242.000000
time : 1000.000122
