Parameters: GAD=1 vflib=0 dir=0 label=0 lowerbound=1 fileNameGp=../instances/LV/g45 fileNameGt=../instances/largerGraphs/g81
Reading graphs...
128 : 885
1010 : 5994
Initializing...
maxdom : 1010
D->valSize : 129280
Solving...
Blb : 2 (clique : 58)
currentSize : 58 <-- 606.643738 s
currentSize : 59 <-- 606.724731 s
currentSize : 60 <-- 607.229553 s
currentSize : 61 <-- 608.110413 s
currentSize : 62 <-- 608.688049 s
currentSize : 63 <-- 609.179810 s
currentSize : 64 <-- 655.120850 s

TIMEOUT
maxsize : 64
nodes : 2968298.000000
filtered : 1575553638.000000
time : 1000.008850
