Parameters: GAD=1 vflib=0 dir=0 label=0 lowerbound=1 fileNameGp=../instances/LV/g46 fileNameGt=../instances/largerGraphs/g59-normed
Reading graphs...
128 : 938
280 : 387
Initializing...
maxdom : 280
D->valSize : 35840
Solving...
Blb : 2 (clique : 31)
currentSize : 31 <-- 23.481567 s
currentSize : 32 <-- 23.485868 s
currentSize : 33 <-- 23.605284 s
currentSize : 34 <-- 23.972086 s
currentSize : 35 <-- 27.668510 s
currentSize : 36 <-- 147.450058 s
currentSize : 37 <-- 775.652710 s

TIMEOUT
maxsize : 37
nodes : 49618196.000000
filtered : 8023252270.000000
time : 1000.000061
