Parameters: GAD=1 vflib=0 dir=0 label=0 lowerbound=1 fileNameGp=../instances/LV/g46 fileNameGt=../instances/largerGraphs/g71
Reading graphs...
128 : 938
501 : 1497
Initializing...
maxdom : 501
D->valSize : 64128
Solving...
Blb : 2 (clique : 32)
currentSize : 32 <-- 124.617775 s
currentSize : 33 <-- 124.635773 s
currentSize : 35 <-- 124.713730 s
currentSize : 36 <-- 124.743057 s
currentSize : 37 <-- 136.906509 s
currentSize : 38 <-- 170.498169 s
currentSize : 39 <-- 710.944763 s

TIMEOUT
maxsize : 39
nodes : 16741121.000000
filtered : 8980367605.000000
time : 1000.000122
