Parameters: GAD=1 vflib=0 dir=0 label=0 lowerbound=1 fileNameGp=../instances/LV/g46 fileNameGt=../instances/largerGraphs/g69
Reading graphs...
128 : 938
500 : 1479
Initializing...
maxdom : 500
D->valSize : 64000
Solving...
Blb : 2 (clique : 31)
currentSize : 31 <-- 77.314232 s
currentSize : 32 <-- 77.320648 s
currentSize : 33 <-- 77.328888 s
currentSize : 34 <-- 77.364769 s
currentSize : 35 <-- 77.825539 s
currentSize : 36 <-- 77.877808 s
currentSize : 37 <-- 79.480865 s
currentSize : 38 <-- 80.445847 s

TIMEOUT
maxsize : 38
nodes : 19214680.000000
filtered : 8784422300.000000
time : 1000.000122
