Parameters: GAD=1 vflib=0 dir=0 label=0 lowerbound=1 fileNameGp=../instances/LV/g46 fileNameGt=../instances/largerGraphs/g60-normed
Reading graphs...
128 : 938
280 : 1073
Initializing...
maxdom : 280
D->valSize : 35840
Solving...
Blb : 5 (clique : 33)
currentSize : 33 <-- 22.557020 s
currentSize : 34 <-- 22.572512 s
currentSize : 35 <-- 22.634552 s
currentSize : 36 <-- 24.108730 s
currentSize : 37 <-- 25.357920 s
currentSize : 38 <-- 25.815563 s
currentSize : 39 <-- 92.646675 s

TIMEOUT
maxsize : 39
nodes : 35372764.000000
filtered : 8607260760.000000
time : 1000.000061
