Parameters: GAD=1 vflib=0 dir=0 label=0 lowerbound=1 fileNameGp=../instances/LV/g46 fileNameGt=../instances/largerGraphs/g56
Reading graphs...
128 : 938
256 : 1000
Initializing...
maxdom : 256
D->valSize : 32768
Solving...
Blb : 2 (clique : 36)
currentSize : 36 <-- 18.472284 s
currentSize : 37 <-- 18.493814 s
currentSize : 38 <-- 18.502604 s
currentSize : 39 <-- 20.642563 s
currentSize : 40 <-- 42.123184 s
currentSize : 41 <-- 61.923313 s

TIMEOUT
maxsize : 41
nodes : 88549155.000000
filtered : 6933872235.000000
time : 1000.000061
