Parameters: GAD=1 vflib=0 dir=0 label=0 lowerbound=1 fileNameGp=../instances/LV/g46 fileNameGt=../instances/largerGraphs/g61
Reading graphs...
128 : 938
331 : 930
Initializing...
maxdom : 331
D->valSize : 42368
Solving...
Blb : 2 (clique : 32)
currentSize : 32 <-- 31.818588 s
currentSize : 33 <-- 31.823189 s
currentSize : 34 <-- 31.844349 s
currentSize : 35 <-- 31.874489 s
currentSize : 36 <-- 32.617199 s
currentSize : 37 <-- 38.902020 s
currentSize : 38 <-- 39.413635 s
currentSize : 39 <-- 80.708519 s

TIMEOUT
maxsize : 39
nodes : 35202744.000000
filtered : 9052226756.000000
time : 1000.000061
