Parameters: GAD=1 vflib=0 dir=0 label=0 lowerbound=1 fileNameGp=../instances/LV/g46 fileNameGt=../instances/largerGraphs/g51
Reading graphs...
128 : 938
138 : 493
Initializing...
maxdom : 138
D->valSize : 17664
Solving...
Blb : 2 (clique : 28)
currentSize : 28 <-- 5.188470 s
currentSize : 31 <-- 5.190618 s
currentSize : 32 <-- 5.195619 s
currentSize : 33 <-- 5.200108 s
currentSize : 34 <-- 5.236943 s
currentSize : 35 <-- 5.661105 s
currentSize : 36 <-- 10.681557 s
currentSize : 37 <-- 106.691666 s

TIMEOUT
maxsize : 37
nodes : 54291518.000000
filtered : 8697546144.000000
time : 1000.000061
