Parameters: GAD=1 vflib=0 dir=0 label=0 lowerbound=1 fileNameGp=../instances/LV/g46 fileNameGt=../instances/largerGraphs/g54
Reading graphs...
128 : 938
256 : 941
Initializing...
maxdom : 256
D->valSize : 32768
Solving...
Blb : 2 (clique : 35)
currentSize : 35 <-- 19.688824 s
currentSize : 39 <-- 19.692621 s
currentSize : 41 <-- 19.697264 s
currentSize : 42 <-- 19.989985 s
currentSize : 43 <-- 39.663933 s
currentSize : 44 <-- 254.862625 s
currentSize : 45 <-- 383.669983 s

TIMEOUT
maxsize : 45
nodes : 87529508.000000
filtered : 5611091277.000000
time : 1000.000061
