Parameters: GAD=1 vflib=0 dir=0 label=0 lowerbound=1 fileNameGp=../instances/LV/g47 fileNameGt=../instances/LV/g48
Reading graphs...
128 : 936
128 : 1000
Initializing...
maxdom : 128
D->valSize : 16384
Solving...
Blb : 2 (clique : 32)
currentSize : 32 <-- 4.223917 s
currentSize : 33 <-- 4.227711 s
currentSize : 34 <-- 4.233077 s
currentSize : 35 <-- 4.243061 s
currentSize : 36 <-- 4.245412 s
currentSize : 37 <-- 4.357746 s
currentSize : 38 <-- 4.371502 s
currentSize : 39 <-- 128.731567 s
currentSize : 40 <-- 706.994019 s

TIMEOUT
maxsize : 40
nodes : 122628504.000000
filtered : 1951733829.000000
time : 1000.000061
