Parameters: GAD=1 vflib=0 dir=0 label=0 lowerbound=1 fileNameGp=../instances/LV/g47 fileNameGt=../instances/largerGraphs/g61
Reading graphs...
128 : 936
331 : 930
Initializing...
maxdom : 331
D->valSize : 42368
Solving...
Blb : 2 (clique : 32)
currentSize : 32 <-- 31.264576 s
currentSize : 33 <-- 31.271530 s
currentSize : 34 <-- 31.277809 s
currentSize : 35 <-- 31.279970 s
currentSize : 36 <-- 31.289328 s
currentSize : 37 <-- 31.351484 s
currentSize : 38 <-- 31.583071 s
currentSize : 39 <-- 36.558071 s
currentSize : 40 <-- 75.942528 s
currentSize : 41 <-- 204.257614 s

TIMEOUT
maxsize : 41
nodes : 27523424.000000
filtered : 7308671462.000000
time : 1000.000061
