Parameters: GAD=1 vflib=0 dir=0 label=0 lowerbound=1 fileNameGp=../instances/LV/g47 fileNameGt=../instances/largerGraphs/g76
Reading graphs...
128 : 936
610 : 35465
Initializing...
maxdom : 610
D->valSize : 78080
Solving...
Blb : 5 (clique : 34)
currentSize : 34 <-- 104.497070 s
currentSize : 35 <-- 104.518639 s
currentSize : 36 <-- 105.000374 s
currentSize : 37 <-- 119.047997 s
currentSize : 38 <-- 185.701767 s
currentSize : 39 <-- 204.422409 s
currentSize : 40 <-- 204.529053 s
currentSize : 41 <-- 229.011490 s

TIMEOUT
maxsize : 41
nodes : 61366713.000000
filtered : 7150995185.000000
time : 1000.000061
