Parameters: GAD=1 vflib=0 dir=0 label=0 lowerbound=1 fileNameGp=../instances/LV/g47 fileNameGt=../instances/largerGraphs/g66-normed
Reading graphs...
128 : 936
435 : 2520
Initializing...
maxdom : 435
D->valSize : 55680
Solving...
Blb : 2 (clique : 39)
currentSize : 39 <-- 62.176144 s
currentSize : 41 <-- 62.182384 s
currentSize : 42 <-- 62.183674 s
currentSize : 43 <-- 62.188129 s
currentSize : 44 <-- 62.371986 s
currentSize : 45 <-- 66.730392 s

TIMEOUT
maxsize : 45
nodes : 70553129.000000
filtered : 7915316300.000000
time : 1000.000061
