Parameters: GAD=1 vflib=0 dir=0 label=0 lowerbound=1 fileNameGp=../instances/LV/g47 fileNameGt=../instances/largerGraphs/g60-normed
Reading graphs...
128 : 936
280 : 1073
Initializing...
maxdom : 280
D->valSize : 35840
Solving...
Blb : 5 (clique : 30)
currentSize : 30 <-- 22.846785 s
currentSize : 33 <-- 22.850643 s
currentSize : 34 <-- 22.860949 s
currentSize : 35 <-- 22.865637 s
currentSize : 36 <-- 22.869911 s
currentSize : 37 <-- 22.874300 s
currentSize : 38 <-- 105.935394 s

TIMEOUT
maxsize : 38
nodes : 53561599.000000
filtered : 8599670349.000000
time : 1000.000061
