Parameters: GAD=1 vflib=0 dir=0 label=0 lowerbound=1 fileNameGp=../instances/LV/g47 fileNameGt=../instances/largerGraphs/g69
Reading graphs...
128 : 936
500 : 1479
Initializing...
maxdom : 500
D->valSize : 64000
Solving...
Blb : 2 (clique : 31)
currentSize : 31 <-- 79.872047 s
currentSize : 33 <-- 79.878456 s
currentSize : 34 <-- 79.914375 s
currentSize : 35 <-- 80.559616 s
currentSize : 36 <-- 80.573158 s
currentSize : 37 <-- 82.229744 s
currentSize : 38 <-- 85.020531 s

TIMEOUT
maxsize : 38
nodes : 19299444.000000
filtered : 8809063551.000000
time : 1000.000122
