Parameters: GAD=1 vflib=0 dir=0 label=0 lowerbound=1 fileNameGp=../instances/LV/g47 fileNameGt=../instances/largerGraphs/g59-normed
Reading graphs...
128 : 936
280 : 387
Initializing...
maxdom : 280
D->valSize : 35840
Solving...
Blb : 2 (clique : 31)
currentSize : 31 <-- 23.665421 s
currentSize : 32 <-- 23.669718 s
currentSize : 33 <-- 23.788651 s
currentSize : 34 <-- 24.154097 s
currentSize : 35 <-- 27.814846 s
currentSize : 36 <-- 148.343567 s
currentSize : 37 <-- 790.591675 s

TIMEOUT
maxsize : 37
nodes : 48862225.000000
filtered : 7872952008.000000
time : 1000.000061
