Parameters: GAD=1 vflib=0 dir=0 label=0 lowerbound=1 fileNameGp=../instances/LV/g47 fileNameGt=../instances/largerGraphs/g65
Reading graphs...
128 : 936
435 : 2520
Initializing...
maxdom : 435
D->valSize : 55680
Solving...
Blb : 2 (clique : 39)
currentSize : 39 <-- 56.031017 s
currentSize : 41 <-- 56.037148 s
currentSize : 42 <-- 56.038433 s
currentSize : 43 <-- 56.042831 s
currentSize : 44 <-- 56.221210 s
currentSize : 45 <-- 60.589096 s

TIMEOUT
maxsize : 45
nodes : 71624129.000000
filtered : 8031380185.000000
time : 1000.000061
