Parameters: GAD=1 vflib=0 dir=0 label=0 lowerbound=1 fileNameGp=../instances/LV/g47 fileNameGt=../instances/largerGraphs/g56
Reading graphs...
128 : 936
256 : 1000
Initializing...
maxdom : 256
D->valSize : 32768
Solving...
Blb : 2 (clique : 36)
currentSize : 36 <-- 18.685944 s
currentSize : 37 <-- 18.693213 s
currentSize : 38 <-- 18.693972 s
currentSize : 39 <-- 19.668650 s
currentSize : 40 <-- 20.976328 s
currentSize : 41 <-- 23.523050 s
currentSize : 42 <-- 63.698021 s

TIMEOUT
maxsize : 42
nodes : 78013831.000000
filtered : 6764988087.000000
time : 1000.000061
