Parameters: GAD=1 vflib=0 dir=0 label=0 lowerbound=1 fileNameGp=../instances/LV/g48 fileNameGt=../instances/largerGraphs/g54
Reading graphs...
128 : 1000
256 : 941
Initializing...
maxdom : 256
D->valSize : 32768
Solving...
Blb : 2 (clique : 36)
currentSize : 36 <-- 19.797253 s
currentSize : 37 <-- 19.811264 s
currentSize : 38 <-- 20.224052 s
currentSize : 39 <-- 925.631714 s
currentSize : 40 <-- 968.189758 s
currentSize : 41 <-- 968.959167 s

TIMEOUT
maxsize : 41
nodes : 85839070.000000
filtered : 9205393385.000000
time : 1000.000061
