Parameters: GAD=1 vflib=0 dir=0 label=0 lowerbound=1 fileNameGp=../instances/LV/g48 fileNameGt=../instances/largerGraphs/g61
Reading graphs...
128 : 1000
331 : 930
Initializing...
maxdom : 331
D->valSize : 42368
Solving...
Blb : 2 (clique : 29)
currentSize : 29 <-- 32.902782 s
currentSize : 31 <-- 32.907234 s
currentSize : 32 <-- 32.908985 s
currentSize : 33 <-- 33.189728 s
currentSize : 34 <-- 33.279568 s
currentSize : 35 <-- 37.367599 s
currentSize : 36 <-- 57.769077 s
currentSize : 37 <-- 124.209938 s
currentSize : 38 <-- 333.744446 s

TIMEOUT
maxsize : 38
nodes : 26762316.000000
filtered : 9046999467.000000
time : 1000.000061
