Parameters: GAD=1 vflib=0 dir=0 label=0 lowerbound=1 fileNameGp=../instances/LV/g48 fileNameGt=../instances/largerGraphs/g70
Reading graphs...
128 : 1000
501 : 756
Initializing...
maxdom : 501
D->valSize : 64128
Solving...
Blb : 2 (clique : 29)
currentSize : 29 <-- 83.488014 s
currentSize : 30 <-- 84.004158 s
currentSize : 31 <-- 84.553337 s
currentSize : 32 <-- 84.843307 s
currentSize : 33 <-- 114.648308 s
currentSize : 34 <-- 147.685410 s
currentSize : 35 <-- 272.049683 s

TIMEOUT
maxsize : 35
nodes : 15344634.000000
filtered : 11417769581.000000
time : 1000.000122
