Parameters: GAD=1 vflib=0 dir=0 label=0 lowerbound=1 fileNameGp=../instances/LV/g48 fileNameGt=../instances/largerGraphs/g82-normed
Reading graphs...
128 : 1000
1010 : 5994
Initializing...
maxdom : 1010
D->valSize : 129280
Solving...
Blb : 2 (clique : 35)
currentSize : 35 <-- 416.589722 s
currentSize : 36 <-- 416.601471 s
currentSize : 37 <-- 416.619598 s
currentSize : 38 <-- 416.636292 s
currentSize : 39 <-- 420.921112 s
currentSize : 40 <-- 702.763062 s

TIMEOUT
maxsize : 40
nodes : 26980129.000000
filtered : 3994032914.000000
time : 1000.000122
