Parameters: GAD=1 vflib=0 dir=0 label=0 lowerbound=1 fileNameGp=../instances/LV/g48 fileNameGt=../instances/largerGraphs/g78
Reading graphs...
128 : 1000
627 : 3545
Initializing...
maxdom : 627
D->valSize : 80256
Solving...
Blb : 2 (clique : 33)
currentSize : 33 <-- 114.900734 s
currentSize : 34 <-- 114.908249 s
currentSize : 35 <-- 114.921104 s
currentSize : 36 <-- 114.921303 s
currentSize : 37 <-- 115.460693 s
currentSize : 38 <-- 115.702843 s
currentSize : 39 <-- 135.835892 s
currentSize : 40 <-- 508.322113 s

TIMEOUT
maxsize : 40
nodes : 58382762.000000
filtered : 10181305406.000000
time : 1000.000061
