Parameters: GAD=1 vflib=0 dir=0 label=0 lowerbound=1 fileNameGp=../instances/LV/g48 fileNameGt=../instances/largerGraphs/g81
Reading graphs...
128 : 1000
1010 : 5994
Initializing...
maxdom : 1010
D->valSize : 129280
Solving...
Blb : 2 (clique : 35)
currentSize : 35 <-- 484.874878 s
currentSize : 36 <-- 484.886566 s
currentSize : 37 <-- 484.904510 s
currentSize : 38 <-- 484.922119 s
currentSize : 39 <-- 489.211212 s
currentSize : 40 <-- 770.812073 s

TIMEOUT
maxsize : 40
nodes : 24257348.000000
filtered : 3438033956.000000
time : 1000.000061
