Parameters: GAD=1 vflib=0 dir=0 label=0 lowerbound=1 fileNameGp=../instances/LV/g5 fileNameGt=../instances/largerGraphs/g73-normed
Reading graphs...
11 : 20
561 : 1628
Initializing...
maxdom : 561
D->valSize : 6171
Solving...
Blb : 2 (clique : 7)
currentSize : 7 <-- 0.444576 s
currentSize : 8 <-- 0.467712 s
currentSize : 9 <-- 0.516425 s
currentSize : 10 <-- 0.728282 s
currentSize : 11 <-- 0.792469 s

maxsize : 11
nodes : 111550.000000
filtered : 4373991.000000
time : 0.792490
