Parameters: GAD=1 vflib=0 dir=0 label=0 lowerbound=1 fileNameGp=../instances/LV/g5 fileNameGt=../instances/LV/g49
Reading graphs...
11 : 20
128 : 1027
Initializing...
maxdom : 128
D->valSize : 1408
Solving...
Blb : 5 (clique : 6)
currentSize : 6 <-- 0.019729 s
currentSize : 7 <-- 0.020274 s
currentSize : 8 <-- 0.025356 s
currentSize : 9 <-- 0.142904 s
currentSize : 10 <-- 0.306686 s

maxsize : 10
nodes : 100195.000000
filtered : 2453556.000000
time : 0.310012
