Parameters: GAD=1 vflib=0 dir=0 label=0 lowerbound=1 fileNameGp=../instances/LV/g5 fileNameGt=../instances/largerGraphs/g52
Reading graphs...
11 : 20
161 : 356
Initializing...
maxdom : 161
D->valSize : 1771
Solving...
Blb : 2 (clique : 6)
currentSize : 6 <-- 0.029867 s
currentSize : 7 <-- 31.883720 s
currentSize : 8 <-- 31.883995 s
currentSize : 9 <-- 31.885046 s
currentSize : 10 <-- 31.885605 s

maxsize : 10
nodes : 12857723.000000
filtered : 411280807.000000
time : 31.889820
