Parameters: GAD=1 vflib=0 dir=0 label=0 lowerbound=1 fileNameGp=../instances/LV/g5 fileNameGt=../instances/LV/g26
Reading graphs...
11 : 20
80 : 254
Initializing...
maxdom : 80
D->valSize : 880
Solving...
Blb : 2 (clique : 6)
currentSize : 6 <-- 0.012941 s
currentSize : 7 <-- 0.076254 s
currentSize : 8 <-- 0.099308 s
currentSize : 9 <-- 0.116883 s
currentSize : 10 <-- 0.140236 s

maxsize : 10
nodes : 73781.000000
filtered : 720401.000000
time : 0.142977
