Parameters: GAD=1 vflib=0 dir=0 label=0 lowerbound=1 fileNameGp=../instances/LV/g5 fileNameGt=../instances/LV/g22
Reading graphs...
11 : 20
67 : 224
Initializing...
maxdom : 67
D->valSize : 737
Solving...
Blb : 2 (clique : 5)
currentSize : 5 <-- 0.005529 s
currentSize : 6 <-- 0.014132 s
currentSize : 7 <-- 0.033264 s
currentSize : 8 <-- 0.038825 s
currentSize : 9 <-- 0.039779 s
currentSize : 10 <-- 0.039818 s

maxsize : 10
nodes : 19559.000000
filtered : 261068.000000
time : 0.040673
