Parameters: GAD=1 vflib=0 dir=0 label=0 lowerbound=1 fileNameGp=../instances/LV/g5 fileNameGt=../instances/largerGraphs/g60-normed
Reading graphs...
11 : 20
280 : 1073
Initializing...
maxdom : 280
D->valSize : 3080
Solving...
Blb : 3 (clique : 7)
currentSize : 7 <-- 0.121260 s
currentSize : 8 <-- 0.136991 s
currentSize : 9 <-- 0.289576 s
currentSize : 10 <-- 0.409641 s
currentSize : 11 <-- 0.514549 s

maxsize : 11
nodes : 154665.000000
filtered : 2503893.000000
time : 0.514563
