Parameters: GAD=1 vflib=0 dir=0 label=0 lowerbound=1 fileNameGp=../instances/LV/g5 fileNameGt=../instances/largerGraphs/g51
Reading graphs...
11 : 20
138 : 493
Initializing...
maxdom : 138
D->valSize : 1518
Solving...
Blb : 2 (clique : 4)
currentSize : 4 <-- 0.037450 s
currentSize : 5 <-- 0.037539 s
currentSize : 6 <-- 0.037585 s
currentSize : 7 <-- 0.039063 s
currentSize : 8 <-- 0.047309 s
currentSize : 9 <-- 0.064924 s
currentSize : 10 <-- 0.126231 s
currentSize : 11 <-- 0.130270 s

maxsize : 11
nodes : 35963.000000
filtered : 629907.000000
time : 0.130286
