Parameters: GAD=1 vflib=0 dir=0 label=0 lowerbound=1 fileNameGp=../instances/LV/g50 fileNameGt=../instances/largerGraphs/g73-normed
Reading graphs...
128 : 3216
561 : 1628
Initializing...
maxdom : 561
D->valSize : 71808
Solving...
Blb : 3 (clique : 19)
currentSize : 19 <-- 67.055389 s
currentSize : 20 <-- 67.060280 s
currentSize : 21 <-- 67.061539 s
currentSize : 22 <-- 67.063339 s
currentSize : 23 <-- 67.063782 s
currentSize : 24 <-- 69.625648 s
currentSize : 25 <-- 69.653450 s

TIMEOUT
maxsize : 25
nodes : 24139689.000000
filtered : 22993766803.000000
time : 1000.000061
