Parameters: GAD=1 vflib=0 dir=0 label=0 lowerbound=1 fileNameGp=../instances/LV/g6 fileNameGt=../instances/LV/g49
Reading graphs...
19 : 33
128 : 1027
Initializing...
maxdom : 128
D->valSize : 2432
Solving...
Blb : 5 (clique : 13)
currentSize : 13 <-- 0.067528 s
currentSize : 14 <-- 0.067765 s
currentSize : 15 <-- 0.067832 s
currentSize : 16 <-- 0.148583 s
currentSize : 17 <-- 96.620743 s

maxsize : 17
nodes : 23800235.000000
filtered : 1655240758.000000
time : 131.984299
