Parameters: GAD=1 vflib=0 dir=0 label=0 lowerbound=1 fileNameGp=../instances/LV/g6 fileNameGt=../instances/LV/g37
Reading graphs...
19 : 33
120 : 638
Initializing...
maxdom : 120
D->valSize : 2280
Solving...
Blb : 2 (clique : 13)
currentSize : 13 <-- 0.059660 s
currentSize : 14 <-- 0.059859 s
currentSize : 15 <-- 0.060011 s
currentSize : 16 <-- 0.061838 s
currentSize : 17 <-- 0.066695 s
currentSize : 18 <-- 0.080648 s

maxsize : 18
nodes : 24232.000000
filtered : 3739930.000000
time : 0.358609
