Parameters: GAD=1 vflib=0 dir=0 label=0 lowerbound=1 fileNameGp=../instances/LV/g6 fileNameGt=../instances/largerGraphs/g92
Reading graphs...
19 : 33
1619 : 3517
Initializing...
maxdom : 1619
D->valSize : 30761
Solving...
Blb : 5 (clique : 13)
currentSize : 13 <-- 16.245184 s
currentSize : 15 <-- 16.247623 s
currentSize : 16 <-- 16.642336 s
currentSize : 17 <-- 22.968138 s
currentSize : 18 <-- 24.119873 s

maxsize : 18
nodes : 206560.000000
filtered : 387320737.000000
time : 45.575500
