Parameters: GAD=1 vflib=0 dir=0 label=0 lowerbound=1 fileNameGp=../instances/LV/g6 fileNameGt=../instances/LV/g27
Reading graphs...
19 : 33
86 : 400
Initializing...
maxdom : 86
D->valSize : 1634
Solving...
Blb : 2 (clique : 8)
currentSize : 8 <-- 0.028201 s
currentSize : 9 <-- 0.028312 s
currentSize : 10 <-- 0.028684 s
currentSize : 11 <-- 0.029803 s
currentSize : 12 <-- 0.030972 s
currentSize : 13 <-- 0.031182 s
currentSize : 14 <-- 0.031665 s
currentSize : 15 <-- 0.190885 s
currentSize : 16 <-- 0.448004 s
currentSize : 17 <-- 9.118834 s

maxsize : 17
nodes : 10444446.000000
filtered : 458145871.000000
time : 40.242699
