Parameters: GAD=1 vflib=0 dir=0 label=0 lowerbound=1 fileNameGp=../instances/LV/g6 fileNameGt=../instances/largerGraphs/g60-normed
Reading graphs...
19 : 33
280 : 1073
Initializing...
maxdom : 280
D->valSize : 5320
Solving...
Blb : 2 (clique : 14)
currentSize : 14 <-- 0.364145 s
currentSize : 15 <-- 0.364869 s
currentSize : 16 <-- 0.367038 s
currentSize : 17 <-- 0.388632 s
currentSize : 18 <-- 0.440665 s

maxsize : 18
nodes : 1308314.000000
filtered : 396519188.000000
time : 27.423073
