Parameters: GAD=1 vflib=0 dir=0 label=0 lowerbound=1 fileNameGp=../instances/LV/g6 fileNameGt=../instances/LV/g47
Reading graphs...
19 : 33
128 : 936
Initializing...
maxdom : 128
D->valSize : 2432
Solving...
Blb : 2 (clique : 14)
currentSize : 14 <-- 0.068542 s
currentSize : 15 <-- 0.068749 s
currentSize : 16 <-- 0.068885 s
currentSize : 17 <-- 0.072352 s
currentSize : 18 <-- 0.079117 s

maxsize : 18
nodes : 302251.000000
filtered : 37513874.000000
time : 2.994069
