Parameters: GAD=1 vflib=0 dir=0 label=0 lowerbound=1 fileNameGp=../instances/LV/g6 fileNameGt=../instances/largerGraphs/g64
Reading graphs...
19 : 33
400 : 9960
Initializing...
maxdom : 400
D->valSize : 7600
Solving...
Blb : 2 (clique : 15)
currentSize : 15 <-- 0.784542 s
currentSize : 16 <-- 0.785194 s
currentSize : 17 <-- 0.785448 s
currentSize : 18 <-- 0.788372 s
currentSize : 19 <-- 1.126834 s

maxsize : 19
nodes : 78513.000000
filtered : 4322948.000000
time : 1.126861
