Parameters: GAD=1 vflib=0 dir=0 label=0 lowerbound=1 fileNameGp=../instances/LV/g6 fileNameGt=../instances/largerGraphs/g59-normed
Reading graphs...
19 : 33
280 : 387
Initializing...
maxdom : 280
D->valSize : 5320
Solving...
Blb : 5 (clique : 13)
currentSize : 13 <-- 0.366768 s
currentSize : 15 <-- 0.367243 s
currentSize : 16 <-- 0.369956 s
currentSize : 17 <-- 0.410411 s
currentSize : 18 <-- 156.114426 s

maxsize : 18
nodes : 9292263.000000
filtered : 3135452836.000000
time : 156.927902
