Parameters: GAD=1 vflib=0 dir=0 label=0 lowerbound=1 fileNameGp=../instances/LV/g6 fileNameGt=../instances/LV/g23
Reading graphs...
19 : 33
73 : 283
Initializing...
maxdom : 73
D->valSize : 1387
Solving...
Blb : 2 (clique : 13)
currentSize : 13 <-- 0.020342 s
currentSize : 14 <-- 0.020646 s
currentSize : 15 <-- 0.021552 s
currentSize : 16 <-- 3.405011 s
currentSize : 17 <-- 444.844025 s

maxsize : 17
nodes : 120835131.000000
filtered : 5443482511.000000
time : 445.420685
