Parameters: GAD=1 vflib=0 dir=0 label=0 lowerbound=1 fileNameGp=../instances/LV/g6 fileNameGt=../instances/LV/g16
Reading graphs...
19 : 33
53 : 189
Initializing...
maxdom : 53
D->valSize : 1007
Solving...
Blb : 2 (clique : 13)
currentSize : 13 <-- 0.011478 s
currentSize : 14 <-- 0.011632 s
currentSize : 15 <-- 0.011708 s
currentSize : 16 <-- 0.013984 s
currentSize : 17 <-- 0.024196 s
currentSize : 18 <-- 0.918111 s

maxsize : 18
nodes : 140076.000000
filtered : 10931227.000000
time : 0.923805
