Parameters: GAD=1 vflib=0 dir=0 label=0 lowerbound=1 fileNameGp=../instances/LV/g6 fileNameGt=../instances/LV/g31
Reading graphs...
19 : 33
100 : 1000
Initializing...
maxdom : 100
D->valSize : 1900
Solving...
Blb : 5 (clique : 14)
currentSize : 14 <-- 0.040104 s
currentSize : 15 <-- 0.040506 s
currentSize : 16 <-- 0.040875 s
currentSize : 17 <-- 0.041504 s
currentSize : 18 <-- 0.055278 s
currentSize : 19 <-- 8.210576 s

maxsize : 19
nodes : 1499765.000000
filtered : 89304896.000000
time : 8.210638
