Parameters: GAD=1 vflib=0 dir=0 label=0 lowerbound=1 fileNameGp=../instances/LV/g7 fileNameGt=../instances/largerGraphs/g93-normed
Reading graphs...
20 : 100
1800 : 209000
Initializing...
maxdom : 1800
D->valSize : 36000
Solving...
Blb : 2 (clique : 14)
currentSize : 14 <-- 17.494478 s
currentSize : 15 <-- 17.496180 s
currentSize : 16 <-- 17.496609 s
currentSize : 17 <-- 17.756315 s
currentSize : 18 <-- 17.990423 s
currentSize : 20 <-- 20.697483 s

maxsize : 20
nodes : 556652.000000
filtered : 15720086.000000
time : 20.697540
