Parameters: GAD=1 vflib=0 dir=0 label=0 lowerbound=1 fileNameGp=../instances/LV/g8 fileNameGt=../instances/largerGraphs/g96
Reading graphs...
30 : 62
2000 : 1657
Initializing...
maxdom : 2000
D->valSize : 60000
Solving...
Blb : 2 (clique : 17)
currentSize : 17 <-- 69.575806 s
currentSize : 18 <-- 69.581398 s
currentSize : 19 <-- 70.064125 s
currentSize : 20 <-- 70.792114 s
currentSize : 21 <-- 71.634598 s
currentSize : 22 <-- 72.546379 s
currentSize : 23 <-- 74.068474 s

TIMEOUT
maxsize : 23
nodes : 2535983.000000
filtered : 14260889377.000000
time : 1000.000122
