Parameters: GAD=1 vflib=0 dir=0 label=0 lowerbound=1 fileNameGp=../instances/LV/g8 fileNameGt=../instances/LV/g48
Reading graphs...
30 : 62
128 : 1000
Initializing...
maxdom : 128
D->valSize : 3840
Solving...
Blb : 2 (clique : 20)
currentSize : 20 <-- 0.189680 s
currentSize : 21 <-- 0.190023 s
currentSize : 22 <-- 0.190082 s
currentSize : 23 <-- 0.190893 s
currentSize : 24 <-- 0.197879 s
currentSize : 25 <-- 0.207592 s
currentSize : 26 <-- 16.063305 s

TIMEOUT
maxsize : 26
nodes : 131346107.000000
filtered : 9006532920.000000
time : 1000.000061
