Parameters: GAD=1 vflib=0 dir=0 label=0 lowerbound=1 fileNameGp=../instances/LV/g8 fileNameGt=../instances/largerGraphs/g63
Reading graphs...
30 : 62
400 : 2860
Initializing...
maxdom : 400
D->valSize : 12000
Solving...
Blb : 2 (clique : 19)
currentSize : 19 <-- 2.246435 s
currentSize : 20 <-- 2.247442 s
currentSize : 21 <-- 2.557269 s
currentSize : 22 <-- 2.621648 s
currentSize : 23 <-- 22.742855 s
currentSize : 24 <-- 22.880859 s
currentSize : 25 <-- 22.989288 s
currentSize : 26 <-- 248.977829 s

TIMEOUT
maxsize : 26
nodes : 27010955.000000
filtered : 11660998521.000000
time : 1000.000061
