Parameters: GAD=1 vflib=0 dir=0 label=0 lowerbound=1 fileNameGp=../instances/LV/g8 fileNameGt=../instances/LV/g35
Reading graphs...
30 : 62
120 : 317
Initializing...
maxdom : 120
D->valSize : 3600
Solving...
Blb : 5 (clique : 17)
currentSize : 17 <-- 0.164488 s
currentSize : 18 <-- 0.164831 s
currentSize : 19 <-- 0.165580 s
currentSize : 20 <-- 0.167426 s
currentSize : 21 <-- 0.170643 s
currentSize : 22 <-- 0.173735 s
currentSize : 23 <-- 0.267023 s
currentSize : 24 <-- 0.811496 s

TIMEOUT
maxsize : 24
nodes : 109158533.000000
filtered : 10827132380.000000
time : 1000.000000
