Parameters: GAD=1 vflib=0 dir=0 label=0 lowerbound=1 fileNameGp=../instances/LV/g8 fileNameGt=../instances/LV/g13
Reading graphs...
30 : 62
49 : 125
Initializing...
maxdom : 49
D->valSize : 1470
Solving...
Blb : 3 (clique : 15)
currentSize : 15 <-- 0.040733 s
currentSize : 16 <-- 8.203892 s
currentSize : 17 <-- 11.789154 s
currentSize : 18 <-- 14.987227 s
currentSize : 19 <-- 17.238396 s
currentSize : 20 <-- 45.768055 s
currentSize : 21 <-- 781.019653 s

TIMEOUT
maxsize : 21
nodes : 215009789.000000
filtered : 9495856441.000000
time : 1000.000000
