Parameters: GAD=1 vflib=0 dir=0 label=0 lowerbound=1 fileNameGp=../instances/LV/g8 fileNameGt=../instances/largerGraphs/g60-normed
Reading graphs...
30 : 62
280 : 1073
Initializing...
maxdom : 280
D->valSize : 8400
Solving...
Blb : 2 (clique : 17)
currentSize : 17 <-- 1.105632 s
currentSize : 18 <-- 1.106647 s
currentSize : 19 <-- 1.110850 s
currentSize : 20 <-- 1.113997 s
currentSize : 21 <-- 1.116758 s
currentSize : 22 <-- 1.128534 s
currentSize : 23 <-- 1.146050 s
currentSize : 24 <-- 1.173469 s
currentSize : 25 <-- 681.326904 s

TIMEOUT
maxsize : 25
nodes : 36590765.000000
filtered : 13097150130.000000
time : 1000.000122
