Parameters: GAD=1 vflib=0 dir=0 label=0 lowerbound=1 fileNameGp=../instances/LV/g8 fileNameGt=../instances/largerGraphs/g71
Reading graphs...
30 : 62
501 : 1497
Initializing...
maxdom : 501
D->valSize : 15030
Solving...
Blb : 5 (clique : 19)
currentSize : 19 <-- 3.736797 s
currentSize : 20 <-- 3.738669 s
currentSize : 21 <-- 3.738835 s
currentSize : 22 <-- 3.816497 s
currentSize : 23 <-- 4.695278 s
currentSize : 24 <-- 6.130402 s
currentSize : 25 <-- 56.557419 s

TIMEOUT
maxsize : 25
nodes : 12602860.000000
filtered : 13567930897.000000
time : 1000.000061
