Parameters: GAD=1 vflib=0 dir=0 label=0 lowerbound=1 fileNameGp=../instances/LV/g8 fileNameGt=../instances/largerGraphs/g98
Reading graphs...
30 : 62
2000 : 2573
Initializing...
maxdom : 2000
D->valSize : 60000
Solving...
Blb : 5 (clique : 16)
currentSize : 16 <-- 68.256737 s
currentSize : 17 <-- 68.262733 s
currentSize : 18 <-- 69.227242 s
currentSize : 19 <-- 69.835930 s
currentSize : 20 <-- 70.119865 s
currentSize : 21 <-- 71.730446 s
currentSize : 22 <-- 72.995750 s
currentSize : 23 <-- 74.941551 s

TIMEOUT
maxsize : 23
nodes : 6939563.000000
filtered : 9944575429.000000
time : 1000.000061
