Parameters: GAD=1 vflib=0 dir=0 label=0 lowerbound=1 fileNameGp=../instances/LV/g8 fileNameGt=../instances/LV/g41
Reading graphs...
30 : 62
128 : 368
Initializing...
maxdom : 128
D->valSize : 3840
Solving...
Blb : 2 (clique : 18)
currentSize : 18 <-- 0.190976 s
currentSize : 19 <-- 0.191333 s
currentSize : 20 <-- 0.191431 s
currentSize : 21 <-- 0.191607 s
currentSize : 22 <-- 0.212472 s
currentSize : 23 <-- 0.436151 s
currentSize : 24 <-- 0.588653 s
currentSize : 25 <-- 34.587952 s

maxsize : 25
nodes : 35912875.000000
filtered : 9930584578.000000
time : 749.451477
