Parameters: GAD=1 vflib=0 dir=0 label=0 lowerbound=1 fileNameGp=../instances/LV/g8 fileNameGt=../instances/LV/g31
Reading graphs...
30 : 62
100 : 1000
Initializing...
maxdom : 100
D->valSize : 3000
Solving...
Blb : 2 (clique : 19)
currentSize : 19 <-- 0.164180 s
currentSize : 20 <-- 0.165302 s
currentSize : 21 <-- 0.166634 s
currentSize : 22 <-- 1.192871 s
currentSize : 23 <-- 1.672053 s
currentSize : 24 <-- 150.221359 s

TIMEOUT
maxsize : 24
nodes : 210430712.000000
filtered : 6577961153.000000
time : 1000.000000
