Parameters: GAD=1 vflib=0 dir=0 label=0 lowerbound=1 fileNameGp=../instances/LV/g8 fileNameGt=../instances/largerGraphs/g73-normed
Reading graphs...
30 : 62
561 : 1628
Initializing...
maxdom : 561
D->valSize : 16830
Solving...
Blb : 5 (clique : 18)
currentSize : 18 <-- 4.526354 s
currentSize : 19 <-- 4.528206 s
currentSize : 20 <-- 4.567037 s
currentSize : 21 <-- 4.651640 s
currentSize : 22 <-- 4.696773 s
currentSize : 23 <-- 4.732976 s
currentSize : 24 <-- 14.227185 s

TIMEOUT
maxsize : 24
nodes : 19154213.000000
filtered : 13927473847.000000
time : 1000.000061
