Parameters: GAD=1 vflib=0 dir=0 label=0 lowerbound=1 fileNameGp=../instances/LV/g8 fileNameGt=../instances/LV/g30
Reading graphs...
30 : 62
100 : 899
Initializing...
maxdom : 100
D->valSize : 3000
Solving...
Blb : 2 (clique : 18)
currentSize : 18 <-- 0.133694 s
currentSize : 20 <-- 0.133950 s
currentSize : 21 <-- 0.133966 s
currentSize : 22 <-- 0.134456 s
currentSize : 23 <-- 0.187280 s
currentSize : 24 <-- 1.170978 s

TIMEOUT
maxsize : 24
nodes : 202435700.000000
filtered : 7051658047.000000
time : 1000.000061
