Parameters: GAD=1 vflib=0 dir=0 label=0 lowerbound=1 fileNameGp=../instances/LV/g8 fileNameGt=../instances/LV/g27
Reading graphs...
30 : 62
86 : 400
Initializing...
maxdom : 86
D->valSize : 2580
Solving...
Blb : 3 (clique : 16)
currentSize : 16 <-- 0.111082 s
currentSize : 17 <-- 0.111567 s
currentSize : 18 <-- 0.112429 s
currentSize : 19 <-- 0.237301 s
currentSize : 20 <-- 0.347414 s
currentSize : 21 <-- 0.829381 s
currentSize : 22 <-- 1.113403 s
currentSize : 23 <-- 2.882396 s

TIMEOUT
maxsize : 23
nodes : 106045713.000000
filtered : 11763832245.000000
time : 1000.000061
