Parameters: GAD=1 vflib=0 dir=0 label=0 lowerbound=1 fileNameGp=../instances/LV/g8 fileNameGt=../instances/LV/g47
Reading graphs...
30 : 62
128 : 936
Initializing...
maxdom : 128
D->valSize : 3840
Solving...
Blb : 2 (clique : 21)
currentSize : 21 <-- 0.190099 s
currentSize : 22 <-- 0.199233 s
currentSize : 23 <-- 0.225759 s
currentSize : 24 <-- 0.306369 s
currentSize : 25 <-- 0.929133 s
currentSize : 26 <-- 15.124689 s

TIMEOUT
maxsize : 26
nodes : 124656952.000000
filtered : 9102206707.000000
time : 1000.000061
