Parameters: GAD=1 vflib=0 dir=0 label=0 lowerbound=1 fileNameGp=../instances/LV/g8 fileNameGt=../instances/LV/g12
Reading graphs...
30 : 62
48 : 203
Initializing...
maxdom : 48
D->valSize : 1440
Solving...
Blb : 5 (clique : 15)
currentSize : 15 <-- 0.022430 s
currentSize : 16 <-- 0.153355 s
currentSize : 17 <-- 0.535833 s
currentSize : 18 <-- 2.821231 s
currentSize : 19 <-- 23.927992 s
currentSize : 20 <-- 225.174820 s

TIMEOUT
maxsize : 20
nodes : 223003489.000000
filtered : 8326104880.000000
time : 1000.000000
