Parameters: GAD=1 vflib=0 dir=0 label=0 lowerbound=1 fileNameGp=../instances/LV/g8 fileNameGt=../instances/largerGraphs/g69
Reading graphs...
30 : 62
500 : 1479
Initializing...
maxdom : 500
D->valSize : 15000
Solving...
Blb : 5 (clique : 19)
currentSize : 19 <-- 3.748083 s
currentSize : 20 <-- 3.749568 s
currentSize : 21 <-- 3.777365 s
currentSize : 22 <-- 3.935425 s
currentSize : 23 <-- 4.507231 s
currentSize : 24 <-- 6.950679 s
currentSize : 25 <-- 8.942670 s

TIMEOUT
maxsize : 25
nodes : 11639745.000000
filtered : 13593641643.000000
time : 1000.000122
