Parameters: GAD=1 vflib=0 dir=0 label=0 lowerbound=1 fileNameGp=../instances/LV/g8 fileNameGt=../instances/LV/g37
Reading graphs...
30 : 62
120 : 638
Initializing...
maxdom : 120
D->valSize : 3600
Solving...
Blb : 5 (clique : 20)
currentSize : 20 <-- 0.164676 s
currentSize : 21 <-- 0.165303 s
currentSize : 22 <-- 0.166623 s
currentSize : 23 <-- 0.168669 s
currentSize : 24 <-- 0.181818 s
currentSize : 25 <-- 0.225160 s
currentSize : 26 <-- 15.448938 s
currentSize : 27 <-- 90.739075 s
currentSize : 28 <-- 90.739159 s
currentSize : 29 <-- 90.749313 s
currentSize : 30 <-- 90.749367 s

maxsize : 30
nodes : 8221037.000000
filtered : 933792016.000000
time : 90.749413
