Parameters: GAD=1 vflib=0 dir=0 label=0 lowerbound=1 fileNameGp=../instances/LV/g8 fileNameGt=../instances/LV/g44
Reading graphs...
30 : 62
128 : 892
Initializing...
maxdom : 128
D->valSize : 3840
Solving...
Blb : 5 (clique : 20)
currentSize : 20 <-- 0.191179 s
currentSize : 21 <-- 0.194343 s
currentSize : 22 <-- 0.200996 s
currentSize : 23 <-- 0.202847 s
currentSize : 24 <-- 0.215019 s
currentSize : 25 <-- 183.347839 s
currentSize : 26 <-- 275.800018 s

TIMEOUT
maxsize : 26
nodes : 128926117.000000
filtered : 8705659643.000000
time : 1000.000061
