Parameters: GAD=1 vflib=0 dir=0 label=0 lowerbound=1 fileNameGp=../instances/LV/g8 fileNameGt=../instances/largerGraphs/g59-normed
Reading graphs...
30 : 62
280 : 387
Initializing...
maxdom : 280
D->valSize : 8400
Solving...
Blb : 2 (clique : 16)
currentSize : 16 <-- 1.040324 s
currentSize : 17 <-- 1.041027 s
currentSize : 18 <-- 1.046489 s
currentSize : 19 <-- 1.056374 s
currentSize : 20 <-- 1.084066 s
currentSize : 21 <-- 1.335546 s
currentSize : 22 <-- 1.345919 s
currentSize : 23 <-- 9.270505 s
currentSize : 24 <-- 943.188599 s

TIMEOUT
maxsize : 24
nodes : 25872833.000000
filtered : 13968034911.000000
time : 1000.000061
