Parameters: GAD=1 vflib=0 dir=0 label=0 lowerbound=1 fileNameGp=../instances/LV/g8 fileNameGt=../instances/largerGraphs/g72
Reading graphs...
30 : 62
561 : 147
Initializing...
maxdom : 561
D->valSize : 16830
Solving...
Blb : 5 (clique : 17)
currentSize : 17 <-- 4.552732 s
currentSize : 18 <-- 4.700417 s
currentSize : 19 <-- 4.707021 s
currentSize : 20 <-- 4.775716 s
currentSize : 21 <-- 4.841479 s
currentSize : 22 <-- 12.924811 s

TIMEOUT
maxsize : 22
nodes : 12376138.000000
filtered : 14995865146.000000
time : 1000.000061
