Parameters: GAD=1 vflib=0 dir=0 label=0 lowerbound=1 fileNameGp=../instances/LV/g8 fileNameGt=../instances/largerGraphs/g51
Reading graphs...
30 : 62
138 : 493
Initializing...
maxdom : 138
D->valSize : 4140
Solving...
Blb : 5 (clique : 15)
currentSize : 15 <-- 0.233588 s
currentSize : 16 <-- 0.233956 s
currentSize : 17 <-- 0.234985 s
currentSize : 18 <-- 0.236097 s
currentSize : 19 <-- 0.242539 s
currentSize : 20 <-- 0.246437 s
currentSize : 21 <-- 0.267544 s
currentSize : 22 <-- 1.811259 s
currentSize : 23 <-- 579.569519 s

TIMEOUT
maxsize : 23
nodes : 84526667.000000
filtered : 11495373111.000000
time : 1000.000000
