Parameters: GAD=1 vflib=0 dir=0 label=0 lowerbound=1 fileNameGp=../instances/LV/g8 fileNameGt=../instances/largerGraphs/g95
Reading graphs...
30 : 62
2000 : 1396
Initializing...
maxdom : 2000
D->valSize : 60000
Solving...
Blb : 3 (clique : 17)
currentSize : 17 <-- 74.056984 s
currentSize : 18 <-- 74.061424 s
currentSize : 19 <-- 74.678596 s
currentSize : 20 <-- 75.176575 s
currentSize : 21 <-- 75.204155 s
currentSize : 22 <-- 75.814941 s
currentSize : 23 <-- 83.589546 s

TIMEOUT
maxsize : 23
nodes : 2284168.000000
filtered : 14484513897.000000
time : 1000.000549
