Parameters: GAD=1 vflib=0 dir=0 label=0 lowerbound=1 fileNameGp=../instances/LV/g8 fileNameGt=../instances/LV/g46
Reading graphs...
30 : 62
128 : 938
Initializing...
maxdom : 128
D->valSize : 3840
Solving...
Blb : 2 (clique : 20)
currentSize : 20 <-- 0.227156 s
currentSize : 21 <-- 0.228130 s
currentSize : 22 <-- 0.237101 s
currentSize : 23 <-- 0.263844 s
currentSize : 24 <-- 0.346288 s
currentSize : 25 <-- 0.966660 s
currentSize : 26 <-- 16.226980 s

TIMEOUT
maxsize : 26
nodes : 125143539.000000
filtered : 9127752430.000000
time : 1000.000061
