Parameters: GAD=1 vflib=0 dir=0 label=0 lowerbound=1 fileNameGp=../instances/LV/g8 fileNameGt=../instances/LV/g14
Reading graphs...
30 : 62
50 : 109
Initializing...
maxdom : 50
D->valSize : 1500
Solving...
Blb : 2 (clique : 15)
currentSize : 15 <-- 0.043315 s
currentSize : 16 <-- 0.043612 s
currentSize : 17 <-- 0.233080 s
currentSize : 18 <-- 1.535635 s
currentSize : 19 <-- 6.774187 s
currentSize : 20 <-- 38.934586 s
currentSize : 21 <-- 56.774151 s

TIMEOUT
maxsize : 21
nodes : 198419292.000000
filtered : 9375702866.000000
time : 1000.000000
