Parameters: GAD=1 vflib=0 dir=0 label=0 lowerbound=1 fileNameGp=../instances/LV/g8 fileNameGt=../instances/LV/g10
Reading graphs...
30 : 62
41 : 80
Initializing...
maxdom : 41
D->valSize : 1230
Solving...
Blb : 2 (clique : 17)
currentSize : 17 <-- 0.016547 s
currentSize : 18 <-- 0.016700 s
currentSize : 19 <-- 0.019027 s
currentSize : 20 <-- 0.026340 s
currentSize : 21 <-- 0.033843 s
currentSize : 22 <-- 0.810005 s
currentSize : 23 <-- 8.261070 s

maxsize : 23
nodes : 22008050.000000
filtered : 981626938.000000
time : 121.457962
