Parameters: GAD=1 vflib=0 dir=0 label=0 lowerbound=1 fileNameGp=../instances/LV/g8 fileNameGt=../instances/largerGraphs/g97
Reading graphs...
30 : 62
2000 : 1685
Initializing...
maxdom : 2000
D->valSize : 60000
Solving...
Blb : 2 (clique : 17)
currentSize : 17 <-- 75.050819 s
currentSize : 18 <-- 75.076180 s
currentSize : 19 <-- 75.577263 s
currentSize : 20 <-- 76.188049 s
currentSize : 21 <-- 76.865883 s
currentSize : 22 <-- 77.438187 s
currentSize : 23 <-- 82.953224 s

TIMEOUT
maxsize : 23
nodes : 2352722.000000
filtered : 14352639473.000000
time : 1000.000061
