Parameters: GAD=1 vflib=0 dir=0 label=0 lowerbound=1 fileNameGp=../instances/LV/g8 fileNameGt=../instances/largerGraphs/g66-normed
Reading graphs...
30 : 62
435 : 2520
Initializing...
maxdom : 435
D->valSize : 13050
Solving...
Blb : 2 (clique : 19)
currentSize : 19 <-- 2.556858 s
currentSize : 21 <-- 2.557924 s
currentSize : 22 <-- 2.733618 s
currentSize : 23 <-- 2.748526 s
currentSize : 24 <-- 3.919774 s
currentSize : 25 <-- 34.245075 s

TIMEOUT
maxsize : 25
nodes : 33471615.000000
filtered : 11066097392.000000
time : 1000.000000
