Parameters: GAD=1 vflib=0 dir=0 label=0 lowerbound=1 fileNameGp=../instances/LV/g8 fileNameGt=../instances/largerGraphs/g99
Reading graphs...
30 : 62
2000 : 2575
Initializing...
maxdom : 2000
D->valSize : 60000
Solving...
Blb : 2 (clique : 17)
currentSize : 17 <-- 70.319870 s
currentSize : 18 <-- 70.327332 s
currentSize : 19 <-- 71.844582 s
currentSize : 20 <-- 71.898224 s
currentSize : 21 <-- 72.188210 s
currentSize : 22 <-- 76.933846 s
currentSize : 23 <-- 77.410515 s

TIMEOUT
maxsize : 23
nodes : 3544039.000000
filtered : 12795066186.000000
time : 1000.000183
