Parameters: GAD=1 vflib=0 dir=0 label=0 lowerbound=1 fileNameGp=../instances/LV/g8 fileNameGt=../instances/LV/g15
Reading graphs...
30 : 62
50 : 145
Initializing...
maxdom : 50
D->valSize : 1500
Solving...
Blb : 3 (clique : 15)
currentSize : 15 <-- 0.024962 s
currentSize : 16 <-- 0.025600 s
currentSize : 17 <-- 0.208302 s
currentSize : 18 <-- 1.871538 s
currentSize : 19 <-- 31.189837 s
currentSize : 20 <-- 77.273590 s
currentSize : 21 <-- 600.490051 s

TIMEOUT
maxsize : 21
nodes : 208114464.000000
filtered : 9588035492.000000
time : 1000.000000
