Parameters: GAD=1 vflib=0 dir=0 label=0 lowerbound=1 fileNameGp=../instances/LV/g8 fileNameGt=../instances/largerGraphs/g58-normed
Reading graphs...
30 : 62
280 : 386
Initializing...
maxdom : 280
D->valSize : 8400
Solving...
Blb : 5 (clique : 17)
currentSize : 17 <-- 1.083262 s
currentSize : 18 <-- 1.085195 s
currentSize : 19 <-- 1.098525 s
currentSize : 20 <-- 1.104499 s
currentSize : 21 <-- 1.118315 s
currentSize : 22 <-- 1.132932 s
currentSize : 23 <-- 14.607914 s

TIMEOUT
maxsize : 23
nodes : 28335885.000000
filtered : 13901639000.000000
time : 1000.000000
