Parameters: GAD=1 vflib=0 dir=0 label=0 lowerbound=1 fileNameGp=../instances/LV/g8 fileNameGt=../instances/LV/g33
Reading graphs...
30 : 62
101 : 297
Initializing...
maxdom : 101
D->valSize : 3030
Solving...
Blb : 3 (clique : 17)
currentSize : 17 <-- 0.112257 s
currentSize : 20 <-- 0.112523 s
currentSize : 22 <-- 0.118052 s
currentSize : 23 <-- 0.118301 s
currentSize : 24 <-- 0.359810 s
currentSize : 25 <-- 7.422003 s

maxsize : 25
nodes : 34397202.000000
filtered : 5860701018.000000
time : 478.086548
