Parameters: GAD=1 vflib=0 dir=0 label=0 lowerbound=1 fileNameGp=../instances/LV/g8 fileNameGt=../instances/LV/g16
Reading graphs...
30 : 62
53 : 189
Initializing...
maxdom : 53
D->valSize : 1590
Solving...
Blb : 5 (clique : 18)
currentSize : 18 <-- 0.028150 s
currentSize : 19 <-- 0.028326 s
currentSize : 20 <-- 0.028350 s
currentSize : 21 <-- 0.028408 s
currentSize : 22 <-- 0.029541 s
currentSize : 23 <-- 0.973857 s
currentSize : 24 <-- 2.807118 s
currentSize : 26 <-- 11.122436 s
currentSize : 28 <-- 11.381911 s
currentSize : 30 <-- 11.382450 s

maxsize : 30
nodes : 2026893.000000
filtered : 97464671.000000
time : 11.382469
