Parameters: GAD=1 vflib=0 dir=0 label=0 lowerbound=1 fileNameGp=../instances/LV/g8 fileNameGt=../instances/LV/g49
Reading graphs...
30 : 62
128 : 1027
Initializing...
maxdom : 128
D->valSize : 3840
Solving...
Blb : 2 (clique : 17)
currentSize : 17 <-- 0.191724 s
currentSize : 18 <-- 0.192192 s
currentSize : 19 <-- 0.203915 s
currentSize : 20 <-- 0.248690 s
currentSize : 21 <-- 0.324748 s
currentSize : 22 <-- 0.588210 s
currentSize : 23 <-- 0.605055 s
currentSize : 24 <-- 0.620239 s

TIMEOUT
maxsize : 24
nodes : 89730421.000000
filtered : 11618973916.000000
time : 1000.000061
