Parameters: GAD=1 vflib=0 dir=0 label=0 lowerbound=1 fileNameGp=../instances/LV/g8 fileNameGt=../instances/LV/g29
Reading graphs...
30 : 62
100 : 906
Initializing...
maxdom : 100
D->valSize : 3000
Solving...
Blb : 2 (clique : 19)
currentSize : 19 <-- 0.110604 s
currentSize : 20 <-- 0.114284 s
currentSize : 21 <-- 0.134754 s
currentSize : 22 <-- 0.219746 s
currentSize : 23 <-- 1.810638 s
currentSize : 24 <-- 3.715158 s

TIMEOUT
maxsize : 24
nodes : 205067142.000000
filtered : 7005717088.000000
time : 1000.000061
