Parameters: GAD=1 vflib=0 dir=0 label=0 lowerbound=1 fileNameGp=../instances/LV/g8 fileNameGt=../instances/largerGraphs/g65
Reading graphs...
30 : 62
435 : 2520
Initializing...
maxdom : 435
D->valSize : 13050
Solving...
Blb : 2 (clique : 19)
currentSize : 19 <-- 2.711342 s
currentSize : 21 <-- 2.712550 s
currentSize : 22 <-- 2.893749 s
currentSize : 23 <-- 2.909236 s
currentSize : 24 <-- 4.099003 s
currentSize : 25 <-- 34.544422 s

TIMEOUT
maxsize : 25
nodes : 33366562.000000
filtered : 11035902597.000000
time : 1000.000061
