Parameters: GAD=1 vflib=0 dir=0 label=0 lowerbound=1 fileNameGp=../instances/LV/g8 fileNameGt=../instances/largerGraphs/g104
Reading graphs...
30 : 62
3300 : 6596
Initializing...
maxdom : 3300
D->valSize : 99000
Solving...
Blb : 2 (clique : 17)
currentSize : 17 <-- 195.809402 s
currentSize : 18 <-- 195.850891 s
currentSize : 19 <-- 196.598083 s
currentSize : 20 <-- 197.446548 s
currentSize : 21 <-- 205.483917 s
currentSize : 22 <-- 206.449371 s
currentSize : 23 <-- 207.306641 s

TIMEOUT
maxsize : 23
nodes : 6329563.000000
filtered : 10101427723.000000
time : 1000.000061
