Parameters: GAD=1 vflib=0 dir=0 label=0 lowerbound=1 fileNameGp=../instances/LV/g8 fileNameGt=../instances/largerGraphs/g92
Reading graphs...
30 : 62
1619 : 3517
Initializing...
maxdom : 1619
D->valSize : 48570
Solving...
Blb : 2 (clique : 17)
currentSize : 17 <-- 44.113087 s
currentSize : 18 <-- 44.135761 s
currentSize : 19 <-- 44.328720 s
currentSize : 20 <-- 44.834621 s
currentSize : 21 <-- 45.155399 s
currentSize : 22 <-- 45.273285 s
currentSize : 23 <-- 47.736820 s
currentSize : 24 <-- 76.626328 s

TIMEOUT
maxsize : 24
nodes : 5132291.000000
filtered : 12868721716.000000
time : 1000.000000
