Parameters: GAD=1 vflib=0 dir=0 label=0 lowerbound=1 fileNameGp=../instances/LV/g9 fileNameGt=../instances/largerGraphs/g63
Reading graphs...
37 : 63
400 : 2860
Initializing...
maxdom : 400
D->valSize : 14800
Solving...
Blb : 2 (clique : 26)
currentSize : 26 <-- 3.680952 s
currentSize : 27 <-- 3.699994 s
currentSize : 28 <-- 7.132593 s
currentSize : 29 <-- 65.095520 s
currentSize : 30 <-- 65.192986 s
currentSize : 31 <-- 81.818581 s
currentSize : 32 <-- 87.054077 s
currentSize : 33 <-- 97.691605 s
currentSize : 34 <-- 98.010384 s
currentSize : 35 <-- 99.698669 s
currentSize : 36 <-- 122.024155 s

maxsize : 36
nodes : 2726106.000000
filtered : 461940519.000000
time : 130.803482
