Parameters: GAD=1 vflib=0 dir=0 label=0 lowerbound=1 fileNameGp=../instances/LV/g9 fileNameGt=../instances/largerGraphs/g58-normed
Reading graphs...
37 : 63
280 : 386
Initializing...
maxdom : 280
D->valSize : 10360
Solving...
Blb : 2 (clique : 27)
currentSize : 27 <-- 1.906550 s
currentSize : 28 <-- 3.230902 s
currentSize : 29 <-- 11.655625 s
currentSize : 30 <-- 11.722421 s
currentSize : 31 <-- 63.287148 s
currentSize : 32 <-- 624.259033 s

TIMEOUT
maxsize : 32
nodes : 29755019.000000
filtered : 7843970132.000000
time : 1000.000122
