Parameters: GAD=1 vflib=0 dir=0 label=0 lowerbound=1 fileNameGp=../instances/LV/g9 fileNameGt=../instances/LV/g43
Reading graphs...
37 : 63
128 : 824
Initializing...
maxdom : 128
D->valSize : 4736
Solving...
Blb : 5 (clique : 28)
currentSize : 28 <-- 0.303938 s
currentSize : 29 <-- 0.304967 s
currentSize : 30 <-- 0.317698 s
currentSize : 31 <-- 0.338799 s
currentSize : 32 <-- 0.343048 s
currentSize : 33 <-- 0.349924 s
currentSize : 34 <-- 0.372039 s
currentSize : 35 <-- 1.502224 s

maxsize : 35
nodes : 3491905.000000
filtered : 516533780.000000
time : 72.209549
