Parameters: GAD=1 vflib=0 dir=0 label=0 lowerbound=1 fileNameGp=../instances/LV/g9 fileNameGt=../instances/LV/g29
Reading graphs...
37 : 63
100 : 906
Initializing...
maxdom : 100
D->valSize : 3700
Solving...
Blb : 2 (clique : 19)
currentSize : 19 <-- 0.181111 s
currentSize : 20 <-- 0.181486 s
currentSize : 21 <-- 0.191228 s
currentSize : 22 <-- 99.612022 s
currentSize : 23 <-- 127.441277 s
currentSize : 24 <-- 160.127228 s

TIMEOUT
maxsize : 24
nodes : 211286246.000000
filtered : 6293804940.000000
time : 1000.000000
