Parameters: GAD=1 vflib=0 dir=0 label=0 lowerbound=1 fileNameGp=../instances/images-CVIU11/patterns/pattern35 fileNameGt=../instances/images-CVIU11/targets/target141
Reading graphs...
45 : 62
2036 : 2958
Initializing...
maxdom : 2036
D->valSize : 91620
Solving...
Blb : 2 (clique : 33)
currentSize : 33 <-- 215.809875 s
currentSize : 34 <-- 215.845581 s
currentSize : 35 <-- 216.556473 s
currentSize : 36 <-- 218.973495 s
currentSize : 37 <-- 223.031036 s
currentSize : 38 <-- 230.630249 s
currentSize : 39 <-- 250.856262 s

TIMEOUT
maxsize : 39
nodes : 1911756.000000
filtered : 4017586844.000000
time : 1000.000488
