Parameters: GAD=1 vflib=0 dir=0 label=0 lowerbound=1 fileNameGp=../instances/images-CVIU11/patterns/pattern29 fileNameGt=../instances/images-CVIU11/targets/target8
Reading graphs...
22 : 31
3501 : 5089
Initializing...
maxdom : 3501
D->valSize : 77022
Solving...
Blb : 2 (clique : 16)
currentSize : 16 <-- 138.001328 s
currentSize : 17 <-- 138.007812 s
currentSize : 18 <-- 138.018219 s
currentSize : 19 <-- 288.392487 s
currentSize : 20 <-- 321.703735 s

maxsize : 20
nodes : 1107885.000000
filtered : 3458255360.000000
time : 484.535522
