Parameters: GAD=1 vflib=0 dir=0 label=0 lowerbound=1 fileNameGp=../instances/images-CVIU11/patterns/pattern29 fileNameGt=../instances/images-CVIU11/targets/target107
Reading graphs...
22 : 31
3132 : 4589
Initializing...
maxdom : 3132
D->valSize : 68904
Solving...
Blb : 2 (clique : 16)
currentSize : 16 <-- 96.949165 s
currentSize : 17 <-- 96.955200 s
currentSize : 18 <-- 96.955887 s
currentSize : 19 <-- 105.709770 s
currentSize : 20 <-- 132.237610 s

maxsize : 20
nodes : 515863.000000
filtered : 1557496189.000000
time : 261.652588
