Parameters: GAD=1 vflib=0 dir=0 label=0 lowerbound=1 fileNameGp=../instances/images-CVIU11/patterns/pattern6 fileNameGt=../instances/images-CVIU11/targets/target58
Reading graphs...
53 : 68
2365 : 3466
Initializing...
maxdom : 2365
D->valSize : 125345
Solving...
Blb : 2 (clique : 41)
currentSize : 41 <-- 681.906494 s
currentSize : 42 <-- 681.929260 s
currentSize : 43 <-- 682.636047 s
currentSize : 44 <-- 683.723022 s
currentSize : 45 <-- 687.609680 s
currentSize : 46 <-- 690.848999 s

TIMEOUT
maxsize : 46
nodes : 823144.000000
filtered : 1775757301.000000
time : 1000.000610
