Parameters: GAD=1 vflib=0 dir=0 label=0 lowerbound=1 fileNameGp=../instances/images-CVIU11/patterns/pattern29 fileNameGt=../instances/images-CVIU11/targets/target3
Reading graphs...
22 : 31
4501 : 6586
Initializing...
maxdom : 4501
D->valSize : 99022
Solving...
Blb : 2 (clique : 15)
currentSize : 15 <-- 204.528595 s
currentSize : 16 <-- 204.537552 s
currentSize : 17 <-- 206.376938 s
currentSize : 18 <-- 210.803345 s
currentSize : 19 <-- 451.907135 s
currentSize : 20 <-- 712.278625 s

maxsize : 20
nodes : 2002721.000000
filtered : 7966313783.000000
time : 944.378540
