Parameters: GAD=1 vflib=0 dir=0 label=0 lowerbound=1 fileNameGp=../instances/images-CVIU11/patterns/pattern29 fileNameGt=../instances/images-CVIU11/targets/target82
Reading graphs...
22 : 31
4058 : 5945
Initializing...
maxdom : 4058
D->valSize : 89276
Solving...
Blb : 2 (clique : 16)
currentSize : 16 <-- 280.988556 s
currentSize : 17 <-- 281.038605 s
currentSize : 18 <-- 282.567566 s
currentSize : 19 <-- 287.526123 s
currentSize : 20 <-- 849.361938 s

maxsize : 20
nodes : 1918044.000000
filtered : 6897916880.000000
time : 985.205078
