Parameters: GAD=1 vflib=0 dir=0 label=0 lowerbound=1 fileNameGp=../instances/images-CVIU11/patterns/pattern18 fileNameGt=../instances/images-CVIU11/targets/target137
Reading graphs...
69 : 96
1765 : 2604
Initializing...
maxdom : 1765
D->valSize : 121785
Solving...
Blb : 2 (clique : 51)
currentSize : 51 <-- 424.945709 s
currentSize : 52 <-- 424.972992 s
currentSize : 53 <-- 424.992493 s
currentSize : 54 <-- 425.313721 s
currentSize : 55 <-- 426.061890 s
currentSize : 56 <-- 429.135895 s

TIMEOUT
maxsize : 56
nodes : 1784696.000000
filtered : 3063233653.000000
time : 1000.000427
