Parameters: GAD=1 vflib=0 dir=0 label=0 lowerbound=1 fileNameGp=../instances/images-CVIU11/patterns/pattern26 fileNameGt=../instances/images-CVIU11/targets/target129
Reading graphs...
70 : 102
1751 : 2533
Initializing...
maxdom : 1751
D->valSize : 122570
Solving...
Blb : 2 (clique : 51)
currentSize : 51 <-- 575.887390 s
currentSize : 52 <-- 577.959534 s
currentSize : 53 <-- 581.078796 s
currentSize : 54 <-- 584.212463 s
currentSize : 55 <-- 587.702942 s
currentSize : 56 <-- 596.975220 s
currentSize : 57 <-- 609.382385 s
currentSize : 58 <-- 621.957947 s
currentSize : 59 <-- 635.042175 s
currentSize : 60 <-- 649.855408 s
currentSize : 61 <-- 667.657898 s
currentSize : 62 <-- 685.440552 s
currentSize : 63 <-- 703.525513 s
currentSize : 64 <-- 722.515137 s
currentSize : 65 <-- 742.770264 s
currentSize : 66 <-- 745.767578 s
currentSize : 67 <-- 761.533325 s
currentSize : 68 <-- 772.620422 s
currentSize : 69 <-- 816.441467 s
currentSize : 70 <-- 819.192871 s

maxsize : 70
nodes : 526786.000000
filtered : 1089014871.000000
time : 819.192932
