Parameters: GAD=1 vflib=0 dir=0 label=0 lowerbound=1 fileNameGp=../instances/images-CVIU11/patterns/pattern29 fileNameGt=../instances/images-CVIU11/targets/target79
Reading graphs...
22 : 31
2319 : 3381
Initializing...
maxdom : 2319
D->valSize : 51018
Solving...
Blb : 2 (clique : 15)
currentSize : 15 <-- 61.313847 s
currentSize : 16 <-- 61.318104 s
currentSize : 17 <-- 61.530762 s
currentSize : 18 <-- 62.052216 s
currentSize : 19 <-- 63.352131 s

maxsize : 19
nodes : 2380745.000000
filtered : 4845742812.000000
time : 541.485962
