Parameters: GAD=1 vflib=0 dir=0 label=0 lowerbound=1 fileNameGp=../instances/images-CVIU11/patterns/pattern29 fileNameGt=../instances/images-CVIU11/targets/target76
Reading graphs...
22 : 31
5763 : 8481
Initializing...
maxdom : 5763
D->valSize : 126786
Solving...
Blb : 2 (clique : 15)
currentSize : 15 <-- 506.146149 s
currentSize : 16 <-- 506.156006 s
currentSize : 17 <-- 506.495270 s
currentSize : 18 <-- 509.605774 s
currentSize : 19 <-- 533.083740 s
currentSize : 20 <-- 923.184509 s

TIMEOUT
maxsize : 20
nodes : 966094.000000
filtered : 4793818878.000000
time : 1000.000549
