Parameters: GAD=1 vflib=0 dir=0 label=0 lowerbound=1 fileNameGp=../instances/images-CVIU11/patterns/pattern17 fileNameGt=../instances/images-CVIU11/targets/target82
Reading graphs...
22 : 30
4058 : 5945
Initializing...
maxdom : 4058
D->valSize : 89276
Solving...
Blb : 2 (clique : 16)
currentSize : 16 <-- 320.003204 s
currentSize : 17 <-- 320.011169 s
currentSize : 18 <-- 320.014771 s
currentSize : 19 <-- 320.076691 s
currentSize : 20 <-- 353.925598 s

maxsize : 20
nodes : 357114.000000
filtered : 945149264.000000
time : 461.204407
