Parameters: GAD=1 vflib=0 dir=0 label=0 lowerbound=1 fileNameGp=../instances/images-CVIU11/patterns/pattern29 fileNameGt=../instances/images-CVIU11/targets/target75
Reading graphs...
22 : 31
5528 : 8151
Initializing...
maxdom : 5528
D->valSize : 121616
Solving...
Blb : 2 (clique : 16)
currentSize : 16 <-- 343.165741 s
currentSize : 17 <-- 343.175537 s
currentSize : 18 <-- 343.285797 s
currentSize : 19 <-- 355.357941 s
currentSize : 20 <-- 541.986694 s

maxsize : 20
nodes : 1146939.000000
filtered : 6002508333.000000
time : 938.538025
