Parameters: GAD=1 vflib=0 dir=0 label=0 lowerbound=1 fileNameGp=../instances/images-CVIU11/patterns/pattern33 fileNameGt=../instances/images-CVIU11/targets/target86
Reading graphs...
34 : 48
3696 : 5436
Initializing...
maxdom : 3696
D->valSize : 125664
Solving...
Blb : 2 (clique : 24)
currentSize : 24 <-- 414.707367 s
currentSize : 25 <-- 414.721741 s
currentSize : 26 <-- 415.220276 s
currentSize : 27 <-- 415.322784 s
currentSize : 28 <-- 418.086151 s
currentSize : 29 <-- 438.516876 s

TIMEOUT
maxsize : 29
nodes : 1790430.000000
filtered : 6609875555.000000
time : 1000.000427
