Parameters: GAD=1 vflib=0 dir=0 label=0 lowerbound=1 fileNameGp=../instances/meshes-CVIU11/patterns/pattern3 fileNameGt=../instances/meshes-CVIU11/targets/target289
Reading graphs...
163 : 288
285 : 562
Initializing...
maxdom : 285
D->valSize : 46455
Solving...
Blb : 2 (clique : 122)
currentSize : 122 <-- 49.330635 s
currentSize : 123 <-- 49.351463 s
currentSize : 124 <-- 53.073296 s
currentSize : 125 <-- 53.145393 s
currentSize : 126 <-- 53.242096 s
currentSize : 127 <-- 62.120121 s

TIMEOUT
maxsize : 127
nodes : 64594146.000000
filtered : 3849135067.000000
time : 1000.000244
