Parameters: GAD=1 vflib=0 dir=0 label=0 lowerbound=1 fileNameGp=../instances/meshes-CVIU11/patterns/pattern3 fileNameGt=../instances/meshes-CVIU11/targets/target251
Reading graphs...
163 : 288
416 : 1076
Initializing...
maxdom : 416
D->valSize : 67808
Solving...
Blb : 2 (clique : 125)
currentSize : 125 <-- 82.689003 s
currentSize : 133 <-- 82.717239 s
currentSize : 134 <-- 82.733299 s
currentSize : 135 <-- 82.755623 s
currentSize : 136 <-- 82.778709 s
currentSize : 137 <-- 82.802330 s
currentSize : 138 <-- 82.884346 s
currentSize : 139 <-- 83.023109 s
currentSize : 140 <-- 83.197968 s
currentSize : 141 <-- 83.550430 s
currentSize : 142 <-- 83.802971 s

TIMEOUT
maxsize : 142
nodes : 7827822.000000
filtered : 3033447155.000000
time : 1000.004089
