Parameters: GAD=1 vflib=0 dir=0 label=0 lowerbound=1 fileNameGp=../instances/meshes-CVIU11/patterns/pattern4 fileNameGt=../instances/meshes-CVIU11/targets/target248
Reading graphs...
40 : 114
1247 : 2738
Initializing...
maxdom : 1247
D->valSize : 49880
Solving...
Blb : 2 (clique : 14)
currentSize : 14 <-- 47.055737 s
currentSize : 15 <-- 47.375225 s
currentSize : 18 <-- 62.857128 s
currentSize : 19 <-- 62.892353 s
currentSize : 20 <-- 62.960571 s
currentSize : 21 <-- 63.062267 s
currentSize : 22 <-- 63.508121 s

TIMEOUT
maxsize : 22
nodes : 22698515.000000
filtered : 16827279742.000000
time : 1000.000061
