Parameters: GAD=1 vflib=0 dir=0 label=0 lowerbound=1 fileNameGp=../instances/meshes-CVIU11/patterns/pattern3 fileNameGt=../instances/meshes-CVIU11/targets/target408
Reading graphs...
163 : 288
352 : 725
Initializing...
maxdom : 352
D->valSize : 57376
Solving...
Blb : 2 (clique : 129)
currentSize : 129 <-- 64.853188 s
currentSize : 130 <-- 64.876434 s
currentSize : 131 <-- 64.982323 s
currentSize : 132 <-- 65.092018 s
currentSize : 133 <-- 65.214058 s
currentSize : 134 <-- 65.391075 s
currentSize : 135 <-- 71.832108 s

TIMEOUT
maxsize : 135
nodes : 10406842.000000
filtered : 2518366874.000000
time : 1000.000305
