Parameters: GAD=1 vflib=0 dir=0 label=0 lowerbound=1 fileNameGp=../instances/meshes-CVIU11/patterns/pattern4 fileNameGt=../instances/meshes-CVIU11/targets/target168
Reading graphs...
40 : 114
1341 : 2112
Initializing...
maxdom : 1341
D->valSize : 53640
Solving...
Blb : 3 (clique : 10)
currentSize : 10 <-- 54.239426 s
currentSize : 14 <-- 54.242516 s
currentSize : 19 <-- 54.249325 s
currentSize : 20 <-- 54.249847 s
currentSize : 21 <-- 54.348083 s
currentSize : 22 <-- 54.357452 s
currentSize : 23 <-- 61.603916 s

TIMEOUT
maxsize : 23
nodes : 12431619.000000
filtered : 13610974560.000000
time : 1000.000122
