Parameters: GAD=1 vflib=0 dir=0 label=0 lowerbound=1 fileNameGp=../instances/meshes-CVIU11/patterns/pattern3 fileNameGt=../instances/meshes-CVIU11/targets/target220
Reading graphs...
163 : 288
300 : 738
Initializing...
maxdom : 300
D->valSize : 48900
Solving...
Blb : 2 (clique : 127)
currentSize : 127 <-- 46.104679 s
currentSize : 128 <-- 60.605221 s
currentSize : 129 <-- 71.307304 s
currentSize : 130 <-- 71.322586 s
currentSize : 131 <-- 74.418510 s
currentSize : 132 <-- 74.787086 s
currentSize : 133 <-- 74.838730 s
currentSize : 134 <-- 103.226448 s
currentSize : 135 <-- 106.647820 s

TIMEOUT
maxsize : 135
nodes : 81079696.000000
filtered : 3408426042.000000
time : 1000.000305
