Parameters: GAD=1 vflib=0 dir=0 label=0 lowerbound=1 fileNameGp=../instances/meshes-CVIU11/patterns/pattern3 fileNameGt=../instances/meshes-CVIU11/targets/target381
Reading graphs...
163 : 288
611 : 1209
Initializing...
maxdom : 611
D->valSize : 99593
Solving...
Blb : 2 (clique : 118)
currentSize : 118 <-- 278.583374 s
currentSize : 119 <-- 278.645721 s
currentSize : 120 <-- 278.954407 s
currentSize : 121 <-- 279.380157 s
currentSize : 122 <-- 279.856628 s
currentSize : 123 <-- 280.341156 s
currentSize : 124 <-- 280.867798 s
currentSize : 125 <-- 281.457306 s
currentSize : 126 <-- 282.171814 s
currentSize : 127 <-- 282.888367 s
currentSize : 128 <-- 283.499237 s

TIMEOUT
maxsize : 128
nodes : 24644953.000000
filtered : 3832740498.000000
time : 1000.000305
