Parameters: GAD=1 vflib=0 dir=0 label=0 lowerbound=1 fileNameGp=../instances/meshes-CVIU11/patterns/pattern2 fileNameGt=../instances/meshes-CVIU11/targets/target305
Reading graphs...
129 : 381
844 : 1607
Initializing...
maxdom : 844
D->valSize : 108876
Solving...
Blb : 2 (clique : 53)
currentSize : 53 <-- 304.147339 s
currentSize : 54 <-- 304.156616 s
currentSize : 55 <-- 304.157257 s
currentSize : 56 <-- 304.161377 s
currentSize : 57 <-- 304.170898 s
currentSize : 58 <-- 305.194580 s

TIMEOUT
maxsize : 58
nodes : 51318968.000000
filtered : 8716599956.000000
time : 1000.000122
