Parameters: GAD=1 vflib=0 dir=0 label=0 lowerbound=1 fileNameGp=../instances/meshes-CVIU11/patterns/pattern3 fileNameGt=../instances/meshes-CVIU11/targets/target213
Reading graphs...
163 : 288
409 : 1047
Initializing...
maxdom : 409
D->valSize : 66667
Solving...
Blb : 2 (clique : 124)
currentSize : 124 <-- 116.868713 s
currentSize : 125 <-- 116.897652 s
currentSize : 126 <-- 116.924240 s
currentSize : 127 <-- 116.976051 s
currentSize : 128 <-- 117.197136 s
currentSize : 129 <-- 118.212807 s
currentSize : 130 <-- 118.338676 s
currentSize : 131 <-- 119.240143 s
currentSize : 132 <-- 121.285179 s
currentSize : 133 <-- 122.724754 s
currentSize : 134 <-- 124.587837 s
currentSize : 135 <-- 126.533852 s
currentSize : 136 <-- 130.397369 s
currentSize : 137 <-- 134.713074 s
currentSize : 138 <-- 135.479721 s
currentSize : 139 <-- 137.502396 s
currentSize : 140 <-- 141.345367 s
currentSize : 141 <-- 147.767990 s
currentSize : 142 <-- 149.413773 s

TIMEOUT
maxsize : 142
nodes : 15173659.000000
filtered : 4961947517.000000
time : 1000.000305
