Parameters: GAD=1 vflib=0 dir=0 label=0 lowerbound=1 fileNameGp=../instances/meshes-CVIU11/patterns/pattern3 fileNameGt=../instances/meshes-CVIU11/targets/target357
Reading graphs...
163 : 288
411 : 1061
Initializing...
maxdom : 411
D->valSize : 66993
Solving...
Blb : 2 (clique : 125)
currentSize : 125 <-- 92.561325 s
currentSize : 130 <-- 92.589333 s
currentSize : 131 <-- 92.603981 s
currentSize : 132 <-- 92.619469 s
currentSize : 133 <-- 92.643158 s
currentSize : 134 <-- 92.791397 s
currentSize : 135 <-- 92.957436 s
currentSize : 136 <-- 93.139824 s
currentSize : 137 <-- 93.337578 s
currentSize : 138 <-- 93.584015 s
currentSize : 139 <-- 93.850670 s
currentSize : 140 <-- 94.104599 s
currentSize : 141 <-- 94.273567 s
currentSize : 142 <-- 94.788612 s

TIMEOUT
maxsize : 142
nodes : 7661664.000000
filtered : 3487523417.000000
time : 1000.000366
