Parameters: GAD=1 vflib=0 dir=0 label=0 lowerbound=1 fileNameGp=../instances/meshes-CVIU11/patterns/pattern3 fileNameGt=../instances/meshes-CVIU11/targets/target7
Reading graphs...
163 : 288
585 : 989
Initializing...
maxdom : 585
D->valSize : 95355
Solving...
Blb : 2 (clique : 116)
currentSize : 116 <-- 298.092621 s
currentSize : 117 <-- 298.127899 s
currentSize : 118 <-- 298.292847 s
currentSize : 119 <-- 298.549011 s
currentSize : 120 <-- 298.800507 s
currentSize : 121 <-- 299.089081 s
currentSize : 122 <-- 299.475769 s
currentSize : 123 <-- 299.914978 s
currentSize : 124 <-- 301.426208 s
currentSize : 125 <-- 301.858521 s
currentSize : 126 <-- 302.308563 s
currentSize : 127 <-- 302.752563 s
currentSize : 128 <-- 303.209015 s
currentSize : 129 <-- 303.640503 s
currentSize : 130 <-- 304.057159 s

TIMEOUT
maxsize : 130
nodes : 21685115.000000
filtered : 3306739688.000000
time : 1000.000366
