Parameters: GAD=1 vflib=0 dir=0 label=0 lowerbound=1 fileNameGp=../instances/meshes-CVIU11/patterns/pattern5 fileNameGt=../instances/meshes-CVIU11/targets/target121
Reading graphs...
82 : 240
290 : 718
Initializing...
maxdom : 290
D->valSize : 23780
Solving...
Blb : 2 (clique : 27)
currentSize : 27 <-- 9.490052 s
currentSize : 28 <-- 9.491684 s
currentSize : 29 <-- 9.491994 s
currentSize : 30 <-- 9.493010 s
currentSize : 38 <-- 9.501168 s
currentSize : 39 <-- 9.502312 s
currentSize : 40 <-- 9.576349 s

TIMEOUT
maxsize : 40
nodes : 38660206.000000
filtered : 12816530013.000000
time : 1000.000061
