Parameters: GAD=1 vflib=0 dir=0 label=0 lowerbound=1 fileNameGp=../instances/phase/phase-30-150-0.84-0.76-0.76-1-pattern fileNameGt=../instances/phase/phase-30-150-0.84-0.76-0.76-1-target
Reading graphs...
30 : 381
150 : 8477
Initializing...
maxdom : 150
D->valSize : 4500
Solving...
Blb : 2 (clique : 16)
currentSize : 16 <-- 0.264000 s
currentSize : 17 <-- 0.264356 s
currentSize : 19 <-- 0.264542 s
currentSize : 20 <-- 0.266655 s
currentSize : 21 <-- 0.319702 s
currentSize : 22 <-- 0.322988 s
currentSize : 23 <-- 31.222696 s
currentSize : 24 <-- 233.900726 s
currentSize : 25 <-- 688.424377 s

TIMEOUT
maxsize : 25
nodes : 196005983.000000
filtered : 4996514387.000000
time : 1000.000000
