Parameters: GAD=1 vflib=0 dir=0 label=0 lowerbound=1 fileNameGp=../instances/phase/phase-30-150-0.68-0.64-0.68-4-pattern fileNameGt=../instances/phase/phase-30-150-0.68-0.64-0.68-4-target
Reading graphs...
30 : 302
150 : 7434
Initializing...
maxdom : 150
D->valSize : 4500
Solving...
Blb : 2 (clique : 13)
currentSize : 13 <-- 0.241631 s
currentSize : 14 <-- 0.241943 s
currentSize : 15 <-- 0.242128 s
currentSize : 16 <-- 0.247083 s
currentSize : 17 <-- 0.712268 s
currentSize : 18 <-- 8.070582 s
currentSize : 19 <-- 630.389404 s

TIMEOUT
maxsize : 19
nodes : 250730035.000000
filtered : 3475632695.000000
time : 1000.000000
