Parameters: GAD=1 vflib=0 dir=0 label=0 lowerbound=1 fileNameGp=../instances/phase/phase-30-150-0.70-0.66-0.70-3-pattern fileNameGt=../instances/phase/phase-30-150-0.70-0.66-0.70-3-target
Reading graphs...
30 : 314
150 : 7651
Initializing...
maxdom : 150
D->valSize : 4500
Solving...
Blb : 2 (clique : 13)
currentSize : 13 <-- 0.246206 s
currentSize : 14 <-- 0.246558 s
currentSize : 15 <-- 0.246935 s
currentSize : 16 <-- 0.247189 s
currentSize : 17 <-- 0.393315 s
currentSize : 18 <-- 0.837608 s
currentSize : 19 <-- 643.645813 s

TIMEOUT
maxsize : 19
nodes : 253037282.000000
filtered : 3526491951.000000
time : 1000.000000
