Parameters: GAD=1 vflib=0 dir=0 label=0 lowerbound=1 fileNameGp=../instances/phase/phase-30-150-0.76-0.70-0.72-6-pattern fileNameGt=../instances/phase/phase-30-150-0.76-0.70-0.72-6-target
Reading graphs...
30 : 330
150 : 8008
Initializing...
maxdom : 150
D->valSize : 4500
Solving...
Blb : 3 (clique : 15)
currentSize : 15 <-- 0.253169 s
currentSize : 16 <-- 0.253578 s
currentSize : 17 <-- 0.259970 s
currentSize : 18 <-- 0.320579 s
currentSize : 19 <-- 1.947485 s
currentSize : 20 <-- 52.664745 s

TIMEOUT
maxsize : 20
nodes : 224598891.000000
filtered : 4191135394.000000
time : 1000.000000
