Parameters: GAD=1 vflib=0 dir=0 label=0 lowerbound=1 fileNameGp=../instances/phase/phase-30-150-0.76-0.70-0.72-8-pattern fileNameGt=../instances/phase/phase-30-150-0.76-0.70-0.72-8-target
Reading graphs...
30 : 333
150 : 8000
Initializing...
maxdom : 150
D->valSize : 4500
Solving...
Blb : 2 (clique : 15)
currentSize : 15 <-- 0.249495 s
currentSize : 16 <-- 0.250034 s
currentSize : 17 <-- 0.252250 s
currentSize : 18 <-- 0.311088 s
currentSize : 19 <-- 1.522804 s
currentSize : 20 <-- 48.310680 s

TIMEOUT
maxsize : 20
nodes : 233552698.000000
filtered : 3948620021.000000
time : 1000.000000
