Parameters: GAD=1 vflib=0 dir=0 label=0 lowerbound=1 fileNameGp=../instances/phase/phase-30-150-0.72-0.66-0.70-2-pattern fileNameGt=../instances/phase/phase-30-150-0.72-0.66-0.70-2-target
Reading graphs...
30 : 327
150 : 7667
Initializing...
maxdom : 150
D->valSize : 4500
Solving...
Blb : 2 (clique : 14)
currentSize : 14 <-- 0.268077 s
currentSize : 15 <-- 0.268702 s
currentSize : 16 <-- 0.269852 s
currentSize : 17 <-- 0.278886 s
currentSize : 18 <-- 0.438079 s
currentSize : 19 <-- 89.088242 s

TIMEOUT
maxsize : 19
nodes : 245993761.000000
filtered : 3578492310.000000
time : 1000.000061
