Parameters: GAD=1 vflib=0 dir=0 label=0 lowerbound=1 fileNameGp=../instances/phase/phase-30-150-0.56-0.56-0.60-3-pattern fileNameGt=../instances/phase/phase-30-150-0.56-0.56-0.60-3-target
Reading graphs...
30 : 257
150 : 6611
Initializing...
maxdom : 150
D->valSize : 4500
Solving...
Blb : 2 (clique : 12)
currentSize : 12 <-- 0.233624 s
currentSize : 13 <-- 0.233951 s
currentSize : 14 <-- 0.234428 s
currentSize : 15 <-- 0.242600 s
currentSize : 16 <-- 0.847046 s
currentSize : 17 <-- 459.132660 s

TIMEOUT
maxsize : 17
nodes : 273756030.000000
filtered : 3170010801.000000
time : 1000.000000
