Parameters: GAD=1 vflib=0 dir=0 label=0 lowerbound=1 fileNameGp=../instances/phase/phase-30-150-0.74-0.68-0.70-5-pattern fileNameGt=../instances/phase/phase-30-150-0.74-0.68-0.70-5-target
Reading graphs...
30 : 318
150 : 7720
Initializing...
maxdom : 150
D->valSize : 4500
Solving...
Blb : 2 (clique : 13)
currentSize : 13 <-- 0.247371 s
currentSize : 15 <-- 0.247678 s
currentSize : 16 <-- 0.247714 s
currentSize : 17 <-- 0.251793 s
currentSize : 18 <-- 1.593649 s
currentSize : 19 <-- 11.433551 s

TIMEOUT
maxsize : 19
nodes : 237906620.000000
filtered : 3857629663.000000
time : 1000.000000
