Parameters: GAD=1 vflib=0 dir=0 label=0 lowerbound=1 fileNameGp=../instances/phase/phase-30-150-0.80-0.72-0.74-5-pattern fileNameGt=../instances/phase/phase-30-150-0.80-0.72-0.74-5-target
Reading graphs...
30 : 364
150 : 8194
Initializing...
maxdom : 150
D->valSize : 4500
Solving...
Blb : 2 (clique : 17)
currentSize : 17 <-- 0.322813 s
currentSize : 18 <-- 0.323323 s
currentSize : 19 <-- 0.332366 s
currentSize : 20 <-- 0.339162 s
currentSize : 21 <-- 0.910423 s
currentSize : 22 <-- 57.451229 s

TIMEOUT
maxsize : 22
nodes : 207022003.000000
filtered : 4592300561.000000
time : 1000.000000
