Parameters: GAD=1 vflib=0 dir=0 label=0 lowerbound=1 fileNameGp=../instances/phase/phase-30-150-0.38-0.38-0.44-7-pattern fileNameGt=../instances/phase/phase-30-150-0.38-0.38-0.44-7-target
Reading graphs...
30 : 183
150 : 4348
Initializing...
maxdom : 150
D->valSize : 4500
Solving...
Blb : 2 (clique : 12)
currentSize : 12 <-- 0.235691 s
currentSize : 13 <-- 0.236072 s
currentSize : 14 <-- 0.236576 s
currentSize : 15 <-- 0.394706 s
currentSize : 16 <-- 0.873845 s
currentSize : 17 <-- 694.451477 s

TIMEOUT
maxsize : 17
nodes : 296627942.000000
filtered : 3339240930.000000
time : 1000.000000
