Parameters: GAD=1 vflib=0 dir=0 label=0 lowerbound=1 fileNameGp=../instances/phase/phase-30-150-0.84-0.74-0.76-4-pattern fileNameGt=../instances/phase/phase-30-150-0.84-0.74-0.76-4-target
Reading graphs...
30 : 356
150 : 8251
Initializing...
maxdom : 150
D->valSize : 4500
Solving...
Blb : 2 (clique : 17)
currentSize : 17 <-- 0.254113 s
currentSize : 18 <-- 0.254467 s
currentSize : 19 <-- 0.267136 s
currentSize : 20 <-- 0.306133 s
currentSize : 21 <-- 2.365614 s
currentSize : 22 <-- 154.512619 s

TIMEOUT
maxsize : 22
nodes : 220918920.000000
filtered : 4317174223.000000
time : 1000.000000
