Parameters: GAD=1 vflib=0 dir=0 label=0 lowerbound=1 fileNameGp=../instances/phase/phase-30-150-0.46-0.50-0.52-3-pattern fileNameGt=../instances/phase/phase-30-150-0.46-0.50-0.52-3-target
Reading graphs...
30 : 197
150 : 5799
Initializing...
maxdom : 150
D->valSize : 4500
Solving...
Blb : 2 (clique : 12)
currentSize : 12 <-- 0.270362 s
currentSize : 13 <-- 0.270683 s
currentSize : 14 <-- 0.273568 s
currentSize : 15 <-- 0.360698 s
currentSize : 16 <-- 27.324903 s
currentSize : 17 <-- 413.606171 s

TIMEOUT
maxsize : 17
nodes : 285395483.000000
filtered : 2989742620.000000
time : 1000.000000
