Parameters: GAD=1 vflib=0 dir=0 label=0 lowerbound=1 fileNameGp=../instances/phase/phase-30-150-0.80-0.72-0.74-3-pattern fileNameGt=../instances/phase/phase-30-150-0.80-0.72-0.74-3-target
Reading graphs...
30 : 342
150 : 8211
Initializing...
maxdom : 150
D->valSize : 4500
Solving...
Blb : 2 (clique : 16)
currentSize : 16 <-- 0.252498 s
currentSize : 17 <-- 0.253872 s
currentSize : 18 <-- 0.276460 s
currentSize : 19 <-- 0.293671 s
currentSize : 20 <-- 4.399050 s
currentSize : 21 <-- 84.639870 s

TIMEOUT
maxsize : 21
nodes : 221109238.000000
filtered : 4381822725.000000
time : 1000.000000
