Parameters: GAD=1 vflib=0 dir=0 label=0 lowerbound=1 fileNameGp=../instances/phase/phase-30-150-0.84-0.74-0.76-6-pattern fileNameGt=../instances/phase/phase-30-150-0.84-0.74-0.76-6-target
Reading graphs...
30 : 371
150 : 8345
Initializing...
maxdom : 150
D->valSize : 4500
Solving...
Blb : 2 (clique : 16)
currentSize : 16 <-- 0.281115 s
currentSize : 17 <-- 0.281469 s
currentSize : 18 <-- 0.281494 s
currentSize : 19 <-- 0.283421 s
currentSize : 20 <-- 0.286488 s
currentSize : 21 <-- 0.521245 s
currentSize : 22 <-- 7.301915 s
currentSize : 23 <-- 265.272400 s

TIMEOUT
maxsize : 23
nodes : 187076697.000000
filtered : 5165577518.000000
time : 1000.000000
