Parameters: GAD=1 vflib=0 dir=0 label=0 lowerbound=1 fileNameGp=../instances/phase/phase-30-150-0.84-0.74-0.76-7-pattern fileNameGt=../instances/phase/phase-30-150-0.84-0.74-0.76-7-target
Reading graphs...
30 : 378
150 : 8470
Initializing...
maxdom : 150
D->valSize : 4500
Solving...
Blb : 2 (clique : 18)
currentSize : 18 <-- 0.266493 s
currentSize : 19 <-- 0.266923 s
currentSize : 20 <-- 0.267672 s
currentSize : 21 <-- 0.269250 s
currentSize : 22 <-- 0.447290 s
currentSize : 23 <-- 0.495294 s
currentSize : 24 <-- 56.246613 s

TIMEOUT
maxsize : 24
nodes : 183285082.000000
filtered : 5097882764.000000
time : 1000.000000
