Parameters: GAD=1 vflib=0 dir=0 label=0 lowerbound=1 fileNameGp=../instances/phase/phase-30-150-0.40-0.46-0.48-1-pattern fileNameGt=../instances/phase/phase-30-150-0.40-0.46-0.48-1-target
Reading graphs...
30 : 178
150 : 5234
Initializing...
maxdom : 150
D->valSize : 4500
Solving...
Blb : 2 (clique : 12)
currentSize : 12 <-- 0.290237 s
currentSize : 13 <-- 0.290677 s
currentSize : 14 <-- 0.291143 s
currentSize : 15 <-- 0.299769 s
currentSize : 16 <-- 0.528079 s
currentSize : 17 <-- 223.948425 s

TIMEOUT
maxsize : 17
nodes : 288763572.000000
filtered : 2979787430.000000
time : 1000.000061
