Parameters: GAD=1 vflib=0 dir=0 label=0 lowerbound=1 fileNameGp=../instances/phase/phase-30-150-0.76-0.70-0.72-2-pattern fileNameGt=../instances/phase/phase-30-150-0.76-0.70-0.72-2-target
Reading graphs...
30 : 325
150 : 7989
Initializing...
maxdom : 150
D->valSize : 4500
Solving...
Blb : 2 (clique : 14)
currentSize : 14 <-- 0.249526 s
currentSize : 15 <-- 0.250054 s
currentSize : 16 <-- 0.250159 s
currentSize : 17 <-- 0.251679 s
currentSize : 18 <-- 0.262834 s
currentSize : 19 <-- 1.119397 s
currentSize : 20 <-- 418.373901 s

TIMEOUT
maxsize : 20
nodes : 227960846.000000
filtered : 4418779787.000000
time : 1000.000000
