Parameters: GAD=1 vflib=0 dir=0 label=0 lowerbound=1 fileNameGp=../instances/phase/phase-30-150-0.46-0.50-0.52-5-pattern fileNameGt=../instances/phase/phase-30-150-0.46-0.50-0.52-5-target
Reading graphs...
30 : 198
150 : 5735
Initializing...
maxdom : 150
D->valSize : 4500
Solving...
Blb : 2 (clique : 12)
currentSize : 12 <-- 0.229525 s
currentSize : 13 <-- 0.229919 s
currentSize : 14 <-- 0.230655 s
currentSize : 15 <-- 0.333831 s
currentSize : 16 <-- 1.999759 s
currentSize : 17 <-- 352.590820 s

TIMEOUT
maxsize : 17
nodes : 286174340.000000
filtered : 2997665428.000000
time : 1000.000000
