Parameters: GAD=1 vflib=0 dir=0 label=0 lowerbound=1 fileNameGp=../instances/phase/phase-30-150-0.68-0.64-0.68-3-pattern fileNameGt=../instances/phase/phase-30-150-0.68-0.64-0.68-3-target
Reading graphs...
30 : 292
150 : 7492
Initializing...
maxdom : 150
D->valSize : 4500
Solving...
Blb : 2 (clique : 13)
currentSize : 13 <-- 0.240946 s
currentSize : 14 <-- 0.241329 s
currentSize : 15 <-- 0.242756 s
currentSize : 16 <-- 0.246199 s
currentSize : 17 <-- 0.401633 s
currentSize : 18 <-- 73.782188 s

TIMEOUT
maxsize : 18
nodes : 257775859.000000
filtered : 3493882579.000000
time : 1000.000000
