Parameters: GAD=1 vflib=0 dir=0 label=0 lowerbound=1 fileNameGp=../instances/phase/phase-30-150-0.48-0.50-0.54-7-pattern fileNameGt=../instances/phase/phase-30-150-0.48-0.50-0.54-7-target
Reading graphs...
30 : 206
150 : 5834
Initializing...
maxdom : 150
D->valSize : 4500
Solving...
Blb : 2 (clique : 12)
currentSize : 12 <-- 0.228936 s
currentSize : 13 <-- 0.229504 s
currentSize : 14 <-- 0.229793 s
currentSize : 15 <-- 0.301008 s
currentSize : 16 <-- 8.773016 s
currentSize : 17 <-- 241.966843 s

TIMEOUT
maxsize : 17
nodes : 283929097.000000
filtered : 3065261428.000000
time : 1000.000000
