Parameters: GAD=1 vflib=0 dir=0 label=0 lowerbound=1 fileNameGp=../instances/phase/phase-30-150-0.84-0.76-0.76-7-pattern fileNameGt=../instances/phase/phase-30-150-0.84-0.76-0.76-7-target
Reading graphs...
30 : 354
150 : 8467
Initializing...
maxdom : 150
D->valSize : 4500
Solving...
Blb : 5 (clique : 17)
currentSize : 17 <-- 0.257840 s
currentSize : 18 <-- 0.258663 s
currentSize : 19 <-- 0.262423 s
currentSize : 20 <-- 0.298859 s
currentSize : 21 <-- 0.757978 s
currentSize : 22 <-- 53.450409 s

TIMEOUT
maxsize : 22
nodes : 224731408.000000
filtered : 4334783860.000000
time : 1000.000000
