Parameters: GAD=1 vflib=0 dir=0 label=0 lowerbound=1 fileNameGp=../instances/phase/phase-30-150-0.68-0.64-0.68-2-pattern fileNameGt=../instances/phase/phase-30-150-0.68-0.64-0.68-2-target
Reading graphs...
30 : 295
150 : 7299
Initializing...
maxdom : 150
D->valSize : 4500
Solving...
Blb : 2 (clique : 13)
currentSize : 13 <-- 0.374459 s
currentSize : 14 <-- 0.375000 s
currentSize : 15 <-- 0.377393 s
currentSize : 16 <-- 0.377479 s
currentSize : 17 <-- 0.423106 s
currentSize : 18 <-- 12.010418 s

TIMEOUT
maxsize : 18
nodes : 256117720.000000
filtered : 3341741585.000000
time : 1000.000061
