Parameters: GAD=1 vflib=0 dir=0 label=0 lowerbound=1 fileNameGp=../instances/phase/phase-30-150-0.74-0.68-0.70-2-pattern fileNameGt=../instances/phase/phase-30-150-0.74-0.68-0.70-2-target
Reading graphs...
30 : 316
150 : 7717
Initializing...
maxdom : 150
D->valSize : 4500
Solving...
Blb : 5 (clique : 14)
currentSize : 14 <-- 0.247932 s
currentSize : 15 <-- 0.248647 s
currentSize : 16 <-- 0.248690 s
currentSize : 17 <-- 0.267375 s
currentSize : 18 <-- 0.581677 s
currentSize : 19 <-- 47.548054 s

TIMEOUT
maxsize : 19
nodes : 241123504.000000
filtered : 3742502196.000000
time : 1000.000000
