Parameters: GAD=1 vflib=0 dir=0 label=0 lowerbound=1 fileNameGp=../instances/phase/phase-30-150-0.64-0.62-0.64-6-pattern fileNameGt=../instances/phase/phase-30-150-0.64-0.62-0.64-6-target
Reading graphs...
30 : 285
150 : 7162
Initializing...
maxdom : 150
D->valSize : 4500
Solving...
Blb : 2 (clique : 13)
currentSize : 13 <-- 0.239800 s
currentSize : 14 <-- 0.240162 s
currentSize : 15 <-- 0.240820 s
currentSize : 16 <-- 0.246052 s
currentSize : 17 <-- 10.771285 s
currentSize : 18 <-- 593.568298 s

TIMEOUT
maxsize : 18
nodes : 269337354.000000
filtered : 3072329124.000000
time : 1000.000000
