Parameters: GAD=1 vflib=0 dir=0 label=0 lowerbound=1 fileNameGp=../instances/phase/phase-30-150-0.70-0.66-0.70-5-pattern fileNameGt=../instances/phase/phase-30-150-0.70-0.66-0.70-5-target
Reading graphs...
30 : 320
150 : 7520
Initializing...
maxdom : 150
D->valSize : 4500
Solving...
Blb : 2 (clique : 13)
currentSize : 13 <-- 0.243716 s
currentSize : 15 <-- 0.244023 s
currentSize : 16 <-- 0.244105 s
currentSize : 17 <-- 0.256171 s
currentSize : 18 <-- 1.180486 s
currentSize : 19 <-- 153.639877 s

TIMEOUT
maxsize : 19
nodes : 242496202.000000
filtered : 3668403819.000000
time : 1000.000000
