Parameters: GAD=1 vflib=0 dir=0 label=0 lowerbound=1 fileNameGp=../instances/phase/phase-30-150-0.68-0.64-0.68-5-pattern fileNameGt=../instances/phase/phase-30-150-0.68-0.64-0.68-5-target
Reading graphs...
30 : 307
150 : 7207
Initializing...
maxdom : 150
D->valSize : 4500
Solving...
Blb : 2 (clique : 13)
currentSize : 13 <-- 0.265545 s
currentSize : 14 <-- 0.265935 s
currentSize : 15 <-- 0.267347 s
currentSize : 16 <-- 0.284922 s
currentSize : 17 <-- 0.663432 s
currentSize : 18 <-- 34.288944 s

TIMEOUT
maxsize : 18
nodes : 257016099.000000
filtered : 3255199529.000000
time : 1000.000000
