Parameters: GAD=1 vflib=0 dir=0 label=0 lowerbound=1 fileNameGp=../instances/phase/phase-30-150-0.80-0.72-0.74-2-pattern fileNameGt=../instances/phase/phase-30-150-0.80-0.72-0.74-2-target
Reading graphs...
30 : 358
150 : 8143
Initializing...
maxdom : 150
D->valSize : 4500
Solving...
Blb : 2 (clique : 15)
currentSize : 15 <-- 0.317257 s
currentSize : 16 <-- 0.317607 s
currentSize : 17 <-- 0.317825 s
currentSize : 18 <-- 0.319116 s
currentSize : 19 <-- 0.406322 s
currentSize : 20 <-- 1.106446 s
currentSize : 21 <-- 38.631416 s

TIMEOUT
maxsize : 21
nodes : 227017486.000000
filtered : 4553787459.000000
time : 1000.000000
