Parameters: GAD=1 vflib=0 dir=0 label=0 lowerbound=1 fileNameGp=../instances/phase/phase-30-150-0.76-0.70-0.72-1-pattern fileNameGt=../instances/phase/phase-30-150-0.76-0.70-0.72-1-target
Reading graphs...
30 : 333
150 : 7775
Initializing...
maxdom : 150
D->valSize : 4500
Solving...
Blb : 2 (clique : 14)
currentSize : 14 <-- 0.248823 s
currentSize : 15 <-- 0.249168 s
currentSize : 16 <-- 0.249244 s
currentSize : 17 <-- 0.249271 s
currentSize : 18 <-- 0.249556 s
currentSize : 19 <-- 0.356643 s
currentSize : 20 <-- 97.350555 s

TIMEOUT
maxsize : 20
nodes : 227643208.000000
filtered : 4149270807.000000
time : 1000.000000
