Parameters: GAD=1 vflib=0 dir=0 label=0 lowerbound=1 fileNameGp=../instances/phase/phase-30-150-0.74-0.68-0.70-4-pattern fileNameGt=../instances/phase/phase-30-150-0.74-0.68-0.70-4-target
Reading graphs...
30 : 316
150 : 7732
Initializing...
maxdom : 150
D->valSize : 4500
Solving...
Blb : 2 (clique : 14)
currentSize : 14 <-- 0.246763 s
currentSize : 15 <-- 0.247080 s
currentSize : 16 <-- 0.247160 s
currentSize : 17 <-- 0.247442 s
currentSize : 18 <-- 0.651191 s
currentSize : 19 <-- 100.443741 s

TIMEOUT
maxsize : 19
nodes : 245725893.000000
filtered : 3610042822.000000
time : 1000.000000
