Parameters: GAD=1 vflib=0 dir=0 label=0 lowerbound=1 fileNameGp=../instances/phase/phase-30-150-0.78-0.72-0.74-1-pattern fileNameGt=../instances/phase/phase-30-150-0.78-0.72-0.74-1-target
Reading graphs...
30 : 358
150 : 8157
Initializing...
maxdom : 150
D->valSize : 4500
Solving...
Blb : 2 (clique : 16)
currentSize : 16 <-- 0.257391 s
currentSize : 17 <-- 0.257731 s
currentSize : 18 <-- 0.257789 s
currentSize : 19 <-- 0.257979 s
currentSize : 20 <-- 0.362793 s
currentSize : 21 <-- 0.952254 s
currentSize : 22 <-- 7.059601 s

TIMEOUT
maxsize : 22
nodes : 213904077.000000
filtered : 4445772376.000000
time : 1000.000000
