Parameters: GAD=1 vflib=0 dir=0 label=0 lowerbound=1 fileNameGp=../instances/phase/phase-30-150-0.46-0.50-0.52-1-pattern fileNameGt=../instances/phase/phase-30-150-0.46-0.50-0.52-1-target
Reading graphs...
30 : 200
150 : 5573
Initializing...
maxdom : 150
D->valSize : 4500
Solving...
Blb : 2 (clique : 12)
currentSize : 12 <-- 0.229202 s
currentSize : 13 <-- 0.229515 s
currentSize : 14 <-- 0.230459 s
currentSize : 15 <-- 0.430367 s
currentSize : 16 <-- 51.558117 s
currentSize : 17 <-- 604.395386 s

TIMEOUT
maxsize : 17
nodes : 294736883.000000
filtered : 2872197274.000000
time : 1000.000000
