Parameters: GAD=1 vflib=0 dir=0 label=0 lowerbound=1 fileNameGp=../instances/phase/phase-30-150-0.60-0.58-0.62-2-pattern fileNameGt=../instances/phase/phase-30-150-0.60-0.58-0.62-2-target
Reading graphs...
30 : 265
150 : 6743
Initializing...
maxdom : 150
D->valSize : 4500
Solving...
Blb : 2 (clique : 12)
currentSize : 12 <-- 0.236259 s
currentSize : 13 <-- 0.236599 s
currentSize : 14 <-- 0.239555 s
currentSize : 15 <-- 0.320104 s
currentSize : 16 <-- 0.713431 s
currentSize : 17 <-- 157.837326 s

TIMEOUT
maxsize : 17
nodes : 277297050.000000
filtered : 2918323667.000000
time : 1000.000061
