Parameters: GAD=1 vflib=0 dir=0 label=0 lowerbound=1 fileNameGp=../instances/phase/phase-30-150-0.82-0.74-0.76-1-pattern fileNameGt=../instances/phase/phase-30-150-0.82-0.74-0.76-1-target
Reading graphs...
30 : 347
150 : 8479
Initializing...
maxdom : 150
D->valSize : 4500
Solving...
Blb : 2 (clique : 17)
currentSize : 17 <-- 0.256445 s
currentSize : 18 <-- 0.256936 s
currentSize : 19 <-- 0.277776 s
currentSize : 20 <-- 0.545898 s
currentSize : 21 <-- 2.468735 s
currentSize : 22 <-- 51.704243 s

TIMEOUT
maxsize : 22
nodes : 208547145.000000
filtered : 4777549746.000000
time : 1000.000061
