Parameters: GAD=1 vflib=0 dir=0 label=0 lowerbound=1 fileNameGp=../instances/phase/phase-30-150-0.72-0.66-0.70-8-pattern fileNameGt=../instances/phase/phase-30-150-0.72-0.66-0.70-8-target
Reading graphs...
30 : 326
150 : 7548
Initializing...
maxdom : 150
D->valSize : 4500
Solving...
Blb : 2 (clique : 14)
currentSize : 14 <-- 0.245128 s
currentSize : 15 <-- 0.245677 s
currentSize : 16 <-- 0.246251 s
currentSize : 17 <-- 0.335435 s
currentSize : 18 <-- 1.325007 s
currentSize : 19 <-- 69.640106 s

TIMEOUT
maxsize : 19
nodes : 247341597.000000
filtered : 3482976529.000000
time : 1000.000000
