Parameters: GAD=1 vflib=0 dir=0 label=0 lowerbound=1 fileNameGp=../instances/phase/phase-30-150-0.74-0.68-0.70-3-pattern fileNameGt=../instances/phase/phase-30-150-0.74-0.68-0.70-3-target
Reading graphs...
30 : 321
150 : 7853
Initializing...
maxdom : 150
D->valSize : 4500
Solving...
Blb : 2 (clique : 15)
currentSize : 15 <-- 0.246825 s
currentSize : 16 <-- 0.247157 s
currentSize : 17 <-- 0.247408 s
currentSize : 18 <-- 0.294574 s
currentSize : 19 <-- 0.333920 s
currentSize : 20 <-- 701.862671 s

TIMEOUT
maxsize : 20
nodes : 242018539.000000
filtered : 3727013252.000000
time : 1000.000000
