Parameters: GAD=1 vflib=0 dir=0 label=0 lowerbound=1 fileNameGp=../instances/phase/phase-30-150-0.66-0.64-0.66-6-pattern fileNameGt=../instances/phase/phase-30-150-0.66-0.64-0.66-6-target
Reading graphs...
30 : 285
150 : 7319
Initializing...
maxdom : 150
D->valSize : 4500
Solving...
Blb : 2 (clique : 13)
currentSize : 13 <-- 0.239624 s
currentSize : 14 <-- 0.240423 s
currentSize : 15 <-- 0.240680 s
currentSize : 16 <-- 0.293558 s
currentSize : 17 <-- 2.687550 s
currentSize : 18 <-- 859.753235 s

TIMEOUT
maxsize : 18
nodes : 264050003.000000
filtered : 3191847779.000000
time : 1000.000000
