Parameters: GAD=1 vflib=0 dir=0 label=0 lowerbound=1 fileNameGp=../instances/phase/phase-30-150-0.40-0.46-0.48-3-pattern fileNameGt=../instances/phase/phase-30-150-0.40-0.46-0.48-3-target
Reading graphs...
30 : 169
150 : 5157
Initializing...
maxdom : 150
D->valSize : 4500
Solving...
Blb : 2 (clique : 11)
currentSize : 11 <-- 0.232699 s
currentSize : 13 <-- 0.233015 s
currentSize : 14 <-- 0.234016 s
currentSize : 15 <-- 0.243833 s
currentSize : 16 <-- 10.554556 s
currentSize : 17 <-- 929.030640 s

TIMEOUT
maxsize : 17
nodes : 306538333.000000
filtered : 2786462382.000000
time : 1000.000061
