Parameters: GAD=1 vflib=0 dir=0 label=0 lowerbound=1 fileNameGp=../instances/phase/phase-30-150-0.78-0.72-0.74-7-pattern fileNameGt=../instances/phase/phase-30-150-0.78-0.72-0.74-7-target
Reading graphs...
30 : 350
150 : 8082
Initializing...
maxdom : 150
D->valSize : 4500
Solving...
Blb : 2 (clique : 15)
currentSize : 15 <-- 0.283034 s
currentSize : 16 <-- 0.283401 s
currentSize : 17 <-- 0.284330 s
currentSize : 18 <-- 0.287924 s
currentSize : 19 <-- 0.374744 s
currentSize : 20 <-- 6.010793 s

TIMEOUT
maxsize : 20
nodes : 228609181.000000
filtered : 3791436986.000000
time : 1000.000000
