Parameters: GAD=1 vflib=0 dir=0 label=0 lowerbound=1 fileNameGp=../instances/phase/phase-30-150-0.80-0.72-0.74-8-pattern fileNameGt=../instances/phase/phase-30-150-0.80-0.72-0.74-8-target
Reading graphs...
30 : 353
150 : 8135
Initializing...
maxdom : 150
D->valSize : 4500
Solving...
Blb : 2 (clique : 16)
currentSize : 16 <-- 0.254865 s
currentSize : 17 <-- 0.255624 s
currentSize : 18 <-- 0.256791 s
currentSize : 19 <-- 0.261444 s
currentSize : 20 <-- 0.591941 s
currentSize : 21 <-- 12.263986 s

TIMEOUT
maxsize : 21
nodes : 239413575.000000
filtered : 3784960723.000000
time : 1000.000000
