Parameters: GAD=1 vflib=0 dir=0 label=0 lowerbound=1 fileNameGp=../instances/phase/phase-30-150-0.72-0.66-0.70-5-pattern fileNameGt=../instances/phase/phase-30-150-0.72-0.66-0.70-5-target
Reading graphs...
30 : 308
150 : 7568
Initializing...
maxdom : 150
D->valSize : 4500
Solving...
Blb : 5 (clique : 14)
currentSize : 14 <-- 0.243739 s
currentSize : 15 <-- 0.244402 s
currentSize : 16 <-- 0.246971 s
currentSize : 17 <-- 0.251208 s
currentSize : 18 <-- 30.765797 s
currentSize : 19 <-- 683.111511 s

TIMEOUT
maxsize : 19
nodes : 258514266.000000
filtered : 3390140337.000000
time : 1000.000000
