Parameters: GAD=1 vflib=0 dir=0 label=0 lowerbound=1 fileNameGp=../instances/phase/phase-30-150-0.74-0.68-0.70-8-pattern fileNameGt=../instances/phase/phase-30-150-0.74-0.68-0.70-8-target
Reading graphs...
30 : 346
150 : 7577
Initializing...
maxdom : 150
D->valSize : 4500
Solving...
Blb : 5 (clique : 15)
currentSize : 15 <-- 0.265996 s
currentSize : 16 <-- 0.266309 s
currentSize : 17 <-- 0.268093 s
currentSize : 18 <-- 0.283123 s
currentSize : 19 <-- 0.524723 s
currentSize : 20 <-- 10.214579 s

TIMEOUT
maxsize : 20
nodes : 236175736.000000
filtered : 3599327219.000000
time : 1000.000000
