Parameters: GAD=1 vflib=0 dir=0 label=0 lowerbound=1 fileNameGp=../instances/phase/phase-30-150-0.82-0.74-0.76-2-pattern fileNameGt=../instances/phase/phase-30-150-0.82-0.74-0.76-2-target
Reading graphs...
30 : 363
150 : 8538
Initializing...
maxdom : 150
D->valSize : 4500
Solving...
Blb : 2 (clique : 17)
currentSize : 17 <-- 0.259305 s
currentSize : 18 <-- 0.260834 s
currentSize : 19 <-- 0.263524 s
currentSize : 20 <-- 0.278997 s
currentSize : 21 <-- 0.520213 s
currentSize : 22 <-- 1.205441 s
currentSize : 23 <-- 119.202972 s

TIMEOUT
maxsize : 23
nodes : 206439946.000000
filtered : 4864634057.000000
time : 1000.000000
