Parameters: GAD=1 vflib=0 dir=0 label=0 lowerbound=1 fileNameGp=../instances/phase/phase-30-150-0.86-0.76-0.78-2-pattern fileNameGt=../instances/phase/phase-30-150-0.86-0.76-0.78-2-target
Reading graphs...
30 : 377
150 : 8612
Initializing...
maxdom : 150
D->valSize : 4500
Solving...
Blb : 2 (clique : 19)
currentSize : 19 <-- 0.284463 s
currentSize : 20 <-- 0.284860 s
currentSize : 21 <-- 0.287046 s
currentSize : 22 <-- 0.398398 s
currentSize : 23 <-- 0.639454 s
currentSize : 24 <-- 13.771719 s
currentSize : 25 <-- 306.216461 s

TIMEOUT
maxsize : 25
nodes : 183551077.000000
filtered : 5108027251.000000
time : 1000.000000
