Parameters: GAD=1 vflib=0 dir=0 label=0 lowerbound=1 fileNameGp=../instances/phase/phase-30-150-0.46-0.50-0.52-4-pattern fileNameGt=../instances/phase/phase-30-150-0.46-0.50-0.52-4-target
Reading graphs...
30 : 199
150 : 5785
Initializing...
maxdom : 150
D->valSize : 4500
Solving...
Blb : 3 (clique : 11)
currentSize : 11 <-- 0.232599 s
currentSize : 12 <-- 0.232923 s
currentSize : 13 <-- 0.232942 s
currentSize : 14 <-- 0.234780 s
currentSize : 15 <-- 0.758067 s
currentSize : 16 <-- 0.758097 s

TIMEOUT
maxsize : 16
nodes : 293615384.000000
filtered : 2660293625.000000
time : 1000.000000
