Parameters: GAD=1 vflib=0 dir=0 label=0 lowerbound=1 fileNameGp=../instances/phase/phase-30-150-0.70-0.66-0.70-1-pattern fileNameGt=../instances/phase/phase-30-150-0.70-0.66-0.70-1-target
Reading graphs...
30 : 288
150 : 7525
Initializing...
maxdom : 150
D->valSize : 4500
Solving...
Blb : 2 (clique : 13)
currentSize : 13 <-- 0.260025 s
currentSize : 14 <-- 0.260345 s
currentSize : 15 <-- 0.260380 s
currentSize : 16 <-- 0.263398 s
currentSize : 17 <-- 0.527379 s
currentSize : 18 <-- 23.852011 s

TIMEOUT
maxsize : 18
nodes : 242995911.000000
filtered : 3922989465.000000
time : 1000.000061
