Parameters: GAD=1 vflib=0 dir=0 label=0 lowerbound=1 fileNameGp=../instances/phase/phase-30-150-0.78-0.72-0.74-4-pattern fileNameGt=../instances/phase/phase-30-150-0.78-0.72-0.74-4-target
Reading graphs...
30 : 346
150 : 8205
Initializing...
maxdom : 150
D->valSize : 4500
Solving...
Blb : 3 (clique : 16)
currentSize : 16 <-- 0.253806 s
currentSize : 17 <-- 0.254175 s
currentSize : 18 <-- 0.254399 s
currentSize : 19 <-- 0.257755 s
currentSize : 20 <-- 0.282470 s
currentSize : 21 <-- 9.342776 s
currentSize : 22 <-- 910.291260 s

TIMEOUT
maxsize : 22
nodes : 221354777.000000
filtered : 4295779876.000000
time : 1000.000061
