Parameters: GAD=1 vflib=0 dir=0 label=0 lowerbound=1 fileNameGp=../instances/phase/phase-30-150-0.84-0.76-0.76-3-pattern fileNameGt=../instances/phase/phase-30-150-0.84-0.76-0.76-3-target
Reading graphs...
30 : 364
150 : 8537
Initializing...
maxdom : 150
D->valSize : 4500
Solving...
Blb : 2 (clique : 17)
currentSize : 17 <-- 0.280344 s
currentSize : 19 <-- 0.280811 s
currentSize : 20 <-- 0.283235 s
currentSize : 21 <-- 0.326942 s
currentSize : 22 <-- 0.367593 s
currentSize : 23 <-- 15.389170 s
currentSize : 24 <-- 243.157715 s

TIMEOUT
maxsize : 24
nodes : 189804936.000000
filtered : 5584247500.000000
time : 1000.000000
