Parameters: GAD=1 vflib=0 dir=0 label=0 lowerbound=1 fileNameGp=../instances/phase/phase-30-150-0.82-0.74-0.76-6-pattern fileNameGt=../instances/phase/phase-30-150-0.82-0.74-0.76-6-target
Reading graphs...
30 : 359
150 : 8319
Initializing...
maxdom : 150
D->valSize : 4500
Solving...
Blb : 5 (clique : 16)
currentSize : 16 <-- 0.324021 s
currentSize : 17 <-- 0.324442 s
currentSize : 18 <-- 0.324513 s
currentSize : 19 <-- 0.327486 s
currentSize : 20 <-- 0.331856 s
currentSize : 21 <-- 1.719401 s
currentSize : 22 <-- 118.600670 s

TIMEOUT
maxsize : 22
nodes : 228272548.000000
filtered : 3977637866.000000
time : 1000.000000
