Parameters: GAD=1 vflib=0 dir=0 label=0 lowerbound=1 fileNameGp=../instances/phase/phase-30-150-0.84-0.76-0.76-6-pattern fileNameGt=../instances/phase/phase-30-150-0.84-0.76-0.76-6-target
Reading graphs...
30 : 362
150 : 8476
Initializing...
maxdom : 150
D->valSize : 4500
Solving...
Blb : 2 (clique : 17)
currentSize : 17 <-- 0.260008 s
currentSize : 18 <-- 0.260496 s
currentSize : 19 <-- 0.263735 s
currentSize : 20 <-- 0.303736 s
currentSize : 21 <-- 2.906526 s
currentSize : 22 <-- 21.279522 s
currentSize : 23 <-- 909.679993 s

TIMEOUT
maxsize : 23
nodes : 221187937.000000
filtered : 4307518887.000000
time : 1000.000000
