Parameters: GAD=1 vflib=0 dir=0 label=0 lowerbound=1 fileNameGp=../instances/phase/phase-30-150-0.84-0.76-0.76-2-pattern fileNameGt=../instances/phase/phase-30-150-0.84-0.76-0.76-2-target
Reading graphs...
30 : 373
150 : 8408
Initializing...
maxdom : 150
D->valSize : 4500
Solving...
Blb : 3 (clique : 16)
currentSize : 16 <-- 0.260348 s
currentSize : 17 <-- 0.262529 s
currentSize : 18 <-- 0.268323 s
currentSize : 19 <-- 0.367320 s
currentSize : 20 <-- 0.961137 s
currentSize : 21 <-- 7.810884 s
currentSize : 22 <-- 102.804153 s

TIMEOUT
maxsize : 22
nodes : 187653445.000000
filtered : 4930908974.000000
time : 1000.000000
