Parameters: GAD=1 vflib=0 dir=0 label=0 lowerbound=1 fileNameGp=../instances/phase/phase-30-150-0.74-0.68-0.70-7-pattern fileNameGt=../instances/phase/phase-30-150-0.74-0.68-0.70-7-target
Reading graphs...
30 : 322
150 : 7640
Initializing...
maxdom : 150
D->valSize : 4500
Solving...
Blb : 3 (clique : 14)
currentSize : 14 <-- 0.248216 s
currentSize : 15 <-- 0.248588 s
currentSize : 16 <-- 0.253019 s
currentSize : 17 <-- 0.368700 s
currentSize : 18 <-- 1.339671 s
currentSize : 19 <-- 155.200745 s

TIMEOUT
maxsize : 19
nodes : 238945299.000000
filtered : 3752638306.000000
time : 1000.000000
