Parameters: GAD=1 vflib=0 dir=0 label=0 lowerbound=1 fileNameGp=../instances/phase/phase-30-150-0.82-0.74-0.76-4-pattern fileNameGt=../instances/phase/phase-30-150-0.82-0.74-0.76-4-target
Reading graphs...
30 : 360
150 : 8382
Initializing...
maxdom : 150
D->valSize : 4500
Solving...
Blb : 2 (clique : 17)
currentSize : 17 <-- 0.287387 s
currentSize : 18 <-- 0.288099 s
currentSize : 19 <-- 0.288578 s
currentSize : 20 <-- 0.298753 s
currentSize : 21 <-- 0.301873 s
currentSize : 22 <-- 3.304571 s

TIMEOUT
maxsize : 22
nodes : 206473809.000000
filtered : 4678623189.000000
time : 1000.000000
