Parameters: GAD=1 vflib=0 dir=0 label=0 lowerbound=1 fileNameGp=../instances/phase/phase-30-150-0.54-0.56-0.58-1-pattern fileNameGt=../instances/phase/phase-30-150-0.54-0.56-0.58-1-target
Reading graphs...
30 : 253
150 : 6392
Initializing...
maxdom : 150
D->valSize : 4500
Solving...
Blb : 5 (clique : 12)
currentSize : 12 <-- 0.230119 s
currentSize : 13 <-- 0.230840 s
currentSize : 14 <-- 0.240201 s
currentSize : 15 <-- 0.355389 s
currentSize : 16 <-- 21.180901 s
currentSize : 17 <-- 620.022095 s

TIMEOUT
maxsize : 17
nodes : 284506541.000000
filtered : 2801493305.000000
time : 1000.000000
