Parameters: GAD=1 vflib=0 dir=0 label=0 lowerbound=1 fileNameGp=../instances/phase/phase-30-150-0.80-0.72-0.74-1-pattern fileNameGt=../instances/phase/phase-30-150-0.80-0.72-0.74-1-target
Reading graphs...
30 : 351
150 : 8122
Initializing...
maxdom : 150
D->valSize : 4500
Solving...
Blb : 2 (clique : 15)
currentSize : 15 <-- 0.296340 s
currentSize : 16 <-- 0.296689 s
currentSize : 17 <-- 0.296713 s
currentSize : 18 <-- 0.296835 s
currentSize : 19 <-- 0.300945 s
currentSize : 20 <-- 0.518184 s
currentSize : 21 <-- 6.171621 s
currentSize : 22 <-- 832.687866 s

TIMEOUT
maxsize : 22
nodes : 218775739.000000
filtered : 4298168269.000000
time : 1000.000000
