Parameters: GAD=1 vflib=0 dir=0 label=0 lowerbound=1 fileNameGp=../instances/phase/phase-30-150-0.64-0.62-0.64-4-pattern fileNameGt=../instances/phase/phase-30-150-0.64-0.62-0.64-4-target
Reading graphs...
30 : 269
150 : 7181
Initializing...
maxdom : 150
D->valSize : 4500
Solving...
Blb : 2 (clique : 12)
currentSize : 12 <-- 0.269362 s
currentSize : 13 <-- 0.269927 s
currentSize : 14 <-- 0.269977 s
currentSize : 15 <-- 0.271816 s
currentSize : 16 <-- 1.033152 s
currentSize : 17 <-- 60.359303 s
currentSize : 18 <-- 604.162781 s

TIMEOUT
maxsize : 18
nodes : 264585426.000000
filtered : 3280122958.000000
time : 1000.000000
