Parameters: GAD=1 vflib=0 dir=0 label=0 lowerbound=1 fileNameGp=../instances/phase/phase-30-150-0.76-0.70-0.72-3-pattern fileNameGt=../instances/phase/phase-30-150-0.76-0.70-0.72-3-target
Reading graphs...
30 : 323
150 : 7914
Initializing...
maxdom : 150
D->valSize : 4500
Solving...
Blb : 2 (clique : 14)
currentSize : 14 <-- 0.267494 s
currentSize : 15 <-- 0.267867 s
currentSize : 16 <-- 0.268088 s
currentSize : 17 <-- 0.308026 s
currentSize : 18 <-- 0.667127 s
currentSize : 19 <-- 1.858259 s
currentSize : 20 <-- 305.205414 s

TIMEOUT
maxsize : 20
nodes : 233789984.000000
filtered : 3934848143.000000
time : 1000.000000
