Parameters: GAD=1 vflib=0 dir=0 label=0 lowerbound=1 fileNameGp=../instances/phase/phase-30-150-0.86-0.76-0.78-8-pattern fileNameGt=../instances/phase/phase-30-150-0.86-0.76-0.78-8-target
Reading graphs...
30 : 373
150 : 8531
Initializing...
maxdom : 150
D->valSize : 4500
Solving...
Blb : 5 (clique : 18)
currentSize : 18 <-- 0.262840 s
currentSize : 19 <-- 0.263419 s
currentSize : 20 <-- 0.264611 s
currentSize : 21 <-- 0.340319 s
currentSize : 22 <-- 1.510965 s
currentSize : 23 <-- 24.557411 s
currentSize : 24 <-- 133.386261 s

TIMEOUT
maxsize : 24
nodes : 173876654.000000
filtered : 5510469632.000000
time : 1000.000000
