Parameters: GAD=1 vflib=0 dir=0 label=0 lowerbound=1 fileNameGp=../instances/phase/phase-30-150-0.70-0.66-0.70-2-pattern fileNameGt=../instances/phase/phase-30-150-0.70-0.66-0.70-2-target
Reading graphs...
30 : 308
150 : 7711
Initializing...
maxdom : 150
D->valSize : 4500
Solving...
Blb : 2 (clique : 14)
currentSize : 14 <-- 0.243196 s
currentSize : 15 <-- 0.243528 s
currentSize : 16 <-- 0.245498 s
currentSize : 17 <-- 0.298121 s
currentSize : 18 <-- 3.789821 s
currentSize : 19 <-- 66.884323 s

TIMEOUT
maxsize : 19
nodes : 246121214.000000
filtered : 3738404294.000000
time : 1000.000000
