Parameters: GAD=1 vflib=0 dir=0 label=0 lowerbound=1 fileNameGp=../instances/phase/phase-30-150-0.82-0.74-0.76-3-pattern fileNameGt=../instances/phase/phase-30-150-0.82-0.74-0.76-3-target
Reading graphs...
30 : 355
150 : 8376
Initializing...
maxdom : 150
D->valSize : 4500
Solving...
Blb : 3 (clique : 16)
currentSize : 16 <-- 0.291835 s
currentSize : 17 <-- 0.292719 s
currentSize : 18 <-- 0.295538 s
currentSize : 19 <-- 0.295598 s
currentSize : 20 <-- 0.395670 s
currentSize : 21 <-- 53.862724 s
currentSize : 22 <-- 504.534515 s

TIMEOUT
maxsize : 22
nodes : 205789709.000000
filtered : 4780530035.000000
time : 1000.000061
