Parameters: GAD=1 vflib=0 dir=0 label=0 lowerbound=1 fileNameGp=../instances/phase/phase-30-150-0.84-0.74-0.76-2-pattern fileNameGt=../instances/phase/phase-30-150-0.84-0.74-0.76-2-target
Reading graphs...
30 : 357
150 : 8377
Initializing...
maxdom : 150
D->valSize : 4500
Solving...
Blb : 2 (clique : 16)
currentSize : 16 <-- 0.257644 s
currentSize : 17 <-- 0.257989 s
currentSize : 19 <-- 0.258167 s
currentSize : 20 <-- 0.263419 s
currentSize : 21 <-- 0.279844 s
currentSize : 22 <-- 16.364082 s
currentSize : 23 <-- 670.960022 s

TIMEOUT
maxsize : 23
nodes : 193486354.000000
filtered : 5265457485.000000
time : 1000.000000
