Parameters: GAD=1 vflib=0 dir=0 label=0 lowerbound=1 fileNameGp=../instances/phase/phase-30-150-0.72-0.66-0.70-7-pattern fileNameGt=../instances/phase/phase-30-150-0.72-0.66-0.70-7-target
Reading graphs...
30 : 319
150 : 7432
Initializing...
maxdom : 150
D->valSize : 4500
Solving...
Blb : 3 (clique : 14)
currentSize : 14 <-- 0.244675 s
currentSize : 15 <-- 0.245589 s
currentSize : 16 <-- 0.247640 s
currentSize : 17 <-- 0.263999 s
currentSize : 18 <-- 0.949044 s
currentSize : 19 <-- 804.071411 s

TIMEOUT
maxsize : 19
nodes : 252156076.000000
filtered : 3284471298.000000
time : 1000.000000
