Parameters: GAD=1 vflib=0 dir=0 label=0 lowerbound=1 fileNameGp=../instances/phase/phase-30-150-0.66-0.64-0.66-5-pattern fileNameGt=../instances/phase/phase-30-150-0.66-0.64-0.66-5-target
Reading graphs...
30 : 292
150 : 7225
Initializing...
maxdom : 150
D->valSize : 4500
Solving...
Blb : 3 (clique : 13)
currentSize : 13 <-- 0.240188 s
currentSize : 14 <-- 0.240657 s
currentSize : 15 <-- 0.240968 s
currentSize : 16 <-- 0.267539 s
currentSize : 17 <-- 0.555606 s
currentSize : 18 <-- 877.581055 s

TIMEOUT
maxsize : 18
nodes : 267937076.000000
filtered : 2936917453.000000
time : 1000.000000
