Parameters: GAD=1 vflib=0 dir=0 label=0 lowerbound=1 fileNameGp=../instances/phase/phase-30-150-0.80-0.72-0.74-7-pattern fileNameGt=../instances/phase/phase-30-150-0.80-0.72-0.74-7-target
Reading graphs...
30 : 351
150 : 8108
Initializing...
maxdom : 150
D->valSize : 4500
Solving...
Blb : 2 (clique : 15)
currentSize : 15 <-- 0.339247 s
currentSize : 16 <-- 0.339584 s
currentSize : 17 <-- 0.339848 s
currentSize : 18 <-- 0.341428 s
currentSize : 19 <-- 0.360864 s
currentSize : 20 <-- 0.435170 s
currentSize : 21 <-- 312.284821 s

TIMEOUT
maxsize : 21
nodes : 224022434.000000
filtered : 4170975658.000000
time : 1000.000061
