Parameters: GAD=1 vflib=0 dir=0 label=0 lowerbound=1 fileNameGp=../instances/phase/phase-30-150-0.86-0.76-0.78-6-pattern fileNameGt=../instances/phase/phase-30-150-0.86-0.76-0.78-6-target
Reading graphs...
30 : 379
150 : 8681
Initializing...
maxdom : 150
D->valSize : 4500
Solving...
Blb : 5 (clique : 18)
currentSize : 18 <-- 0.268071 s
currentSize : 19 <-- 0.268444 s
currentSize : 20 <-- 0.268506 s
currentSize : 21 <-- 0.271179 s
currentSize : 22 <-- 0.308092 s
currentSize : 23 <-- 0.313342 s
currentSize : 24 <-- 20.357224 s
currentSize : 25 <-- 290.266327 s

TIMEOUT
maxsize : 25
nodes : 200224274.000000
filtered : 4669929059.000000
time : 1000.000000
