Parameters: GAD=1 vflib=0 dir=0 label=0 lowerbound=1 fileNameGp=../instances/phase/phase-30-150-0.66-0.64-0.66-2-pattern fileNameGt=../instances/phase/phase-30-150-0.66-0.64-0.66-2-target
Reading graphs...
30 : 288
150 : 7244
Initializing...
maxdom : 150
D->valSize : 4500
Solving...
Blb : 2 (clique : 13)
currentSize : 13 <-- 0.248693 s
currentSize : 14 <-- 0.249031 s
currentSize : 15 <-- 0.251674 s
currentSize : 16 <-- 0.259051 s
currentSize : 17 <-- 3.115195 s
currentSize : 18 <-- 880.417175 s

TIMEOUT
maxsize : 18
nodes : 270887425.000000
filtered : 2913652248.000000
time : 1000.000061
