Parameters: GAD=1 vflib=0 dir=0 label=0 lowerbound=1 fileNameGp=../instances/phase/phase-30-150-0.86-0.76-0.78-5-pattern fileNameGt=../instances/phase/phase-30-150-0.86-0.76-0.78-5-target
Reading graphs...
30 : 380
150 : 8654
Initializing...
maxdom : 150
D->valSize : 4500
Solving...
Blb : 5 (clique : 18)
currentSize : 18 <-- 0.268094 s
currentSize : 19 <-- 0.268541 s
currentSize : 20 <-- 0.272698 s
currentSize : 21 <-- 0.276582 s
currentSize : 22 <-- 0.369641 s
currentSize : 23 <-- 1.621234 s
currentSize : 24 <-- 39.549015 s

TIMEOUT
maxsize : 24
nodes : 198436398.000000
filtered : 4774035806.000000
time : 1000.000061
