Parameters: GAD=1 vflib=0 dir=0 label=0 lowerbound=1 fileNameGp=../instances/phase/phase-30-150-0.70-0.66-0.70-4-pattern fileNameGt=../instances/phase/phase-30-150-0.70-0.66-0.70-4-target
Reading graphs...
30 : 323
150 : 7716
Initializing...
maxdom : 150
D->valSize : 4500
Solving...
Blb : 2 (clique : 14)
currentSize : 14 <-- 0.251264 s
currentSize : 15 <-- 0.251586 s
currentSize : 16 <-- 0.252403 s
currentSize : 17 <-- 0.264512 s
currentSize : 18 <-- 0.740361 s
currentSize : 19 <-- 9.093559 s

TIMEOUT
maxsize : 19
nodes : 240553057.000000
filtered : 3743538988.000000
time : 1000.000000
