Parameters: GAD=1 vflib=0 dir=0 label=0 lowerbound=1 fileNameGp=../instances/phase/phase-30-150-0.86-0.76-0.78-3-pattern fileNameGt=../instances/phase/phase-30-150-0.86-0.76-0.78-3-target
Reading graphs...
30 : 387
150 : 8694
Initializing...
maxdom : 150
D->valSize : 4500
Solving...
Blb : 5 (clique : 17)
currentSize : 17 <-- 0.267891 s
currentSize : 19 <-- 0.268261 s
currentSize : 20 <-- 0.268384 s
currentSize : 21 <-- 0.268898 s
currentSize : 22 <-- 0.272563 s
currentSize : 23 <-- 0.273134 s
currentSize : 24 <-- 23.343412 s
currentSize : 25 <-- 368.326385 s

TIMEOUT
maxsize : 25
nodes : 164550335.000000
filtered : 5293003248.000000
time : 1000.000000
