Parameters: GAD=1 vflib=0 dir=0 label=0 lowerbound=1 fileNameGp=../instances/phase/phase-30-150-0.66-0.64-0.66-4-pattern fileNameGt=../instances/phase/phase-30-150-0.66-0.64-0.66-4-target
Reading graphs...
30 : 300
150 : 7199
Initializing...
maxdom : 150
D->valSize : 4500
Solving...
Blb : 5 (clique : 13)
currentSize : 13 <-- 0.269205 s
currentSize : 14 <-- 0.269521 s
currentSize : 15 <-- 0.269628 s
currentSize : 16 <-- 0.292526 s
currentSize : 17 <-- 8.192748 s
currentSize : 18 <-- 51.889057 s

TIMEOUT
maxsize : 18
nodes : 253374922.000000
filtered : 3408179384.000000
time : 1000.000000
