Parameters: GAD=1 vflib=0 dir=0 label=0 lowerbound=1 fileNameGp=../instances/phase/phase-30-150-0.76-0.70-0.72-5-pattern fileNameGt=../instances/phase/phase-30-150-0.76-0.70-0.72-5-target
Reading graphs...
30 : 317
150 : 7997
Initializing...
maxdom : 150
D->valSize : 4500
Solving...
Blb : 5 (clique : 14)
currentSize : 14 <-- 0.395348 s
currentSize : 15 <-- 0.395885 s
currentSize : 16 <-- 0.395915 s
currentSize : 18 <-- 0.396020 s
currentSize : 19 <-- 10.234051 s
currentSize : 20 <-- 99.267715 s

TIMEOUT
maxsize : 20
nodes : 226377362.000000
filtered : 4342767803.000000
time : 1000.000000
