Parameters: GAD=1 vflib=0 dir=0 label=0 lowerbound=1 fileNameGp=../instances/phase/phase-30-150-0.70-0.66-0.70-7-pattern fileNameGt=../instances/phase/phase-30-150-0.70-0.66-0.70-7-target
Reading graphs...
30 : 297
150 : 7720
Initializing...
maxdom : 150
D->valSize : 4500
Solving...
Blb : 2 (clique : 14)
currentSize : 14 <-- 0.260544 s
currentSize : 15 <-- 0.260876 s
currentSize : 16 <-- 0.265400 s
currentSize : 17 <-- 0.412246 s
currentSize : 18 <-- 4.759576 s
currentSize : 19 <-- 674.380066 s

TIMEOUT
maxsize : 19
nodes : 242928551.000000
filtered : 3963847193.000000
time : 1000.000000
