Parameters: GAD=1 vflib=0 dir=0 label=0 lowerbound=1 fileNameGp=../instances/phase/phase-30-150-0.52-0.54-0.56-1-pattern fileNameGt=../instances/phase/phase-30-150-0.52-0.54-0.56-1-target
Reading graphs...
30 : 230
150 : 6215
Initializing...
maxdom : 150
D->valSize : 4500
Solving...
Blb : 2 (clique : 11)
currentSize : 11 <-- 0.254542 s
currentSize : 12 <-- 0.254820 s
currentSize : 13 <-- 0.255192 s
currentSize : 14 <-- 0.265727 s
currentSize : 15 <-- 0.630765 s
currentSize : 16 <-- 14.990554 s

TIMEOUT
maxsize : 16
nodes : 287857742.000000
filtered : 2923082373.000000
time : 1000.000000
