Parameters: GAD=1 vflib=0 dir=0 label=0 lowerbound=1 fileNameGp=../instances/phase/phase-30-150-0.34-0.36-0.42-3-pattern fileNameGt=../instances/phase/phase-30-150-0.34-0.36-0.42-3-target
Reading graphs...
30 : 141
150 : 4457
Initializing...
maxdom : 150
D->valSize : 4500
Solving...
Blb : 2 (clique : 13)
currentSize : 13 <-- 0.235505 s
currentSize : 14 <-- 0.235963 s
currentSize : 15 <-- 0.237222 s
currentSize : 16 <-- 0.260788 s
currentSize : 17 <-- 0.278124 s
currentSize : 18 <-- 677.720764 s

TIMEOUT
maxsize : 18
nodes : 291258045.000000
filtered : 3368379500.000000
time : 1000.000000
