Parameters: GAD=1 vflib=0 dir=0 label=0 lowerbound=1 fileNameGp=../instances/phase/phase-30-150-0.86-0.76-0.78-4-pattern fileNameGt=../instances/phase/phase-30-150-0.86-0.76-0.78-4-target
Reading graphs...
30 : 374
150 : 8638
Initializing...
maxdom : 150
D->valSize : 4500
Solving...
Blb : 2 (clique : 20)
currentSize : 20 <-- 0.262749 s
currentSize : 21 <-- 0.263134 s
currentSize : 22 <-- 0.263193 s
currentSize : 23 <-- 0.263840 s
currentSize : 24 <-- 0.607621 s
currentSize : 25 <-- 144.230438 s

TIMEOUT
maxsize : 25
nodes : 188400300.000000
filtered : 5459634570.000000
time : 1000.000000
