Parameters: GAD=1 vflib=0 dir=0 label=0 lowerbound=1 fileNameGp=../instances/phase/phase-30-150-0.68-0.64-0.68-8-pattern fileNameGt=../instances/phase/phase-30-150-0.68-0.64-0.68-8-target
Reading graphs...
30 : 302
150 : 7446
Initializing...
maxdom : 150
D->valSize : 4500
Solving...
Blb : 2 (clique : 14)
currentSize : 14 <-- 0.332374 s
currentSize : 15 <-- 0.333008 s
currentSize : 16 <-- 0.335778 s
currentSize : 17 <-- 1.271147 s
currentSize : 18 <-- 4.179607 s
currentSize : 19 <-- 803.653870 s

TIMEOUT
maxsize : 19
nodes : 250773668.000000
filtered : 3472781770.000000
time : 1000.000000
