Parameters: GAD=1 vflib=0 dir=0 label=0 lowerbound=1 fileNameGp=../instances/phase/phase-30-150-0.78-0.72-0.74-3-pattern fileNameGt=../instances/phase/phase-30-150-0.78-0.72-0.74-3-target
Reading graphs...
30 : 340
150 : 8102
Initializing...
maxdom : 150
D->valSize : 4500
Solving...
Blb : 2 (clique : 15)
currentSize : 15 <-- 0.254229 s
currentSize : 16 <-- 0.254612 s
currentSize : 17 <-- 0.254929 s
currentSize : 18 <-- 0.284905 s
currentSize : 19 <-- 2.273745 s
currentSize : 20 <-- 63.374386 s
currentSize : 21 <-- 574.688843 s

TIMEOUT
maxsize : 21
nodes : 217902144.000000
filtered : 4428554403.000000
time : 1000.000000
