Parameters: GAD=1 vflib=0 dir=0 label=0 lowerbound=1 fileNameGp=../instances/images-PR15/pattern21 fileNameGt=../instances/images-PR15/target
Reading graphs...
16 : 23
4838 : 7063
Initializing...
maxdom : 4838
D->valSize : 77408
Solving...
Blb : 2 (clique : 12)
currentSize : 12 <-- 117.406891 s
currentSize : 13 <-- 117.414680 s
currentSize : 14 <-- 119.102821 s
currentSize : 15 <-- 123.640747 s
currentSize : 16 <-- 124.982521 s

maxsize : 16
nodes : 22891.000000
filtered : 101798952.000000
time : 124.982559
