Parameters: GAD=1 vflib=0 dir=0 label=0 lowerbound=1 fileNameGp=../instances/si/si2_m4D_m4Dr6_256/si2_m4Dr6_m256.07/pattern fileNameGt=../instances/si/si2_m4D_m4Dr6_256/si2_m4Dr6_m256.07/target
Reading graphs...
51 : 77
256 : 824
Initializing...
maxdom : 256
D->valSize : 13056
Solving...
Blb : 2 (clique : 42)
currentSize : 42 <-- 3.002261 s
currentSize : 43 <-- 3.022306 s
currentSize : 44 <-- 9.293066 s
currentSize : 45 <-- 11.248509 s
currentSize : 46 <-- 26.576914 s
currentSize : 47 <-- 347.733276 s
currentSize : 51 <-- 526.045166 s

maxsize : 51
nodes : 12948980.000000
filtered : 3768946446.000000
time : 526.045227
