Parameters: GAD=1 vflib=0 dir=0 label=0 lowerbound=1 fileNameGp=../instances/si/si2_bvg_b09_800/si2_b09_m800.07/pattern fileNameGt=../instances/si/si2_bvg_b09_800/si2_b09_m800.07/target
Reading graphs...
160 : 696
800 : 3600
Initializing...
maxdom : 800
D->valSize : 128000
Solving...
Blb : 2 (clique : 137)
currentSize : 137 <-- 476.935181 s
currentSize : 148 <-- 476.998138 s
currentSize : 150 <-- 477.001465 s
currentSize : 152 <-- 477.013184 s
currentSize : 153 <-- 477.093445 s
currentSize : 154 <-- 477.143005 s
currentSize : 160 <-- 477.299652 s

maxsize : 160
nodes : 1901.000000
filtered : 1241865.000000
time : 477.300140
