Parameters: GAD=1 vflib=0 dir=0 label=0 lowerbound=1 fileNameGp=../instances/si/si2_rand_r001_200/si2_r001_m200.00/pattern fileNameGt=../instances/si/si2_rand_r001_200/si2_r001_m200.00/target
Reading graphs...
40 : 41
200 : 437
Initializing...
maxdom : 200
D->valSize : 8000
Solving...
Blb : 2 (clique : 35)
currentSize : 35 <-- 1.035588 s
currentSize : 36 <-- 1.037005 s
currentSize : 37 <-- 1.059155 s
currentSize : 38 <-- 1.064916 s
currentSize : 39 <-- 1.069497 s
currentSize : 40 <-- 1.212909 s

maxsize : 40
nodes : 48481.000000
filtered : 1590775.000000
time : 1.212958
