Parameters: GAD=1 vflib=0 dir=0 label=0 lowerbound=1 fileNameGp=../instances/si/si2_rand_r01_200/si2_r01_m200.09/pattern fileNameGt=../instances/si/si2_rand_r01_200/si2_r01_m200.09/target
Reading graphs...
40 : 163
200 : 3764
Initializing...
maxdom : 200
D->valSize : 8000
Solving...
Blb : 5 (clique : 20)
currentSize : 20 <-- 0.855846 s
currentSize : 21 <-- 0.856561 s
currentSize : 22 <-- 0.857665 s
currentSize : 23 <-- 0.868377 s
currentSize : 24 <-- 6.244748 s
currentSize : 25 <-- 99.231651 s

TIMEOUT
maxsize : 25
nodes : 199044467.000000
filtered : 6113742223.000000
time : 1000.000000
