Parameters: GAD=1 vflib=0 dir=0 label=0 lowerbound=1 fileNameGp=../instances/si/si2_bvg_b09_200/si2_b09_m200.05/pattern fileNameGt=../instances/si/si2_bvg_b09_200/si2_b09_m200.05/target
Reading graphs...
40 : 157
200 : 900
Initializing...
maxdom : 200
D->valSize : 8000
Solving...
Blb : 5 (clique : 22)
currentSize : 22 <-- 0.948210 s
currentSize : 23 <-- 0.948856 s
currentSize : 24 <-- 0.948953 s
currentSize : 25 <-- 0.949190 s
currentSize : 26 <-- 0.949484 s
currentSize : 27 <-- 0.949581 s
currentSize : 28 <-- 0.949731 s
currentSize : 32 <-- 0.950332 s
currentSize : 33 <-- 0.955034 s
currentSize : 34 <-- 0.955139 s
currentSize : 36 <-- 0.959969 s
currentSize : 40 <-- 0.961354 s

maxsize : 40
nodes : 1166.000000
filtered : 149371.000000
time : 0.961393
