Parameters: GAD=1 vflib=0 dir=0 label=0 lowerbound=1 fileNameGp=../instances/si/si2_rand_r01_600/si2_r01_m600.08/pattern fileNameGt=../instances/si/si2_rand_r01_600/si2_r01_m600.08/target
Reading graphs...
120 : 1314
600 : 34166
Initializing...
maxdom : 600
D->valSize : 72000
Solving...
Blb : 5 (clique : 29)
currentSize : 29 <-- 100.499008 s
currentSize : 30 <-- 100.511505 s
currentSize : 31 <-- 100.543968 s
currentSize : 32 <-- 100.673027 s
currentSize : 33 <-- 101.251419 s
currentSize : 34 <-- 285.340179 s

TIMEOUT
maxsize : 34
nodes : 118887228.000000
filtered : 2054055100.000000
time : 1000.000061
