Parameters: GAD=1 vflib=0 dir=0 label=0 lowerbound=1 fileNameGp=../instances/si/si2_bvg_b09_200/si2_b09_m200.09/pattern fileNameGt=../instances/si/si2_bvg_b09_200/si2_b09_m200.09/target
Reading graphs...
40 : 157
200 : 900
Initializing...
maxdom : 200
D->valSize : 8000
Solving...
Blb : 2 (clique : 28)
currentSize : 28 <-- 0.901846 s
currentSize : 30 <-- 0.929636 s
currentSize : 31 <-- 0.933377 s
currentSize : 32 <-- 0.933718 s
currentSize : 33 <-- 0.946862 s
currentSize : 36 <-- 0.947403 s
currentSize : 40 <-- 0.954071 s

maxsize : 40
nodes : 3233.000000
filtered : 656816.000000
time : 0.954117
