Parameters: GAD=1 vflib=0 dir=0 label=0 lowerbound=1 fileNameGp=../instances/si/si2_rand_r01_600/si2_r01_m600.05/pattern fileNameGt=../instances/si/si2_rand_r01_600/si2_r01_m600.05/target
Reading graphs...
120 : 1339
600 : 34210
Initializing...
maxdom : 600
D->valSize : 72000
Solving...
Blb : 5 (clique : 28)
currentSize : 28 <-- 95.352509 s
currentSize : 29 <-- 95.360855 s
currentSize : 30 <-- 95.623062 s
currentSize : 31 <-- 96.408989 s
currentSize : 32 <-- 103.339104 s
currentSize : 33 <-- 300.253387 s

TIMEOUT
maxsize : 33
nodes : 127189041.000000
filtered : 1719839789.000000
time : 1000.000061
