Parameters: GAD=1 vflib=0 dir=0 label=0 lowerbound=1 fileNameGp=../instances/si/si2_bvg_b09_800/si2_b09_m800.00/pattern fileNameGt=../instances/si/si2_bvg_b09_800/si2_b09_m800.00/target
Reading graphs...
160 : 697
800 : 3600
Initializing...
maxdom : 800
D->valSize : 128000
Solving...
Blb : 2 (clique : 140)
currentSize : 140 <-- 619.681641 s
currentSize : 141 <-- 619.828369 s
currentSize : 142 <-- 619.887085 s
currentSize : 143 <-- 619.952209 s
currentSize : 144 <-- 620.007080 s
currentSize : 145 <-- 620.144714 s
currentSize : 146 <-- 620.334351 s
currentSize : 147 <-- 624.905090 s
currentSize : 148 <-- 624.923767 s
currentSize : 149 <-- 656.984192 s
currentSize : 150 <-- 660.575256 s
currentSize : 151 <-- 661.040588 s
currentSize : 152 <-- 661.058105 s
currentSize : 154 <-- 661.149292 s
currentSize : 156 <-- 661.181824 s
currentSize : 160 <-- 661.253906 s

maxsize : 160
nodes : 115661.000000
filtered : 83028089.000000
time : 661.254517
