Parameters: GAD=1 vflib=0 dir=0 label=0 lowerbound=1 fileNameGp=../instances/si/si2_bvg_b06_200/si2_b06_m200.07/pattern fileNameGt=../instances/si/si2_bvg_b06_200/si2_b06_m200.07/target
Reading graphs...
40 : 114
200 : 600
Initializing...
maxdom : 200
D->valSize : 8000
Solving...
Blb : 2 (clique : 33)
currentSize : 33 <-- 0.967831 s
currentSize : 35 <-- 0.969012 s
currentSize : 36 <-- 0.969644 s
currentSize : 37 <-- 0.970694 s
currentSize : 38 <-- 0.971177 s
currentSize : 40 <-- 0.972675 s

maxsize : 40
nodes : 406.000000
filtered : 59165.000000
time : 0.972721
