Parameters: GAD=1 vflib=0 dir=0 label=0 lowerbound=1 fileNameGp=../instances/si/si2_bvg_b06_800/si2_b06_m800.08/pattern fileNameGt=../instances/si/si2_bvg_b06_800/si2_b06_m800.08/target
Reading graphs...
160 : 474
800 : 2400
Initializing...
maxdom : 800
D->valSize : 128000
Solving...
Blb : 2 (clique : 154)
currentSize : 154 <-- 473.867950 s
currentSize : 155 <-- 473.945709 s
currentSize : 156 <-- 473.998688 s
currentSize : 157 <-- 474.057465 s
currentSize : 158 <-- 474.123016 s
currentSize : 160 <-- 474.197754 s

maxsize : 160
nodes : 1830.000000
filtered : 1018632.000000
time : 474.198242
