Parameters: GAD=1 vflib=0 dir=0 label=0 lowerbound=1 fileNameGp=../instances/si/si2_bvg_b09_200/si2_b09_m200.02/pattern fileNameGt=../instances/si/si2_bvg_b09_200/si2_b09_m200.02/target
Reading graphs...
40 : 154
200 : 900
Initializing...
maxdom : 200
D->valSize : 8000
Solving...
Blb : 2 (clique : 33)
currentSize : 33 <-- 1.045549 s
currentSize : 34 <-- 1.047223 s
currentSize : 35 <-- 1.047503 s
currentSize : 36 <-- 1.047527 s
currentSize : 40 <-- 1.047911 s

maxsize : 40
nodes : 384.000000
filtered : 50284.000000
time : 1.047955
