Parameters: GAD=1 vflib=0 dir=0 label=0 lowerbound=1 fileNameGp=../instances/si/si2_m4D_m4Dr6_256/si2_m4Dr6_m256.06/pattern fileNameGt=../instances/si/si2_m4D_m4Dr6_256/si2_m4Dr6_m256.06/target
Reading graphs...
51 : 86
256 : 823
Initializing...
maxdom : 256
D->valSize : 13056
Solving...
Blb : 5 (clique : 38)
currentSize : 38 <-- 2.797402 s
currentSize : 39 <-- 2.799012 s
currentSize : 40 <-- 2.802548 s
currentSize : 41 <-- 2.823974 s
currentSize : 42 <-- 2.896840 s
currentSize : 43 <-- 5.515821 s
currentSize : 44 <-- 11.534943 s
currentSize : 45 <-- 18.719835 s

TIMEOUT
maxsize : 45
nodes : 37041664.000000
filtered : 9006112659.000000
time : 1000.000061
