Parameters: GAD=1 vflib=0 dir=0 label=0 lowerbound=1 fileNameGp=../instances/si/si2_rand_r005_200/si2_r005_m200.02/pattern fileNameGt=../instances/si/si2_rand_r005_200/si2_r005_m200.02/target
Reading graphs...
40 : 96
200 : 1941
Initializing...
maxdom : 200
D->valSize : 8000
Solving...
Blb : 2 (clique : 25)
currentSize : 25 <-- 0.953206 s
currentSize : 27 <-- 0.953984 s
currentSize : 28 <-- 0.954067 s
currentSize : 29 <-- 0.956406 s
currentSize : 30 <-- 0.958788 s
currentSize : 31 <-- 1.141707 s

TIMEOUT
maxsize : 31
nodes : 141037254.000000
filtered : 8872107581.000000
time : 1000.000000
