Parameters: GAD=1 vflib=0 dir=0 label=0 lowerbound=1 fileNameGp=../instances/si/si2_bvg_b09_400/si2_b09_m400.05/pattern fileNameGt=../instances/si/si2_bvg_b09_400/si2_b09_m400.05/target
Reading graphs...
80 : 336
400 : 1800
Initializing...
maxdom : 400
D->valSize : 32000
Solving...
Blb : 2 (clique : 63)
currentSize : 63 <-- 17.799232 s
currentSize : 64 <-- 17.805759 s
currentSize : 65 <-- 17.812304 s
currentSize : 66 <-- 45.941345 s
currentSize : 67 <-- 78.273361 s
currentSize : 68 <-- 208.580078 s
currentSize : 69 <-- 208.583939 s
currentSize : 70 <-- 208.587265 s
currentSize : 71 <-- 208.592346 s
currentSize : 72 <-- 208.610596 s
currentSize : 73 <-- 208.614059 s
currentSize : 74 <-- 208.634369 s
currentSize : 76 <-- 208.634537 s
currentSize : 80 <-- 208.669296 s

maxsize : 80
nodes : 3314080.000000
filtered : 1065092458.000000
time : 208.669434
