Parameters: GAD=1 vflib=0 dir=0 label=0 lowerbound=1 fileNameGp=../instances/si/si2_rand_r005_400/si2_r005_m400.05/pattern fileNameGt=../instances/si/si2_rand_r005_400/si2_r005_m400.05/target
Reading graphs...
80 : 333
400 : 7808
Initializing...
maxdom : 400
D->valSize : 32000
Solving...
Blb : 2 (clique : 38)
currentSize : 38 <-- 17.712044 s
currentSize : 39 <-- 17.760509 s
currentSize : 40 <-- 17.837893 s
currentSize : 41 <-- 17.992556 s
currentSize : 42 <-- 18.292503 s
currentSize : 43 <-- 20.356829 s
currentSize : 44 <-- 50.878090 s

TIMEOUT
maxsize : 44
nodes : 114325487.000000
filtered : 4869540173.000000
time : 1000.000061
