Parameters: GAD=1 vflib=0 dir=0 label=0 lowerbound=1 fileNameGp=../instances/si/si2_m4D_m4Dr2_256/si2_m4Dr2_m256.04/pattern fileNameGt=../instances/si/si2_m4D_m4Dr2_256/si2_m4Dr2_m256.04/target
Reading graphs...
51 : 100
256 : 723
Initializing...
maxdom : 256
D->valSize : 13056
Solving...
Blb : 2 (clique : 44)
currentSize : 44 <-- 2.837678 s
currentSize : 45 <-- 3.698070 s
currentSize : 46 <-- 3.946567 s
currentSize : 47 <-- 8.470586 s
currentSize : 48 <-- 8.882554 s
currentSize : 51 <-- 11.488441 s

maxsize : 51
nodes : 194664.000000
filtered : 61524432.000000
time : 11.488511
