Parameters: GAD=1 vflib=0 dir=0 label=0 lowerbound=1 fileNameGp=../instances/si/si2_bvg_b09_200/si2_b09_m200.03/pattern fileNameGt=../instances/si/si2_bvg_b09_200/si2_b09_m200.03/target
Reading graphs...
40 : 156
200 : 900
Initializing...
maxdom : 200
D->valSize : 8000
Solving...
Blb : 2 (clique : 23)
currentSize : 23 <-- 0.918071 s
currentSize : 29 <-- 0.918823 s
currentSize : 30 <-- 0.919016 s
currentSize : 31 <-- 0.919265 s
currentSize : 36 <-- 0.919609 s
currentSize : 40 <-- 0.920856 s

maxsize : 40
nodes : 366.000000
filtered : 54545.000000
time : 0.920901
