Parameters: GAD=1 vflib=0 dir=0 label=0 lowerbound=1 fileNameGp=../instances/si/si2_bvg_b06_800/si2_b06_m800.04/pattern fileNameGt=../instances/si/si2_bvg_b06_800/si2_b06_m800.04/target
Reading graphs...
160 : 474
800 : 2400
Initializing...
maxdom : 800
D->valSize : 128000
Solving...
Blb : 2 (clique : 155)
currentSize : 155 <-- 598.669617 s
currentSize : 156 <-- 598.752747 s
currentSize : 157 <-- 598.816406 s
currentSize : 158 <-- 598.885193 s
currentSize : 160 <-- 598.974854 s

maxsize : 160
nodes : 1638.000000
filtered : 938227.000000
time : 598.975342
