Parameters: GAD=1 vflib=0 dir=0 label=0 lowerbound=1 fileNameGp=../instances/si/si2_bvg_b09_800/si2_b09_m800.06/pattern fileNameGt=../instances/si/si2_bvg_b09_800/si2_b09_m800.06/target
Reading graphs...
160 : 696
800 : 3600
Initializing...
maxdom : 800
D->valSize : 128000
Solving...
Blb : 2 (clique : 134)
currentSize : 134 <-- 469.426514 s
currentSize : 146 <-- 469.483521 s
currentSize : 148 <-- 469.485413 s
currentSize : 150 <-- 469.490326 s
currentSize : 152 <-- 469.502533 s
currentSize : 154 <-- 469.522766 s
currentSize : 156 <-- 469.555084 s
currentSize : 160 <-- 469.691833 s

maxsize : 160
nodes : 1827.000000
filtered : 1042582.000000
time : 469.692383
