Parameters: GAD=1 vflib=0 dir=0 label=0 lowerbound=1 fileNameGp=../instances/si/si2_bvg_b06m_400/si2_b06m_m400.01/pattern fileNameGt=../instances/si/si2_bvg_b06m_400/si2_b06m_m400.01/target
Reading graphs...
80 : 134
400 : 1197
Initializing...
maxdom : 400
D->valSize : 32000
Solving...
Blb : 2 (clique : 65)
currentSize : 65 <-- 19.927706 s
currentSize : 66 <-- 19.937672 s
currentSize : 67 <-- 23.070662 s
currentSize : 68 <-- 23.108612 s
currentSize : 69 <-- 23.172636 s
currentSize : 70 <-- 23.177372 s
currentSize : 71 <-- 23.184305 s
currentSize : 72 <-- 23.219061 s
currentSize : 73 <-- 23.219353 s
currentSize : 74 <-- 23.220331 s
currentSize : 75 <-- 23.220715 s
currentSize : 76 <-- 23.224110 s
currentSize : 77 <-- 23.234673 s
currentSize : 78 <-- 23.246904 s
currentSize : 79 <-- 23.253197 s
currentSize : 80 <-- 23.261335 s

maxsize : 80
nodes : 32752.000000
filtered : 11524384.000000
time : 23.261492
