Parameters: GAD=1 vflib=0 dir=0 label=0 lowerbound=1 fileNameGp=../instances/si/si2_rand_r005_400/si2_r005_m400.09/pattern fileNameGt=../instances/si/si2_rand_r005_400/si2_r005_m400.09/target
Reading graphs...
80 : 356
400 : 7799
Initializing...
maxdom : 400
D->valSize : 32000
Solving...
Blb : 2 (clique : 37)
currentSize : 37 <-- 19.310583 s
currentSize : 38 <-- 19.314072 s
currentSize : 39 <-- 19.314472 s
currentSize : 40 <-- 19.473722 s
currentSize : 41 <-- 19.891638 s
currentSize : 42 <-- 24.302397 s
currentSize : 43 <-- 70.474937 s
currentSize : 44 <-- 247.445435 s

TIMEOUT
maxsize : 44
nodes : 139741853.000000
filtered : 3630364132.000000
time : 1000.000061
