Parameters: GAD=1 vflib=0 dir=0 label=0 lowerbound=1 fileNameGp=../instances/si/si2_m4D_m4Dr4_256/si2_m4Dr4_m256.06/pattern fileNameGt=../instances/si/si2_m4D_m4Dr4_256/si2_m4Dr4_m256.06/target
Reading graphs...
51 : 82
256 : 773
Initializing...
maxdom : 256
D->valSize : 13056
Solving...
Blb : 2 (clique : 37)
currentSize : 37 <-- 2.836775 s
currentSize : 38 <-- 2.838753 s
currentSize : 39 <-- 2.869916 s
currentSize : 40 <-- 3.067733 s
currentSize : 41 <-- 39.437069 s
currentSize : 42 <-- 39.880657 s
currentSize : 43 <-- 238.526657 s

TIMEOUT
maxsize : 43
nodes : 37370448.000000
filtered : 7674187248.000000
time : 1000.000061
