Parameters: GAD=1 vflib=0 dir=0 label=0 lowerbound=1 fileNameGp=../instances/si/si2_rand_r01_200/si2_r01_m200.00/pattern fileNameGt=../instances/si/si2_rand_r01_200/si2_r01_m200.00/target
Reading graphs...
40 : 137
200 : 3795
Initializing...
maxdom : 200
D->valSize : 8000
Solving...
Blb : 2 (clique : 22)
currentSize : 22 <-- 0.925360 s
currentSize : 23 <-- 0.926020 s
currentSize : 24 <-- 0.926866 s
currentSize : 25 <-- 0.945217 s
currentSize : 26 <-- 1.100539 s
currentSize : 27 <-- 108.193512 s

TIMEOUT
maxsize : 27
nodes : 200916872.000000
filtered : 5804669229.000000
time : 1000.000061
