Parameters: GAD=1 vflib=0 dir=0 label=0 lowerbound=1 fileNameGp=../instances/si/si2_rand_r01_400/si2_r01_m400.04/pattern fileNameGt=../instances/si/si2_rand_r01_400/si2_r01_m400.04/target
Reading graphs...
80 : 606
400 : 15169
Initializing...
maxdom : 400
D->valSize : 32000
Solving...
Blb : 2 (clique : 25)
currentSize : 25 <-- 16.612293 s
currentSize : 26 <-- 16.614809 s
currentSize : 27 <-- 16.615131 s
currentSize : 28 <-- 16.615713 s
currentSize : 29 <-- 16.619375 s
currentSize : 30 <-- 69.495186 s
currentSize : 31 <-- 324.424866 s

TIMEOUT
maxsize : 31
nodes : 164218367.000000
filtered : 2741558572.000000
time : 1000.000061
