Parameters: GAD=1 vflib=0 dir=0 label=0 lowerbound=1 fileNameGp=../instances/si/si2_bvg_b09_200/si2_b09_m200.08/pattern fileNameGt=../instances/si/si2_bvg_b09_200/si2_b09_m200.08/target
Reading graphs...
40 : 157
200 : 900
Initializing...
maxdom : 200
D->valSize : 8000
Solving...
Blb : 2 (clique : 22)
currentSize : 22 <-- 0.978510 s
currentSize : 23 <-- 0.979293 s
currentSize : 24 <-- 0.980796 s
currentSize : 26 <-- 0.982671 s
currentSize : 27 <-- 0.999540 s
currentSize : 28 <-- 1.008598 s
currentSize : 29 <-- 1.304762 s
currentSize : 30 <-- 1.310135 s
currentSize : 31 <-- 1.336898 s
currentSize : 32 <-- 1.339518 s
currentSize : 33 <-- 1.340581 s
currentSize : 36 <-- 1.341137 s
currentSize : 40 <-- 1.351777 s

maxsize : 40
nodes : 17713.000000
filtered : 2967676.000000
time : 1.351823
