Parameters: GAD=1 vflib=0 dir=0 label=0 lowerbound=1 fileNameGp=../instances/si/si2_bvg_b03m_400/si2_b03m_m400.02/pattern fileNameGt=../instances/si/si2_bvg_b03m_400/si2_b03m_m400.02/target
Reading graphs...
80 : 96
400 : 600
Initializing...
maxdom : 400
D->valSize : 32000
Solving...
Blb : 5 (clique : 60)
currentSize : 60 <-- 22.752115 s
currentSize : 63 <-- 22.760324 s
currentSize : 64 <-- 22.784397 s
currentSize : 65 <-- 22.812729 s
currentSize : 66 <-- 23.038755 s
currentSize : 67 <-- 25.748547 s
currentSize : 68 <-- 26.399689 s
currentSize : 69 <-- 206.639450 s
currentSize : 70 <-- 408.689087 s
currentSize : 71 <-- 578.181946 s
currentSize : 72 <-- 598.648132 s

TIMEOUT
maxsize : 72
nodes : 14611115.000000
filtered : 5479410437.000000
time : 1000.000122
