Parameters: GAD=1 vflib=0 dir=0 label=0 lowerbound=1 fileNameGp=../instances/si/si2_m4D_m4Dr4_256/si2_m4Dr4_m256.07/pattern fileNameGt=../instances/si/si2_m4D_m4Dr4_256/si2_m4Dr4_m256.07/target
Reading graphs...
51 : 100
256 : 774
Initializing...
maxdom : 256
D->valSize : 13056
Solving...
Blb : 2 (clique : 36)
currentSize : 36 <-- 2.733001 s
currentSize : 37 <-- 2.841066 s
currentSize : 38 <-- 3.074520 s
currentSize : 39 <-- 3.340624 s
currentSize : 40 <-- 4.276370 s
currentSize : 41 <-- 5.585696 s
currentSize : 42 <-- 63.738297 s
currentSize : 43 <-- 69.477020 s

TIMEOUT
maxsize : 43
nodes : 28866334.000000
filtered : 7412653740.000000
time : 1000.000061
