Parameters: GAD=1 vflib=0 dir=0 label=0 lowerbound=1 fileNameGp=../instances/si/si2_bvg_b06_200/si2_b06_m200.02/pattern fileNameGt=../instances/si/si2_bvg_b06_200/si2_b06_m200.02/target
Reading graphs...
40 : 114
200 : 600
Initializing...
maxdom : 200
D->valSize : 8000
Solving...
Blb : 2 (clique : 35)
currentSize : 35 <-- 0.990496 s
currentSize : 36 <-- 0.991842 s
currentSize : 37 <-- 0.993072 s
currentSize : 38 <-- 0.993265 s
currentSize : 40 <-- 0.994593 s

maxsize : 40
nodes : 338.000000
filtered : 53795.000000
time : 0.994635
