Parameters: GAD=1 vflib=0 dir=0 label=0 lowerbound=1 fileNameGp=../instances/si/si2_bvg_b09_200/si2_b09_m200.00/pattern fileNameGt=../instances/si/si2_bvg_b09_200/si2_b09_m200.00/target
Reading graphs...
40 : 157
200 : 900
Initializing...
maxdom : 200
D->valSize : 8000
Solving...
Blb : 2 (clique : 23)
currentSize : 23 <-- 0.896464 s
currentSize : 24 <-- 0.897125 s
currentSize : 25 <-- 0.897286 s
currentSize : 27 <-- 0.897834 s
currentSize : 28 <-- 0.898183 s
currentSize : 29 <-- 0.898830 s
currentSize : 30 <-- 0.899133 s
currentSize : 36 <-- 0.899350 s
currentSize : 40 <-- 0.910599 s

maxsize : 40
nodes : 1203.000000
filtered : 174663.000000
time : 0.910642
