Parameters: GAD=1 vflib=0 dir=0 label=0 lowerbound=1 fileNameGp=../instances/si/si2_bvg_b09_800/si2_b09_m800.02/pattern fileNameGt=../instances/si/si2_bvg_b09_800/si2_b09_m800.02/target
Reading graphs...
160 : 696
800 : 3600
Initializing...
maxdom : 800
D->valSize : 128000
Solving...
Blb : 2 (clique : 134)
currentSize : 134 <-- 526.096558 s
currentSize : 138 <-- 526.151917 s
currentSize : 140 <-- 526.153564 s
currentSize : 142 <-- 526.168457 s
currentSize : 144 <-- 526.193848 s
currentSize : 146 <-- 526.226746 s
currentSize : 148 <-- 526.285156 s
currentSize : 150 <-- 527.652771 s
currentSize : 152 <-- 527.691589 s
currentSize : 153 <-- 527.809692 s
currentSize : 154 <-- 527.860046 s
currentSize : 156 <-- 528.018066 s
currentSize : 160 <-- 528.135315 s

maxsize : 160
nodes : 6333.000000
filtered : 4607508.000000
time : 528.135925
