Parameters: GAD=1 vflib=0 dir=0 label=0 lowerbound=1 fileNameGp=../instances/si/si2_bvg_b03m_200/si2_b03m_m200.08/pattern fileNameGt=../instances/si/si2_bvg_b03m_200/si2_b03m_m200.08/target
Reading graphs...
40 : 48
200 : 300
Initializing...
maxdom : 200
D->valSize : 8000
Solving...
Blb : 2 (clique : 29)
currentSize : 29 <-- 1.027614 s
currentSize : 34 <-- 1.028691 s
currentSize : 35 <-- 1.035195 s
currentSize : 36 <-- 1.044075 s
currentSize : 37 <-- 68.699387 s
currentSize : 38 <-- 68.702736 s
currentSize : 39 <-- 68.705177 s
currentSize : 40 <-- 68.706650 s

maxsize : 40
nodes : 3293134.000000
filtered : 479234198.000000
time : 68.706696
