Parameters: GAD=1 vflib=0 dir=0 label=0 lowerbound=1 fileNameGp=../instances/si/si2_bvg_b09m_200/si2_b09m_m200.09/pattern fileNameGt=../instances/si/si2_bvg_b09m_200/si2_b09m_m200.09/target
Reading graphs...
40 : 79
200 : 894
Initializing...
maxdom : 200
D->valSize : 8000
Solving...
Blb : 2 (clique : 27)
currentSize : 27 <-- 1.050722 s
currentSize : 28 <-- 1.054008 s
currentSize : 29 <-- 1.056279 s
currentSize : 30 <-- 1.057938 s
currentSize : 31 <-- 1.073638 s
currentSize : 32 <-- 1.079219 s
currentSize : 33 <-- 1.094533 s
currentSize : 34 <-- 1.094606 s
currentSize : 35 <-- 1.094884 s
currentSize : 36 <-- 1.094938 s
currentSize : 37 <-- 1.095436 s
currentSize : 38 <-- 1.095475 s
currentSize : 40 <-- 1.095778 s

maxsize : 40
nodes : 9885.000000
filtered : 280183.000000
time : 1.095812
