Parameters: GAD=1 vflib=0 dir=0 label=0 lowerbound=1 fileNameGp=../instances/si/si2_rand_r005_600/si2_r005_m600.08/pattern fileNameGt=../instances/si/si2_rand_r005_600/si2_r005_m600.08/target
Reading graphs...
120 : 734
600 : 17517
Initializing...
maxdom : 600
D->valSize : 72000
Solving...
Blb : 5 (clique : 43)
currentSize : 43 <-- 114.938850 s
currentSize : 44 <-- 114.947685 s
currentSize : 45 <-- 114.954819 s
currentSize : 46 <-- 115.292206 s
currentSize : 47 <-- 117.183258 s
currentSize : 48 <-- 134.068359 s
currentSize : 49 <-- 338.919037 s
currentSize : 50 <-- 772.460022 s

TIMEOUT
maxsize : 50
nodes : 109541983.000000
filtered : 2752868474.000000
time : 1000.000061
