Parameters: GAD=1 vflib=0 dir=0 label=0 lowerbound=1 fileNameGp=../instances/si/si2_m4D_m4Dr2_256/si2_m4Dr2_m256.09/pattern fileNameGt=../instances/si/si2_m4D_m4Dr2_256/si2_m4Dr2_m256.09/target
Reading graphs...
51 : 96
256 : 723
Initializing...
maxdom : 256
D->valSize : 13056
Solving...
Blb : 2 (clique : 41)
currentSize : 41 <-- 2.803957 s
currentSize : 44 <-- 2.805703 s
currentSize : 45 <-- 2.808392 s
currentSize : 47 <-- 6.493868 s
currentSize : 51 <-- 15.383506 s

maxsize : 51
nodes : 307440.000000
filtered : 84341767.000000
time : 15.383585
