Parameters: GAD=1 vflib=0 dir=0 label=0 lowerbound=1 fileNameGp=../instances/si/si2_bvg_b09_800/si2_b09_m800.08/pattern fileNameGt=../instances/si/si2_bvg_b09_800/si2_b09_m800.08/target
Reading graphs...
160 : 697
800 : 3600
Initializing...
maxdom : 800
D->valSize : 128000
Solving...
Blb : 2 (clique : 152)
currentSize : 152 <-- 447.492004 s
currentSize : 153 <-- 447.676086 s
currentSize : 154 <-- 447.925079 s
currentSize : 156 <-- 447.954926 s
currentSize : 160 <-- 448.100586 s

maxsize : 160
nodes : 2323.000000
filtered : 1537598.000000
time : 448.101044
