Parameters: GAD=1 vflib=0 dir=0 label=0 lowerbound=1 fileNameGp=../instances/si/si2_m4D_m4Dr2_256/si2_m4Dr2_m256.08/pattern fileNameGt=../instances/si/si2_m4D_m4Dr2_256/si2_m4Dr2_m256.08/target
Reading graphs...
51 : 88
256 : 723
Initializing...
maxdom : 256
D->valSize : 13056
Solving...
Blb : 2 (clique : 44)
currentSize : 44 <-- 2.881498 s
currentSize : 45 <-- 5.267301 s
currentSize : 46 <-- 24.161797 s
currentSize : 47 <-- 24.205635 s
currentSize : 48 <-- 24.386656 s
currentSize : 51 <-- 24.778944 s

maxsize : 51
nodes : 505211.000000
filtered : 135540985.000000
time : 24.779020
