Parameters: GAD=1 vflib=0 dir=0 label=0 lowerbound=1 fileNameGp=../instances/si/si2_bvg_b09_400/si2_b09_m400.03/pattern fileNameGt=../instances/si/si2_bvg_b09_400/si2_b09_m400.03/target
Reading graphs...
80 : 337
400 : 1800
Initializing...
maxdom : 400
D->valSize : 32000
Solving...
Blb : 2 (clique : 57)
currentSize : 57 <-- 25.295044 s
currentSize : 58 <-- 25.301533 s
currentSize : 59 <-- 25.315556 s
currentSize : 60 <-- 25.315693 s
currentSize : 62 <-- 25.323736 s
currentSize : 63 <-- 25.328091 s
currentSize : 64 <-- 25.334240 s
currentSize : 65 <-- 25.419975 s
currentSize : 67 <-- 25.711580 s
currentSize : 68 <-- 25.771673 s
currentSize : 69 <-- 25.917736 s
currentSize : 70 <-- 25.922672 s
currentSize : 72 <-- 25.969749 s
currentSize : 74 <-- 25.988077 s
currentSize : 76 <-- 26.043316 s
currentSize : 80 <-- 26.050262 s

maxsize : 80
nodes : 8397.000000
filtered : 3151346.000000
time : 26.050421
