Parameters: GAD=1 vflib=0 dir=0 label=0 lowerbound=1 fileNameGp=../instances/si/si2_bvg_b03m_400/si2_b03m_m400.06/pattern fileNameGt=../instances/si/si2_bvg_b03m_400/si2_b03m_m400.06/target
Reading graphs...
80 : 89
400 : 600
Initializing...
maxdom : 400
D->valSize : 32000
Solving...
Blb : 2 (clique : 65)
currentSize : 65 <-- 28.892344 s
currentSize : 68 <-- 28.899769 s
currentSize : 69 <-- 28.923803 s
currentSize : 70 <-- 29.038216 s
currentSize : 71 <-- 33.766693 s
currentSize : 72 <-- 34.652802 s
currentSize : 73 <-- 34.670818 s
currentSize : 74 <-- 34.721325 s
currentSize : 75 <-- 146.632767 s
currentSize : 76 <-- 146.879654 s
currentSize : 77 <-- 146.909241 s
currentSize : 78 <-- 147.186310 s
currentSize : 79 <-- 147.214493 s
currentSize : 80 <-- 148.958237 s

maxsize : 80
nodes : 4887612.000000
filtered : 1344072354.000000
time : 148.958405
