Parameters: GAD=1 vflib=0 dir=0 label=0 lowerbound=1 fileNameGp=../instances/si/si2_bvg_b09m_200/si2_b09m_m200.05/pattern fileNameGt=../instances/si/si2_bvg_b09m_200/si2_b09m_m200.05/target
Reading graphs...
40 : 81
200 : 897
Initializing...
maxdom : 200
D->valSize : 8000
Solving...
Blb : 2 (clique : 34)
currentSize : 34 <-- 0.967843 s
currentSize : 35 <-- 1.190556 s
currentSize : 36 <-- 1.190997 s
currentSize : 37 <-- 1.191260 s
currentSize : 38 <-- 1.191761 s
currentSize : 39 <-- 1.191777 s
currentSize : 40 <-- 1.191834 s

maxsize : 40
nodes : 9387.000000
filtered : 2700570.000000
time : 1.191869
