Parameters: GAD=1 vflib=0 dir=0 label=0 lowerbound=1 fileNameGp=../instances/si/si2_m4D_m4Dr6_256/si2_m4Dr6_m256.05/pattern fileNameGt=../instances/si/si2_m4D_m4Dr6_256/si2_m4Dr6_m256.05/target
Reading graphs...
51 : 82
256 : 823
Initializing...
maxdom : 256
D->valSize : 13056
Solving...
Blb : 2 (clique : 39)
currentSize : 39 <-- 3.195380 s
currentSize : 40 <-- 7.086241 s
currentSize : 41 <-- 7.100931 s
currentSize : 42 <-- 7.154393 s
currentSize : 43 <-- 7.213249 s
currentSize : 44 <-- 9.605517 s
currentSize : 45 <-- 11.674210 s

TIMEOUT
maxsize : 45
nodes : 28542078.000000
filtered : 7706818564.000000
time : 1000.000061
