Parameters: GAD=1 vflib=0 dir=0 label=0 lowerbound=1 fileNameGp=../instances/si/si2_bvg_b09_200/si2_b09_m200.01/pattern fileNameGt=../instances/si/si2_bvg_b09_200/si2_b09_m200.01/target
Reading graphs...
40 : 156
200 : 900
Initializing...
maxdom : 200
D->valSize : 8000
Solving...
Blb : 2 (clique : 23)
currentSize : 23 <-- 1.182426 s
currentSize : 24 <-- 1.183294 s
currentSize : 25 <-- 1.298137 s
currentSize : 26 <-- 1.304337 s
currentSize : 27 <-- 1.306174 s
currentSize : 28 <-- 24.670259 s
currentSize : 29 <-- 60.775433 s
currentSize : 30 <-- 60.775810 s
currentSize : 31 <-- 60.776764 s
currentSize : 32 <-- 60.776825 s
currentSize : 33 <-- 60.783897 s
currentSize : 35 <-- 60.784279 s
currentSize : 36 <-- 60.784309 s
currentSize : 40 <-- 60.792278 s

maxsize : 40
nodes : 2829628.000000
filtered : 857123503.000000
time : 60.792328
