Parameters: GAD=1 vflib=0 dir=0 label=0 lowerbound=1 fileNameGp=../instances/si/si2_rand_r005_600/si2_r005_m600.03/pattern fileNameGt=../instances/si/si2_rand_r005_600/si2_r005_m600.03/target
Reading graphs...
120 : 708
600 : 17505
Initializing...
maxdom : 600
D->valSize : 72000
Solving...
Blb : 5 (clique : 45)
currentSize : 45 <-- 88.853630 s
currentSize : 46 <-- 88.862976 s
currentSize : 47 <-- 88.864906 s
currentSize : 48 <-- 89.091019 s
currentSize : 49 <-- 89.282722 s
currentSize : 50 <-- 102.330322 s
currentSize : 51 <-- 110.720589 s

TIMEOUT
maxsize : 51
nodes : 114733702.000000
filtered : 2390979845.000000
time : 1000.000122
