Parameters: GAD=1 vflib=0 dir=0 label=0 lowerbound=1 fileNameGp=../instances/si/si2_rand_r005_200/si2_r005_m200.01/pattern fileNameGt=../instances/si/si2_rand_r005_200/si2_r005_m200.01/target
Reading graphs...
40 : 83
200 : 1941
Initializing...
maxdom : 200
D->valSize : 8000
Solving...
Blb : 2 (clique : 26)
currentSize : 26 <-- 0.966432 s
currentSize : 27 <-- 0.967257 s
currentSize : 28 <-- 0.967498 s
currentSize : 29 <-- 0.968958 s
currentSize : 30 <-- 0.975122 s
currentSize : 31 <-- 0.979417 s
currentSize : 32 <-- 2.840547 s
currentSize : 33 <-- 40.379250 s

TIMEOUT
maxsize : 33
nodes : 139235718.000000
filtered : 7969711808.000000
time : 1000.000000
