Parameters: GAD=1 vflib=0 dir=0 label=0 lowerbound=1 fileNameGp=../instances/si/si2_rand_r001_200/si2_r001_m200.03/pattern fileNameGt=../instances/si/si2_rand_r001_200/si2_r001_m200.03/target
Reading graphs...
40 : 46
200 : 449
Initializing...
maxdom : 200
D->valSize : 8000
Solving...
Blb : 2 (clique : 34)
currentSize : 34 <-- 1.015965 s
currentSize : 35 <-- 1.017170 s
currentSize : 36 <-- 1.018552 s
currentSize : 37 <-- 2.043969 s
currentSize : 38 <-- 2.135749 s
currentSize : 39 <-- 21.481024 s
currentSize : 40 <-- 33.854504 s

maxsize : 40
nodes : 1921656.000000
filtered : 258271901.000000
time : 33.854561
