Parameters: GAD=1 vflib=0 dir=0 label=0 lowerbound=1 fileNameGp=../instances/si/si2_bvg_b09_200/si2_b09_m200.04/pattern fileNameGt=../instances/si/si2_bvg_b09_200/si2_b09_m200.04/target
Reading graphs...
40 : 156
200 : 900
Initializing...
maxdom : 200
D->valSize : 8000
Solving...
Blb : 2 (clique : 23)
currentSize : 23 <-- 1.047877 s
currentSize : 26 <-- 1.048531 s
currentSize : 27 <-- 1.052181 s
currentSize : 28 <-- 1.055015 s
currentSize : 29 <-- 1.058463 s
currentSize : 30 <-- 1.070091 s
currentSize : 32 <-- 1.070829 s
currentSize : 35 <-- 1.071632 s
currentSize : 36 <-- 1.071660 s
currentSize : 40 <-- 1.077961 s

maxsize : 40
nodes : 2896.000000
filtered : 412102.000000
time : 1.078012
