Parameters: GAD=1 vflib=0 dir=0 label=0 lowerbound=1 fileNameGp=../instances/si/si2_bvg_b09_800/si2_b09_m800.01/pattern fileNameGt=../instances/si/si2_bvg_b09_800/si2_b09_m800.01/target
Reading graphs...
160 : 697
800 : 3600
Initializing...
maxdom : 800
D->valSize : 128000
Solving...
Blb : 2 (clique : 100)
currentSize : 100 <-- 451.796997 s
currentSize : 148 <-- 451.858582 s
currentSize : 150 <-- 451.858643 s
currentSize : 152 <-- 451.859619 s
currentSize : 154 <-- 451.863708 s
currentSize : 156 <-- 451.895294 s
currentSize : 160 <-- 452.117981 s

maxsize : 160
nodes : 1493.000000
filtered : 1098016.000000
time : 452.118469
