Parameters: GAD=1 vflib=0 dir=0 label=0 lowerbound=1 fileNameGp=../instances/si/si2_bvg_b03m_200/si2_b03m_m200.02/pattern fileNameGt=../instances/si/si2_bvg_b03m_200/si2_b03m_m200.02/target
Reading graphs...
40 : 46
200 : 299
Initializing...
maxdom : 200
D->valSize : 8000
Solving...
Blb : 2 (clique : 30)
currentSize : 30 <-- 1.021478 s
currentSize : 31 <-- 1.022449 s
currentSize : 32 <-- 1.023395 s
currentSize : 33 <-- 1.039768 s
currentSize : 34 <-- 1.091555 s
currentSize : 36 <-- 1.093089 s
currentSize : 37 <-- 1.094728 s
currentSize : 38 <-- 1.103299 s
currentSize : 39 <-- 1.112295 s
currentSize : 40 <-- 1.114150 s

maxsize : 40
nodes : 9979.000000
filtered : 655110.000000
time : 1.114201
