Parameters: GAD=1 vflib=0 dir=0 label=0 lowerbound=1 fileNameGp=../instances/si/si2_bvg_b09_400/si2_b09_m400.01/pattern fileNameGt=../instances/si/si2_bvg_b09_400/si2_b09_m400.01/target
Reading graphs...
80 : 336
400 : 1800
Initializing...
maxdom : 400
D->valSize : 32000
Solving...
Blb : 2 (clique : 64)
currentSize : 64 <-- 20.655031 s
currentSize : 65 <-- 20.662439 s
currentSize : 66 <-- 20.664511 s
currentSize : 68 <-- 20.668264 s
currentSize : 69 <-- 20.774300 s
currentSize : 70 <-- 20.780228 s
currentSize : 71 <-- 20.787090 s
currentSize : 72 <-- 20.848305 s
currentSize : 73 <-- 20.956133 s
currentSize : 74 <-- 20.963728 s
currentSize : 76 <-- 20.964239 s
currentSize : 80 <-- 20.974876 s

maxsize : 80
nodes : 3771.000000
filtered : 1447158.000000
time : 20.975016
