Parameters: GAD=1 vflib=0 dir=0 label=0 lowerbound=1 fileNameGp=../instances/si/si2_m4D_m4Dr4_625/si2_m4Dr4_m625.00/pattern fileNameGt=../instances/si/si2_m4D_m4Dr4_625/si2_m4Dr4_m625.00/target
Reading graphs...
125 : 241
625 : 1948
Initializing...
maxdom : 625
D->valSize : 78125
Solving...
Blb : 2 (clique : 84)
currentSize : 84 <-- 118.250206 s
currentSize : 85 <-- 293.348969 s
currentSize : 86 <-- 293.384247 s
currentSize : 87 <-- 293.393707 s
currentSize : 88 <-- 293.418396 s
currentSize : 89 <-- 293.444366 s
currentSize : 90 <-- 293.517151 s
currentSize : 91 <-- 298.786682 s
currentSize : 92 <-- 303.696198 s
currentSize : 93 <-- 303.801300 s
currentSize : 94 <-- 357.888519 s
currentSize : 95 <-- 357.979645 s
currentSize : 96 <-- 398.884674 s
currentSize : 98 <-- 434.315460 s
currentSize : 99 <-- 828.453064 s
currentSize : 100 <-- 999.332581 s

TIMEOUT
maxsize : 100
nodes : 20694182.000000
filtered : 3890879787.000000
time : 1000.000244
