Parameters: GAD=1 vflib=0 dir=0 label=0 lowerbound=1 fileNameGp=../instances/si/si2_bvg_b06m_200/si2_b06m_m200.04/pattern fileNameGt=../instances/si/si2_bvg_b06m_200/si2_b06m_m200.04/target
Reading graphs...
40 : 73
200 : 599
Initializing...
maxdom : 200
D->valSize : 8000
Solving...
Blb : 2 (clique : 30)
currentSize : 30 <-- 0.998780 s
currentSize : 31 <-- 1.143581 s
currentSize : 32 <-- 1.176832 s
currentSize : 33 <-- 1.190076 s
currentSize : 34 <-- 1.202480 s
currentSize : 35 <-- 1.210125 s
currentSize : 36 <-- 1.212433 s
currentSize : 37 <-- 1.394675 s
currentSize : 38 <-- 1.399555 s
currentSize : 39 <-- 1.401916 s
currentSize : 40 <-- 1.403674 s

maxsize : 40
nodes : 23894.000000
filtered : 4974623.000000
time : 1.403719
