Parameters: GAD=1 vflib=0 dir=0 label=0 lowerbound=1 fileNameGp=../instances/si/si2_bvg_b03m_200/si2_b03m_m200.03/pattern fileNameGt=../instances/si/si2_bvg_b03m_200/si2_b03m_m200.03/target
Reading graphs...
40 : 45
200 : 300
Initializing...
maxdom : 200
D->valSize : 8000
Solving...
Blb : 3 (clique : 36)
currentSize : 36 <-- 1.000174 s
currentSize : 37 <-- 1.003629 s
currentSize : 38 <-- 1.006271 s
currentSize : 39 <-- 1.011085 s
currentSize : 40 <-- 1.011977 s

maxsize : 40
nodes : 1567.000000
filtered : 155312.000000
time : 1.012017
