Parameters: GAD=1 vflib=0 dir=0 label=0 lowerbound=1 fileNameGp=../instances/si/si2_rand_r01_600/si2_r01_m600.09/pattern fileNameGt=../instances/si/si2_rand_r01_600/si2_r01_m600.09/target
Reading graphs...
120 : 1404
600 : 34141
Initializing...
maxdom : 600
D->valSize : 72000
Solving...
Blb : 2 (clique : 28)
currentSize : 28 <-- 82.043488 s
currentSize : 29 <-- 82.054771 s
currentSize : 30 <-- 82.178680 s
currentSize : 31 <-- 82.929329 s
currentSize : 32 <-- 111.556763 s
currentSize : 33 <-- 573.644226 s

TIMEOUT
maxsize : 33
nodes : 131565004.000000
filtered : 1780721600.000000
time : 1000.000061
