Parameters: GAD=1 vflib=0 dir=0 label=0 lowerbound=1 fileNameGp=../instances/si/si2_rand_r005_600/si2_r005_m600.00/pattern fileNameGt=../instances/si/si2_rand_r005_600/si2_r005_m600.00/target
Reading graphs...
120 : 725
600 : 17555
Initializing...
maxdom : 600
D->valSize : 72000
Solving...
Blb : 5 (clique : 42)
currentSize : 42 <-- 105.457207 s
currentSize : 43 <-- 105.464272 s
currentSize : 44 <-- 105.464424 s
currentSize : 45 <-- 105.466400 s
currentSize : 46 <-- 105.472763 s
currentSize : 47 <-- 105.980461 s
currentSize : 48 <-- 292.915161 s

TIMEOUT
maxsize : 48
nodes : 103002855.000000
filtered : 3151682298.000000
time : 1000.000122
