Parameters: GAD=1 vflib=0 dir=0 label=0 lowerbound=1 fileNameGp=../instances/si/si2_m4D_m4Dr2_256/si2_m4Dr2_m256.07/pattern fileNameGt=../instances/si/si2_m4D_m4Dr2_256/si2_m4Dr2_m256.07/target
Reading graphs...
51 : 83
256 : 722
Initializing...
maxdom : 256
D->valSize : 13056
Solving...
Blb : 2 (clique : 42)
currentSize : 42 <-- 2.789720 s
currentSize : 43 <-- 25.979877 s
currentSize : 44 <-- 26.516668 s
currentSize : 45 <-- 27.145884 s
currentSize : 46 <-- 28.117727 s
currentSize : 47 <-- 28.254692 s
currentSize : 51 <-- 47.299618 s

maxsize : 51
nodes : 1376293.000000
filtered : 348350850.000000
time : 47.299702
