Parameters: GAD=1 vflib=0 dir=0 label=0 lowerbound=1 fileNameGp=../instances/si/si2_rand_r005_200/si2_r005_m200.04/pattern fileNameGt=../instances/si/si2_rand_r005_200/si2_r005_m200.04/target
Reading graphs...
40 : 85
200 : 1953
Initializing...
maxdom : 200
D->valSize : 8000
Solving...
Blb : 5 (clique : 29)
currentSize : 29 <-- 1.140532 s
currentSize : 30 <-- 1.141340 s
currentSize : 31 <-- 1.141472 s
currentSize : 32 <-- 1.142009 s
currentSize : 33 <-- 1.187505 s
currentSize : 34 <-- 3.888698 s

TIMEOUT
maxsize : 34
nodes : 97089943.000000
filtered : 8862755556.000000
time : 1000.000061
