Parameters: GAD=1 vflib=0 dir=0 label=0 lowerbound=1 fileNameGp=../instances/si/si2_bvg_b03m_200/si2_b03m_m200.09/pattern fileNameGt=../instances/si/si2_bvg_b03m_200/si2_b03m_m200.09/target
Reading graphs...
40 : 45
200 : 300
Initializing...
maxdom : 200
D->valSize : 8000
Solving...
Blb : 2 (clique : 34)
currentSize : 34 <-- 1.006439 s
currentSize : 35 <-- 9.125844 s
currentSize : 36 <-- 29.310812 s
currentSize : 37 <-- 29.331125 s
currentSize : 38 <-- 37.504223 s
currentSize : 39 <-- 37.508991 s
currentSize : 40 <-- 37.510708 s

maxsize : 40
nodes : 1756104.000000
filtered : 267699444.000000
time : 37.510754
