Parameters: GAD=1 vflib=0 dir=0 label=0 lowerbound=1 fileNameGp=../instances/si/si2_bvg_b09m_200/si2_b09m_m200.06/pattern fileNameGt=../instances/si/si2_bvg_b09m_200/si2_b09m_m200.06/target
Reading graphs...
40 : 80
200 : 898
Initializing...
maxdom : 200
D->valSize : 8000
Solving...
Blb : 2 (clique : 33)
currentSize : 33 <-- 0.944092 s
currentSize : 34 <-- 0.991899 s
currentSize : 35 <-- 0.994616 s
currentSize : 36 <-- 0.997246 s
currentSize : 37 <-- 0.999342 s
currentSize : 38 <-- 1.001689 s
currentSize : 40 <-- 1.001759 s

maxsize : 40
nodes : 3298.000000
filtered : 508973.000000
time : 1.001789
