Parameters: GAD=1 vflib=0 dir=0 label=0 lowerbound=1 fileNameGp=../instances/si/si2_m4D_m4Dr2_256/si2_m4Dr2_m256.06/pattern fileNameGt=../instances/si/si2_m4D_m4Dr2_256/si2_m4Dr2_m256.06/target
Reading graphs...
51 : 84
256 : 723
Initializing...
maxdom : 256
D->valSize : 13056
Solving...
Blb : 2 (clique : 42)
currentSize : 42 <-- 2.911634 s
currentSize : 44 <-- 2.913841 s
currentSize : 45 <-- 2.920486 s
currentSize : 46 <-- 2.926487 s
currentSize : 47 <-- 2.987666 s
currentSize : 48 <-- 2.993836 s
currentSize : 49 <-- 3.000241 s
currentSize : 50 <-- 4.051249 s
currentSize : 51 <-- 4.051582 s

maxsize : 51
nodes : 26759.000000
filtered : 7269051.000000
time : 4.051651
