Parameters: GAD=1 vflib=0 dir=0 label=0 lowerbound=1 fileNameGp=../instances/si/si2_rand_r01_200/si2_r01_m200.01/pattern fileNameGt=../instances/si/si2_rand_r01_200/si2_r01_m200.01/target
Reading graphs...
40 : 161
200 : 3767
Initializing...
maxdom : 200
D->valSize : 8000
Solving...
Blb : 2 (clique : 20)
currentSize : 20 <-- 0.947867 s
currentSize : 21 <-- 0.949365 s
currentSize : 22 <-- 0.949658 s
currentSize : 23 <-- 0.952979 s
currentSize : 24 <-- 0.953566 s
currentSize : 25 <-- 1.024078 s
currentSize : 26 <-- 660.616089 s

TIMEOUT
maxsize : 26
nodes : 166323065.000000
filtered : 7291917641.000000
time : 1000.000061
