Parameters: GAD=1 vflib=0 dir=0 label=0 lowerbound=1 fileNameGp=../instances/si/si2_rand_r001_200/si2_r001_m200.05/pattern fileNameGt=../instances/si/si2_rand_r001_200/si2_r001_m200.05/target
Reading graphs...
40 : 44
200 : 452
Initializing...
maxdom : 200
D->valSize : 8000
Solving...
Blb : 2 (clique : 34)
currentSize : 34 <-- 1.362451 s
currentSize : 35 <-- 1.363775 s
currentSize : 36 <-- 12.249228 s
currentSize : 37 <-- 12.252479 s
currentSize : 38 <-- 12.256804 s
currentSize : 39 <-- 12.361837 s
currentSize : 40 <-- 147.130234 s

maxsize : 40
nodes : 26920968.000000
filtered : 1172284037.000000
time : 147.130295
