Parameters: GAD=1 vflib=0 dir=0 label=0 lowerbound=1 fileNameGp=../instances/si/si2_bvg_b09_400/si2_b09_m400.06/pattern fileNameGt=../instances/si/si2_bvg_b09_400/si2_b09_m400.06/target
Reading graphs...
80 : 338
400 : 1800
Initializing...
maxdom : 400
D->valSize : 32000
Solving...
Blb : 2 (clique : 61)
currentSize : 61 <-- 20.925423 s
currentSize : 62 <-- 20.935167 s
currentSize : 63 <-- 20.941341 s
currentSize : 64 <-- 20.965044 s
currentSize : 65 <-- 20.965616 s
currentSize : 66 <-- 21.221691 s
currentSize : 67 <-- 21.246288 s
currentSize : 68 <-- 59.085537 s
currentSize : 69 <-- 59.089394 s
currentSize : 70 <-- 59.090485 s
currentSize : 71 <-- 59.091801 s
currentSize : 72 <-- 59.124725 s
currentSize : 74 <-- 59.133114 s
currentSize : 76 <-- 59.133511 s
currentSize : 80 <-- 59.176693 s

maxsize : 80
nodes : 630378.000000
filtered : 207344943.000000
time : 59.176857
