Parameters: GAD=1 vflib=0 dir=0 label=0 lowerbound=1 fileNameGp=../instances/si/si2_rand_r01_200/si2_r01_m200.08/pattern fileNameGt=../instances/si/si2_rand_r01_200/si2_r01_m200.08/target
Reading graphs...
40 : 157
200 : 3789
Initializing...
maxdom : 200
D->valSize : 8000
Solving...
Blb : 2 (clique : 20)
currentSize : 20 <-- 0.873890 s
currentSize : 21 <-- 0.874683 s
currentSize : 22 <-- 0.876847 s
currentSize : 23 <-- 0.881961 s
currentSize : 24 <-- 0.952246 s
currentSize : 25 <-- 13.760293 s

TIMEOUT
maxsize : 25
nodes : 198897247.000000
filtered : 5981922372.000000
time : 1000.000000
