Parameters: GAD=1 vflib=0 dir=0 label=0 lowerbound=1 fileNameGp=../instances/si/si2_m4D_m4Dr2_256/si2_m4Dr2_m256.02/pattern fileNameGt=../instances/si/si2_m4D_m4Dr2_256/si2_m4Dr2_m256.02/target
Reading graphs...
51 : 93
256 : 723
Initializing...
maxdom : 256
D->valSize : 13056
Solving...
Blb : 2 (clique : 39)
currentSize : 39 <-- 2.879302 s
currentSize : 40 <-- 2.881538 s
currentSize : 41 <-- 2.915972 s
currentSize : 42 <-- 2.925486 s
currentSize : 43 <-- 3.403681 s
currentSize : 44 <-- 14.689009 s
currentSize : 45 <-- 16.657068 s
currentSize : 46 <-- 24.457729 s
currentSize : 47 <-- 24.908461 s
currentSize : 51 <-- 80.872986 s

maxsize : 51
nodes : 1923691.000000
filtered : 713081901.000000
time : 80.873062
