Parameters: GAD=1 vflib=0 dir=0 label=0 lowerbound=1 fileNameGp=../instances/si/si2_bvg_b09_400/si2_b09_m400.07/pattern fileNameGt=../instances/si/si2_bvg_b09_400/si2_b09_m400.07/target
Reading graphs...
80 : 337
400 : 1800
Initializing...
maxdom : 400
D->valSize : 32000
Solving...
Blb : 2 (clique : 62)
currentSize : 62 <-- 20.306129 s
currentSize : 63 <-- 20.312384 s
currentSize : 64 <-- 20.312483 s
currentSize : 65 <-- 20.312525 s
currentSize : 66 <-- 20.312641 s
currentSize : 67 <-- 20.313105 s
currentSize : 68 <-- 20.313341 s
currentSize : 70 <-- 20.313974 s
currentSize : 72 <-- 20.314804 s
currentSize : 73 <-- 20.317759 s
currentSize : 74 <-- 20.327564 s
currentSize : 76 <-- 20.327936 s
currentSize : 80 <-- 20.397367 s

maxsize : 80
nodes : 1641.000000
filtered : 456313.000000
time : 20.397505
