Parameters: GAD=1 vflib=0 dir=0 label=0 lowerbound=1 fileNameGp=../instances/si/si2_bvg_b06m_200/si2_b06m_m200.07/pattern fileNameGt=../instances/si/si2_bvg_b06m_200/si2_b06m_m200.07/target
Reading graphs...
40 : 67
200 : 598
Initializing...
maxdom : 200
D->valSize : 8000
Solving...
Blb : 2 (clique : 30)
currentSize : 30 <-- 0.949377 s
currentSize : 31 <-- 0.950405 s
currentSize : 32 <-- 0.951077 s
currentSize : 33 <-- 0.952451 s
currentSize : 34 <-- 0.952586 s
currentSize : 35 <-- 0.953305 s
currentSize : 36 <-- 0.953804 s
currentSize : 37 <-- 0.953968 s
currentSize : 38 <-- 0.954811 s
currentSize : 39 <-- 0.955585 s
currentSize : 40 <-- 0.955899 s

maxsize : 40
nodes : 1078.000000
filtered : 92721.000000
time : 0.955928
