Parameters: GAD=1 vflib=0 dir=0 label=0 lowerbound=1 fileNameGp=../instances/si/si2_bvg_b06m_200/si2_b06m_m200.05/pattern fileNameGt=../instances/si/si2_bvg_b06m_200/si2_b06m_m200.05/target
Reading graphs...
40 : 84
200 : 597
Initializing...
maxdom : 200
D->valSize : 8000
Solving...
Blb : 2 (clique : 32)
currentSize : 32 <-- 0.981831 s
currentSize : 33 <-- 1.022355 s
currentSize : 34 <-- 1.047285 s
currentSize : 35 <-- 1.227419 s
currentSize : 36 <-- 1.236022 s
currentSize : 37 <-- 1.236772 s
currentSize : 38 <-- 1.236801 s
currentSize : 39 <-- 1.237780 s
currentSize : 40 <-- 1.237946 s

maxsize : 40
nodes : 10026.000000
filtered : 2576341.000000
time : 1.237985
