Parameters: GAD=1 vflib=0 dir=0 label=0 lowerbound=1 fileNameGp=../instances/si/si2_m4D_m4Dr4_256/si2_m4Dr4_m256.02/pattern fileNameGt=../instances/si/si2_m4D_m4Dr4_256/si2_m4Dr4_m256.02/target
Reading graphs...
51 : 82
256 : 773
Initializing...
maxdom : 256
D->valSize : 13056
Solving...
Blb : 2 (clique : 35)
currentSize : 35 <-- 2.793946 s
currentSize : 36 <-- 2.800793 s
currentSize : 37 <-- 2.842875 s
currentSize : 38 <-- 2.872582 s
currentSize : 39 <-- 2.950095 s
currentSize : 40 <-- 3.989893 s
currentSize : 41 <-- 4.037622 s
currentSize : 42 <-- 4.282036 s
currentSize : 43 <-- 4.972194 s
currentSize : 44 <-- 5.546976 s
currentSize : 45 <-- 5.998490 s
currentSize : 46 <-- 7.994481 s
currentSize : 47 <-- 21.663391 s
currentSize : 48 <-- 130.310303 s
currentSize : 49 <-- 130.311508 s
currentSize : 51 <-- 130.312943 s

maxsize : 51
nodes : 2829569.000000
filtered : 1148797866.000000
time : 130.313004
