Parameters: GAD=1 vflib=0 dir=0 label=0 lowerbound=1 fileNameGp=../instances/si/si2_rand_r001_200/si2_r001_m200.06/pattern fileNameGt=../instances/si/si2_rand_r001_200/si2_r001_m200.06/target
Reading graphs...
40 : 46
200 : 445
Initializing...
maxdom : 200
D->valSize : 8000
Solving...
Blb : 2 (clique : 32)
currentSize : 32 <-- 1.017099 s
currentSize : 35 <-- 1.018305 s
currentSize : 36 <-- 1.019733 s
currentSize : 37 <-- 1.023648 s
currentSize : 38 <-- 1.024911 s
currentSize : 39 <-- 1.106828 s
currentSize : 40 <-- 15.698547 s

maxsize : 40
nodes : 1711407.000000
filtered : 124078911.000000
time : 15.698606
