Parameters: GAD=1 vflib=0 dir=0 label=0 lowerbound=1 fileNameGp=../instances/si/si2_rand_r005_200/si2_r005_m200.08/pattern fileNameGt=../instances/si/si2_rand_r005_200/si2_r005_m200.08/target
Reading graphs...
40 : 83
200 : 1937
Initializing...
maxdom : 200
D->valSize : 8000
Solving...
Blb : 2 (clique : 29)
currentSize : 29 <-- 1.043714 s
currentSize : 30 <-- 1.047415 s
currentSize : 31 <-- 1.058833 s
currentSize : 32 <-- 1.407420 s
currentSize : 33 <-- 13.256782 s
currentSize : 34 <-- 137.422714 s

TIMEOUT
maxsize : 34
nodes : 109121493.000000
filtered : 8353006133.000000
time : 1000.000061
