Parameters: GAD=1 vflib=0 dir=0 label=0 lowerbound=1 fileNameGp=../instances/si/si2_m4D_m4Dr4_256/si2_m4Dr4_m256.01/pattern fileNameGt=../instances/si/si2_m4D_m4Dr4_256/si2_m4Dr4_m256.01/target
Reading graphs...
51 : 96
256 : 772
Initializing...
maxdom : 256
D->valSize : 13056
Solving...
Blb : 2 (clique : 40)
currentSize : 40 <-- 2.762599 s
currentSize : 41 <-- 2.767858 s
currentSize : 42 <-- 4.190092 s
currentSize : 43 <-- 770.852905 s
currentSize : 44 <-- 831.754089 s
currentSize : 45 <-- 888.756165 s
currentSize : 46 <-- 890.955688 s
currentSize : 47 <-- 900.182434 s
currentSize : 50 <-- 904.129211 s
currentSize : 51 <-- 904.129272 s

maxsize : 51
nodes : 42987865.000000
filtered : 5093126194.000000
time : 904.129333
