Parameters: GAD=1 vflib=0 dir=0 label=0 lowerbound=1 fileNameGp=../instances/si/si2_rand_r001_400/si2_r001_m400.05/pattern fileNameGt=../instances/si/si2_rand_r001_400/si2_r001_m400.05/target
Reading graphs...
80 : 111
400 : 1640
Initializing...
maxdom : 400
D->valSize : 32000
Solving...
Blb : 2 (clique : 60)
currentSize : 60 <-- 18.725056 s
currentSize : 62 <-- 18.731916 s
currentSize : 63 <-- 18.732897 s
currentSize : 64 <-- 18.733709 s
currentSize : 65 <-- 18.735737 s
currentSize : 66 <-- 18.746584 s
currentSize : 67 <-- 134.544830 s

TIMEOUT
maxsize : 67
nodes : 49187692.000000
filtered : 3725176129.000000
time : 1000.000122
