Parameters: GAD=1 vflib=0 dir=0 label=0 lowerbound=1 fileNameGp=../instances/si/si2_bvg_b03m_200/si2_b03m_m200.06/pattern fileNameGt=../instances/si/si2_bvg_b03m_200/si2_b03m_m200.06/target
Reading graphs...
40 : 47
200 : 300
Initializing...
maxdom : 200
D->valSize : 8000
Solving...
Blb : 2 (clique : 35)
currentSize : 35 <-- 1.032331 s
currentSize : 36 <-- 1.036252 s
currentSize : 37 <-- 1.038271 s
currentSize : 38 <-- 1.042454 s
currentSize : 39 <-- 1.104837 s
currentSize : 40 <-- 1.106617 s

maxsize : 40
nodes : 4178.000000
filtered : 417156.000000
time : 1.106657
