Parameters: GAD=1 vflib=0 dir=0 label=0 lowerbound=1 fileNameGp=../instances/si/si2_bvg_b03m_800/si2_b03m_m800.08/pattern fileNameGt=../instances/si/si2_bvg_b03m_800/si2_b03m_m800.08/target
Reading graphs...
160 : 181
800 : 1199
Initializing...
maxdom : 800
D->valSize : 128000
Solving...
Blb : 5 (clique : 124)
currentSize : 124 <-- 673.954346 s
currentSize : 128 <-- 674.012207 s
currentSize : 129 <-- 674.805847 s
currentSize : 130 <-- 675.554077 s
currentSize : 131 <-- 676.293030 s
currentSize : 132 <-- 688.483093 s
currentSize : 133 <-- 690.190674 s
currentSize : 134 <-- 778.076721 s
currentSize : 135 <-- 903.308411 s

TIMEOUT
maxsize : 135
nodes : 1458461.000000
filtered : 3392055322.000000
time : 1000.000549
