Parameters: GAD=1 vflib=0 dir=0 label=0 lowerbound=1 fileNameGp=../instances/si/si2_m4D_m4Dr4_256/si2_m4Dr4_m256.08/pattern fileNameGt=../instances/si/si2_m4D_m4Dr4_256/si2_m4Dr4_m256.08/target
Reading graphs...
51 : 96
256 : 773
Initializing...
maxdom : 256
D->valSize : 13056
Solving...
Blb : 2 (clique : 42)
currentSize : 42 <-- 2.788423 s
currentSize : 43 <-- 26.821981 s
currentSize : 44 <-- 28.146976 s
currentSize : 45 <-- 42.676216 s
currentSize : 46 <-- 69.133896 s
currentSize : 47 <-- 69.256554 s
currentSize : 48 <-- 71.516281 s
currentSize : 49 <-- 78.912834 s
currentSize : 51 <-- 78.912895 s

maxsize : 51
nodes : 2641591.000000
filtered : 497841240.000000
time : 78.912956
