Parameters: GAD=1 vflib=0 dir=0 label=0 lowerbound=1 fileNameGp=../instances/si/si2_bvg_b09m_200/si2_b09m_m200.01/pattern fileNameGt=../instances/si/si2_bvg_b09m_200/si2_b09m_m200.01/target
Reading graphs...
40 : 79
200 : 895
Initializing...
maxdom : 200
D->valSize : 8000
Solving...
Blb : 5 (clique : 29)
currentSize : 29 <-- 0.982993 s
currentSize : 30 <-- 1.860447 s
currentSize : 31 <-- 11.330195 s
currentSize : 32 <-- 24.549240 s
currentSize : 33 <-- 38.328976 s
currentSize : 34 <-- 38.331463 s
currentSize : 35 <-- 38.439255 s
currentSize : 36 <-- 38.443825 s
currentSize : 37 <-- 38.486488 s
currentSize : 38 <-- 38.488110 s
currentSize : 39 <-- 38.490849 s
currentSize : 40 <-- 38.492294 s

maxsize : 40
nodes : 6331004.000000
filtered : 179225306.000000
time : 38.492374
