Parameters: GAD=1 vflib=0 dir=0 label=0 lowerbound=1 fileNameGp=../instances/si/si2_m4D_m4Dr4_625/si2_m4Dr4_m625.09/pattern fileNameGt=../instances/si/si2_m4D_m4Dr4_625/si2_m4Dr4_m625.09/target
Reading graphs...
125 : 193
625 : 1947
Initializing...
maxdom : 625
D->valSize : 78125
Solving...
Blb : 2 (clique : 101)
currentSize : 101 <-- 152.217316 s
currentSize : 102 <-- 152.239670 s
currentSize : 103 <-- 152.266418 s
currentSize : 104 <-- 152.304733 s
currentSize : 105 <-- 152.350311 s
currentSize : 106 <-- 152.393799 s
currentSize : 107 <-- 152.785202 s

TIMEOUT
maxsize : 107
nodes : 14668566.000000
filtered : 9183006499.000000
time : 1000.000244
