Parameters: GAD=1 vflib=0 dir=0 label=0 lowerbound=1 fileNameGp=../instances/si/si2_rand_r01_400/si2_r01_m400.07/pattern fileNameGt=../instances/si/si2_rand_r01_400/si2_r01_m400.07/target
Reading graphs...
80 : 579
400 : 15151
Initializing...
maxdom : 400
D->valSize : 32000
Solving...
Blb : 5 (clique : 27)
currentSize : 27 <-- 18.576893 s
currentSize : 28 <-- 18.647943 s
currentSize : 29 <-- 18.784847 s
currentSize : 30 <-- 19.734688 s
currentSize : 31 <-- 31.581432 s
currentSize : 32 <-- 697.703735 s

TIMEOUT
maxsize : 32
nodes : 169426355.000000
filtered : 2611829490.000000
time : 1000.000061
