Parameters: GAD=1 vflib=0 dir=0 label=0 lowerbound=1 fileNameGp=../instances/si/si2_rand_r01_200/si2_r01_m200.03/pattern fileNameGt=../instances/si/si2_rand_r01_200/si2_r01_m200.03/target
Reading graphs...
40 : 141
200 : 3788
Initializing...
maxdom : 200
D->valSize : 8000
Solving...
Blb : 2 (clique : 19)
currentSize : 19 <-- 0.899953 s
currentSize : 20 <-- 0.900582 s
currentSize : 21 <-- 0.900862 s
currentSize : 22 <-- 0.909732 s
currentSize : 23 <-- 1.123552 s
currentSize : 24 <-- 6.021661 s
currentSize : 25 <-- 152.911697 s

TIMEOUT
maxsize : 25
nodes : 198519073.000000
filtered : 6109907545.000000
time : 1000.000061
