Parameters: GAD=1 vflib=0 dir=0 label=0 lowerbound=1 fileNameGp=../instances/si/si2_m4D_m4Dr6_256/si2_m4Dr6_m256.01/pattern fileNameGt=../instances/si/si2_m4D_m4Dr6_256/si2_m4Dr6_m256.01/target
Reading graphs...
51 : 76
256 : 823
Initializing...
maxdom : 256
D->valSize : 13056
Solving...
Blb : 5 (clique : 40)
currentSize : 40 <-- 2.885632 s
currentSize : 42 <-- 2.983127 s
currentSize : 43 <-- 2.993115 s
currentSize : 44 <-- 3.084794 s
currentSize : 45 <-- 3.096108 s
currentSize : 46 <-- 5.194492 s
currentSize : 47 <-- 6.063707 s
currentSize : 51 <-- 10.258855 s

maxsize : 51
nodes : 172499.000000
filtered : 48112133.000000
time : 10.258945
