Parameters: GAD=1 vflib=0 dir=0 label=0 lowerbound=1 fileNameGp=../instances/si/si2_bvg_b06_200/si2_b06_m200.03/pattern fileNameGt=../instances/si/si2_bvg_b06_200/si2_b06_m200.03/target
Reading graphs...
40 : 114
200 : 600
Initializing...
maxdom : 200
D->valSize : 8000
Solving...
Blb : 2 (clique : 35)
currentSize : 35 <-- 1.038017 s
currentSize : 36 <-- 1.039151 s
currentSize : 37 <-- 1.039385 s
currentSize : 38 <-- 1.039853 s
currentSize : 40 <-- 1.040838 s

maxsize : 40
nodes : 308.000000
filtered : 47417.000000
time : 1.040880
