Parameters: GAD=1 vflib=0 dir=0 label=0 lowerbound=1 fileNameGp=../instances/si/si2_m4D_m4Dr4_256/si2_m4Dr4_m256.04/pattern fileNameGt=../instances/si/si2_m4D_m4Dr4_256/si2_m4Dr4_m256.04/target
Reading graphs...
51 : 86
256 : 772
Initializing...
maxdom : 256
D->valSize : 13056
Solving...
Blb : 2 (clique : 39)
currentSize : 39 <-- 3.053613 s
currentSize : 40 <-- 3.065972 s
currentSize : 41 <-- 3.173920 s
currentSize : 42 <-- 3.230860 s
currentSize : 43 <-- 3.640881 s
currentSize : 44 <-- 6.793897 s

TIMEOUT
maxsize : 44
nodes : 63115594.000000
filtered : 10137425125.000000
time : 1000.000061
