Parameters: GAD=1 vflib=0 dir=0 label=0 lowerbound=1 fileNameGp=../instances/si/si2_rand_r001_200/si2_r001_m200.02/pattern fileNameGt=../instances/si/si2_rand_r001_200/si2_r001_m200.02/target
Reading graphs...
40 : 48
200 : 441
Initializing...
maxdom : 200
D->valSize : 8000
Solving...
Blb : 2 (clique : 33)
currentSize : 33 <-- 1.282314 s
currentSize : 34 <-- 1.283377 s
currentSize : 35 <-- 1.283611 s
currentSize : 36 <-- 1.283975 s
currentSize : 37 <-- 8.565114 s
currentSize : 38 <-- 27.134024 s
currentSize : 39 <-- 27.140911 s
currentSize : 40 <-- 27.513868 s

maxsize : 40
nodes : 5123823.000000
filtered : 184188432.000000
time : 27.513920
