Parameters: GAD=1 vflib=0 dir=0 label=0 lowerbound=1 fileNameGp=../instances/si/si2_rand_r001_200/si2_r001_m200.09/pattern fileNameGt=../instances/si/si2_rand_r001_200/si2_r001_m200.09/target
Reading graphs...
40 : 43
200 : 443
Initializing...
maxdom : 200
D->valSize : 8000
Solving...
Blb : 2 (clique : 32)
currentSize : 32 <-- 1.040775 s
currentSize : 33 <-- 1.041925 s
currentSize : 34 <-- 1.050232 s
currentSize : 35 <-- 1.065655 s
currentSize : 36 <-- 1.072094 s
currentSize : 37 <-- 1.081654 s
currentSize : 38 <-- 41.655251 s
currentSize : 39 <-- 43.333233 s

TIMEOUT
maxsize : 39
nodes : 442440550.000000
filtered : 4759150745.000000
time : 1000.000000
