Parameters: GAD=1 vflib=0 dir=0 label=0 lowerbound=1 fileNameGp=../instances/si/si2_bvg_b09m_200/si2_b09m_m200.07/pattern fileNameGt=../instances/si/si2_bvg_b09m_200/si2_b09m_m200.07/target
Reading graphs...
40 : 87
200 : 894
Initializing...
maxdom : 200
D->valSize : 8000
Solving...
Blb : 2 (clique : 27)
currentSize : 27 <-- 0.952916 s
currentSize : 28 <-- 0.953791 s
currentSize : 29 <-- 0.956757 s
currentSize : 30 <-- 0.958752 s
currentSize : 31 <-- 0.980303 s
currentSize : 32 <-- 1.111950 s
currentSize : 33 <-- 1.586837 s
currentSize : 34 <-- 1.811423 s
currentSize : 35 <-- 1.817433 s
currentSize : 36 <-- 1.818128 s
currentSize : 37 <-- 1.818679 s
currentSize : 40 <-- 1.819881 s

maxsize : 40
nodes : 46034.000000
filtered : 8874229.000000
time : 1.819920
