Parameters: GAD=1 vflib=0 dir=0 label=0 lowerbound=1 fileNameGp=../instances/si/si2_bvg_b06_400/si2_b06_m400.09/pattern fileNameGt=../instances/si/si2_bvg_b06_400/si2_b06_m400.09/target
Reading graphs...
80 : 234
400 : 1200
Initializing...
maxdom : 400
D->valSize : 32000
Solving...
Blb : 2 (clique : 74)
currentSize : 74 <-- 20.414679 s
currentSize : 75 <-- 20.425123 s
currentSize : 76 <-- 20.434431 s
currentSize : 77 <-- 20.447332 s
currentSize : 78 <-- 20.449158 s
currentSize : 80 <-- 20.460451 s

maxsize : 80
nodes : 873.000000
filtered : 254119.000000
time : 20.460585
