Parameters: GAD=1 vflib=0 dir=0 label=0 lowerbound=1 fileNameGp=../instances/si/si4_rand_r001_200/si4_r001_m200.00/pattern fileNameGt=../instances/si/si4_rand_r001_200/si4_r001_m200.00/target
Reading graphs...
80 : 104
200 : 440
Initializing...
maxdom : 200
D->valSize : 16000
Solving...
Blb : 2 (clique : 60)
currentSize : 60 <-- 4.466985 s
currentSize : 61 <-- 4.476714 s
currentSize : 62 <-- 4.598802 s
currentSize : 63 <-- 4.914507 s
currentSize : 64 <-- 15.808343 s
currentSize : 65 <-- 815.281372 s

TIMEOUT
maxsize : 65
nodes : 75907826.000000
filtered : 5775158702.000000
time : 1000.000183
