Parameters: GAD=1 vflib=0 dir=0 label=0 lowerbound=1 fileNameGp=../instances/si/si4_bvg_b09_400/si4_b09_m400.00/pattern fileNameGt=../instances/si/si4_bvg_b09_400/si4_b09_m400.00/target
Reading graphs...
160 : 697
400 : 1800
Initializing...
maxdom : 400
D->valSize : 64000
Solving...
Blb : 2 (clique : 144)
currentSize : 144 <-- 161.829590 s
currentSize : 146 <-- 161.869049 s
currentSize : 148 <-- 161.888214 s
currentSize : 150 <-- 161.912125 s
currentSize : 152 <-- 161.916565 s
currentSize : 154 <-- 162.015274 s
currentSize : 156 <-- 162.259430 s
currentSize : 160 <-- 162.459366 s

maxsize : 160
nodes : 3724.000000
filtered : 1549498.000000
time : 162.459793
