Parameters: GAD=1 vflib=0 dir=0 label=0 lowerbound=1 fileNameGp=../instances/si/si4_bvg_b03m_200/si4_b03m_m200.09/pattern fileNameGt=../instances/si/si4_bvg_b03m_200/si4_b03m_m200.09/target
Reading graphs...
80 : 96
200 : 300
Initializing...
maxdom : 200
D->valSize : 16000
Solving...
Blb : 2 (clique : 66)
currentSize : 66 <-- 4.657973 s
currentSize : 67 <-- 4.661892 s
currentSize : 68 <-- 4.693704 s
currentSize : 69 <-- 4.698500 s
currentSize : 70 <-- 4.702971 s
currentSize : 71 <-- 5.772094 s
currentSize : 72 <-- 5.847460 s
currentSize : 73 <-- 7.320209 s
currentSize : 74 <-- 19.363552 s

TIMEOUT
maxsize : 74
nodes : 29655823.000000
filtered : 6577581598.000000
time : 1000.000122
