Parameters: GAD=1 vflib=0 dir=0 label=0 lowerbound=1 fileNameGp=../instances/si/si4_bvg_b09_200/si4_b09_m200.01/pattern fileNameGt=../instances/si/si4_bvg_b09_200/si4_b09_m200.01/target
Reading graphs...
80 : 336
200 : 900
Initializing...
maxdom : 200
D->valSize : 16000
Solving...
Blb : 5 (clique : 56)
currentSize : 56 <-- 4.033960 s
currentSize : 57 <-- 4.036712 s
currentSize : 58 <-- 4.037659 s
currentSize : 59 <-- 4.039151 s
currentSize : 60 <-- 4.040165 s
currentSize : 62 <-- 4.041679 s
currentSize : 64 <-- 4.041851 s
currentSize : 65 <-- 4.054586 s
currentSize : 66 <-- 4.178533 s
currentSize : 68 <-- 4.324874 s
currentSize : 69 <-- 4.330833 s
currentSize : 70 <-- 4.332345 s
currentSize : 71 <-- 4.334104 s
currentSize : 72 <-- 4.337423 s
currentSize : 74 <-- 4.362387 s
currentSize : 76 <-- 4.384207 s
currentSize : 80 <-- 4.406123 s

maxsize : 80
nodes : 13150.000000
filtered : 1701544.000000
time : 4.406232
