Parameters: GAD=1 vflib=0 dir=0 label=0 lowerbound=1 fileNameGp=../instances/si/si4_bvg_b09_400/si4_b09_m400.02/pattern fileNameGt=../instances/si/si4_bvg_b09_400/si4_b09_m400.02/target
Reading graphs...
160 : 696
400 : 1800
Initializing...
maxdom : 400
D->valSize : 64000
Solving...
Blb : 2 (clique : 134)
currentSize : 134 <-- 98.411179 s
currentSize : 135 <-- 98.440338 s
currentSize : 136 <-- 98.447128 s
currentSize : 137 <-- 98.463112 s
currentSize : 138 <-- 98.469368 s
currentSize : 140 <-- 98.493195 s
currentSize : 141 <-- 98.518082 s
currentSize : 142 <-- 98.544144 s
currentSize : 143 <-- 98.550110 s
currentSize : 144 <-- 98.578896 s
currentSize : 145 <-- 116.565712 s
currentSize : 146 <-- 541.568420 s

TIMEOUT
maxsize : 146
nodes : 7422973.000000
filtered : 1687222379.000000
time : 1000.000427
