Parameters: GAD=1 vflib=0 dir=0 label=0 lowerbound=1 fileNameGp=../instances/si/si4_bvg_b03m_200/si4_b03m_m200.01/pattern fileNameGt=../instances/si/si4_bvg_b03m_200/si4_b03m_m200.01/target
Reading graphs...
80 : 97
200 : 299
Initializing...
maxdom : 200
D->valSize : 16000
Solving...
Blb : 5 (clique : 60)
currentSize : 60 <-- 4.522657 s
currentSize : 61 <-- 4.527270 s
currentSize : 62 <-- 4.556775 s
currentSize : 64 <-- 342.599579 s
currentSize : 65 <-- 342.637909 s
currentSize : 66 <-- 342.675140 s
currentSize : 67 <-- 342.734344 s
currentSize : 68 <-- 342.789307 s

TIMEOUT
maxsize : 68
nodes : 15537524.000000
filtered : 14161335208.000000
time : 1000.000122
