Parameters: GAD=1 vflib=0 dir=0 label=0 lowerbound=1 fileNameGp=../instances/si/si4_rand_r005_200/si4_r005_m200.02/pattern fileNameGt=../instances/si/si4_rand_r005_200/si4_r005_m200.02/target
Reading graphs...
80 : 302
200 : 1943
Initializing...
maxdom : 200
D->valSize : 16000
Solving...
Blb : 5 (clique : 35)
currentSize : 35 <-- 4.210086 s
currentSize : 37 <-- 4.211823 s
currentSize : 38 <-- 4.211944 s
currentSize : 39 <-- 4.217360 s
currentSize : 40 <-- 4.462618 s
currentSize : 41 <-- 4.655758 s
currentSize : 42 <-- 4.698951 s
currentSize : 43 <-- 6.926282 s
currentSize : 44 <-- 20.085997 s
currentSize : 45 <-- 147.731827 s

TIMEOUT
maxsize : 45
nodes : 140732034.000000
filtered : 4201157508.000000
time : 1000.000061
