Parameters: GAD=1 vflib=0 dir=0 label=0 lowerbound=1 fileNameGp=../instances/si/si4_rand_r001_200/si4_r001_m200.08/pattern fileNameGt=../instances/si/si4_rand_r001_200/si4_r001_m200.08/target
Reading graphs...
80 : 111
200 : 448
Initializing...
maxdom : 200
D->valSize : 16000
Solving...
Blb : 2 (clique : 60)
currentSize : 60 <-- 4.391718 s
currentSize : 61 <-- 4.735750 s
currentSize : 62 <-- 40.451115 s
currentSize : 63 <-- 215.751007 s
currentSize : 64 <-- 382.030548 s
currentSize : 65 <-- 831.776123 s

TIMEOUT
maxsize : 65
nodes : 68832758.000000
filtered : 5778050012.000000
time : 1000.000061
