Parameters: GAD=1 vflib=0 dir=0 label=0 lowerbound=1 fileNameGp=../instances/si/si4_bvg_b09_200/si4_b09_m200.06/pattern fileNameGt=../instances/si/si4_bvg_b09_200/si4_b09_m200.06/target
Reading graphs...
80 : 336
200 : 900
Initializing...
maxdom : 200
D->valSize : 16000
Solving...
Blb : 2 (clique : 58)
currentSize : 58 <-- 4.149956 s
currentSize : 59 <-- 4.153079 s
currentSize : 60 <-- 4.154226 s
currentSize : 61 <-- 4.156231 s
currentSize : 62 <-- 4.156900 s
currentSize : 64 <-- 5.269621 s
currentSize : 65 <-- 5.705600 s
currentSize : 66 <-- 6.154324 s
currentSize : 68 <-- 7.046730 s
currentSize : 69 <-- 7.049276 s
currentSize : 70 <-- 7.051663 s
currentSize : 72 <-- 7.052687 s
currentSize : 74 <-- 7.060089 s
currentSize : 76 <-- 7.072129 s
currentSize : 80 <-- 7.110593 s

maxsize : 80
nodes : 83205.000000
filtered : 15773921.000000
time : 7.110716
