Parameters: GAD=1 vflib=0 dir=0 label=0 lowerbound=1 fileNameGp=../instances/si/si4_m4D_m4Dr4_256/si4_m4Dr4_m256.09/pattern fileNameGt=../instances/si/si4_m4D_m4Dr4_256/si4_m4Dr4_m256.09/target
Reading graphs...
102 : 228
256 : 773
Initializing...
maxdom : 256
D->valSize : 26112
Solving...
Blb : 2 (clique : 60)
currentSize : 60 <-- 12.584891 s
currentSize : 61 <-- 12.590671 s
currentSize : 62 <-- 12.593591 s
currentSize : 63 <-- 12.608224 s
currentSize : 64 <-- 38.217548 s
currentSize : 65 <-- 101.642250 s
currentSize : 66 <-- 107.133110 s

TIMEOUT
maxsize : 66
nodes : 108087627.000000
filtered : 6573178475.000000
time : 1000.000122
