Parameters: GAD=1 vflib=0 dir=0 label=0 lowerbound=1 fileNameGp=../instances/si/si4_m4D_m4D_256/si4_m4D_m256.07/pattern fileNameGt=../instances/si/si4_m4D_m4D_256/si4_m4D_m256.07/target
Reading graphs...
102 : 239
256 : 672
Initializing...
maxdom : 256
D->valSize : 26112
Solving...
Blb : 2 (clique : 64)
currentSize : 64 <-- 13.419304 s
currentSize : 65 <-- 13.428795 s
currentSize : 66 <-- 13.449324 s
currentSize : 67 <-- 13.466505 s
currentSize : 68 <-- 13.487796 s
currentSize : 69 <-- 13.509044 s
currentSize : 70 <-- 13.534419 s
currentSize : 71 <-- 13.689553 s
currentSize : 72 <-- 14.482591 s
currentSize : 73 <-- 14.544163 s
currentSize : 74 <-- 289.316559 s
currentSize : 75 <-- 313.841217 s

TIMEOUT
maxsize : 75
nodes : 36358882.000000
filtered : 6181818880.000000
time : 1000.000122
