Parameters: GAD=1 vflib=0 dir=0 label=0 lowerbound=1 fileNameGp=../instances/si/si4_bvg_b06_200/si4_b06_m200.07/pattern fileNameGt=../instances/si/si4_bvg_b06_200/si4_b06_m200.07/target
Reading graphs...
80 : 234
200 : 600
Initializing...
maxdom : 200
D->valSize : 16000
Solving...
Blb : 2 (clique : 75)
currentSize : 75 <-- 4.661198 s
currentSize : 76 <-- 4.667067 s
currentSize : 77 <-- 4.672273 s
currentSize : 78 <-- 4.675622 s
currentSize : 80 <-- 4.682155 s

maxsize : 80
nodes : 807.000000
filtered : 118738.000000
time : 4.682268
