Parameters: GAD=1 vflib=0 dir=0 label=0 lowerbound=1 fileNameGp=../instances/si/si4_bvg_b06_200/si4_b06_m200.06/pattern fileNameGt=../instances/si/si4_bvg_b06_200/si4_b06_m200.06/target
Reading graphs...
80 : 234
200 : 600
Initializing...
maxdom : 200
D->valSize : 16000
Solving...
Blb : 5 (clique : 71)
currentSize : 71 <-- 4.378453 s
currentSize : 73 <-- 4.383182 s
currentSize : 74 <-- 4.383987 s
currentSize : 75 <-- 4.387152 s
currentSize : 76 <-- 4.391159 s
currentSize : 77 <-- 4.396065 s
currentSize : 78 <-- 4.399418 s
currentSize : 80 <-- 4.406186 s

maxsize : 80
nodes : 1104.000000
filtered : 145027.000000
time : 4.406304
