Parameters: GAD=1 vflib=0 dir=0 label=0 lowerbound=1 fileNameGp=../instances/si/si4_bvg_b06_200/si4_b06_m200.03/pattern fileNameGt=../instances/si/si4_bvg_b06_200/si4_b06_m200.03/target
Reading graphs...
80 : 234
200 : 600
Initializing...
maxdom : 200
D->valSize : 16000
Solving...
Blb : 2 (clique : 74)
currentSize : 74 <-- 4.333572 s
currentSize : 76 <-- 4.338604 s
currentSize : 77 <-- 4.339143 s
currentSize : 78 <-- 4.339941 s
currentSize : 80 <-- 4.345348 s

maxsize : 80
nodes : 591.000000
filtered : 98694.000000
time : 4.345479
