Parameters: GAD=1 vflib=0 dir=0 label=0 lowerbound=1 fileNameGp=../instances/si/si4_rand_r001_200/si4_r001_m200.04/pattern fileNameGt=../instances/si/si4_rand_r001_200/si4_r001_m200.04/target
Reading graphs...
80 : 110
200 : 445
Initializing...
maxdom : 200
D->valSize : 16000
Solving...
Blb : 2 (clique : 56)
currentSize : 56 <-- 4.317773 s
currentSize : 59 <-- 4.321120 s
currentSize : 60 <-- 4.323463 s
currentSize : 61 <-- 4.325987 s
currentSize : 63 <-- 4.328329 s
currentSize : 64 <-- 4.329696 s
currentSize : 65 <-- 4.337828 s
currentSize : 66 <-- 4.339944 s
currentSize : 67 <-- 5.384707 s
currentSize : 68 <-- 11.077333 s
currentSize : 69 <-- 97.374840 s
currentSize : 70 <-- 112.145576 s

TIMEOUT
maxsize : 70
nodes : 55100107.000000
filtered : 4697056738.000000
time : 1000.000061
