Parameters: GAD=1 vflib=0 dir=0 label=0 lowerbound=1 fileNameGp=../instances/si/si4_bvg_b06_200/si4_b06_m200.00/pattern fileNameGt=../instances/si/si4_bvg_b06_200/si4_b06_m200.00/target
Reading graphs...
80 : 234
200 : 600
Initializing...
maxdom : 200
D->valSize : 16000
Solving...
Blb : 2 (clique : 66)
currentSize : 66 <-- 4.315694 s
currentSize : 67 <-- 4.319923 s
currentSize : 68 <-- 4.320347 s
currentSize : 69 <-- 4.321045 s
currentSize : 70 <-- 4.324003 s
currentSize : 71 <-- 4.327110 s
currentSize : 72 <-- 4.330226 s
currentSize : 73 <-- 4.333747 s
currentSize : 74 <-- 4.338306 s
currentSize : 75 <-- 4.343470 s
currentSize : 76 <-- 4.347249 s
currentSize : 77 <-- 4.352270 s
currentSize : 78 <-- 4.355591 s
currentSize : 80 <-- 4.361213 s

maxsize : 80
nodes : 1794.000000
filtered : 203227.000000
time : 4.361328
