Parameters: GAD=1 vflib=0 dir=0 label=0 lowerbound=1 fileNameGp=../instances/si/si4_rand_r001_400/si4_r001_m400.06/pattern fileNameGt=../instances/si/si4_rand_r001_400/si4_r001_m400.06/target
Reading graphs...
160 : 325
400 : 1632
Initializing...
maxdom : 400
D->valSize : 64000
Solving...
Blb : 5 (clique : 101)
currentSize : 101 <-- 108.010002 s
currentSize : 104 <-- 108.028389 s
currentSize : 105 <-- 108.030495 s
currentSize : 106 <-- 108.038353 s
currentSize : 107 <-- 108.047958 s
currentSize : 108 <-- 108.122696 s
currentSize : 109 <-- 109.657745 s
currentSize : 110 <-- 431.769470 s

TIMEOUT
maxsize : 110
nodes : 43660318.000000
filtered : 2801551640.000000
time : 1000.000244
