Parameters: GAD=1 vflib=0 dir=0 label=0 lowerbound=1 fileNameGp=../instances/si/si4_rand_r005_400/si4_r005_m400.09/pattern fileNameGt=../instances/si/si4_rand_r005_400/si4_r005_m400.09/target
Reading graphs...
160 : 1273
400 : 7783
Initializing...
maxdom : 400
D->valSize : 64000
Solving...
Blb : 2 (clique : 46)
currentSize : 46 <-- 128.772858 s
currentSize : 47 <-- 128.888443 s
currentSize : 48 <-- 131.352600 s
currentSize : 49 <-- 132.697525 s
currentSize : 50 <-- 133.332153 s
currentSize : 51 <-- 289.052704 s
currentSize : 52 <-- 306.847015 s

TIMEOUT
maxsize : 52
nodes : 97419255.000000
filtered : 2014399065.000000
time : 1000.000122
