Parameters: GAD=1 vflib=0 dir=0 label=0 lowerbound=1 fileNameGp=../instances/si/si4_rand_r001_200/si4_r001_m200.02/pattern fileNameGt=../instances/si/si4_rand_r001_200/si4_r001_m200.02/target
Reading graphs...
80 : 119
200 : 451
Initializing...
maxdom : 200
D->valSize : 16000
Solving...
Blb : 2 (clique : 57)
currentSize : 57 <-- 4.452469 s
currentSize : 58 <-- 4.803002 s
currentSize : 59 <-- 9.159866 s
currentSize : 60 <-- 283.088654 s
currentSize : 61 <-- 287.022522 s
currentSize : 62 <-- 311.093964 s
currentSize : 63 <-- 363.676788 s
currentSize : 64 <-- 746.073059 s

TIMEOUT
maxsize : 64
nodes : 73744551.000000
filtered : 6037655249.000000
time : 1000.000061
