Parameters: GAD=1 vflib=0 dir=0 label=0 lowerbound=1 fileNameGp=../instances/si/si4_rand_r01_400/si4_r01_m400.04/pattern fileNameGt=../instances/si/si4_rand_r01_400/si4_r01_m400.04/target
Reading graphs...
160 : 2401
400 : 15170
Initializing...
maxdom : 400
D->valSize : 64000
Solving...
Blb : 5 (clique : 28)
currentSize : 28 <-- 88.372635 s
currentSize : 29 <-- 88.380569 s
currentSize : 30 <-- 88.386345 s
currentSize : 31 <-- 88.412659 s
currentSize : 32 <-- 88.820992 s
currentSize : 33 <-- 90.045975 s
currentSize : 34 <-- 178.330429 s

TIMEOUT
maxsize : 34
nodes : 108782902.000000
filtered : 1360642153.000000
time : 1000.000061
