Parameters: GAD=1 vflib=0 dir=0 label=0 lowerbound=1 fileNameGp=../instances/si/si4_rand_r005_400/si4_r005_m400.04/pattern fileNameGt=../instances/si/si4_rand_r005_400/si4_r005_m400.04/target
Reading graphs...
160 : 1214
400 : 7805
Initializing...
maxdom : 400
D->valSize : 64000
Solving...
Blb : 2 (clique : 44)
currentSize : 44 <-- 114.326187 s
currentSize : 45 <-- 114.333542 s
currentSize : 46 <-- 114.343185 s
currentSize : 47 <-- 114.346336 s
currentSize : 48 <-- 114.361481 s
currentSize : 49 <-- 114.496666 s
currentSize : 50 <-- 118.642784 s
currentSize : 51 <-- 135.745102 s
currentSize : 52 <-- 578.291199 s

TIMEOUT
maxsize : 52
nodes : 108425304.000000
filtered : 1314632161.000000
time : 1000.000122
