Parameters: GAD=1 vflib=0 dir=0 label=0 lowerbound=1 fileNameGp=../instances/si/si4_m4D_m4Dr2_256/si4_m4Dr2_m256.00/pattern fileNameGt=../instances/si/si4_m4D_m4Dr2_256/si4_m4Dr2_m256.00/target
Reading graphs...
102 : 198
256 : 723
Initializing...
maxdom : 256
D->valSize : 26112
Solving...
Blb : 2 (clique : 66)
currentSize : 66 <-- 12.573481 s
currentSize : 67 <-- 12.651903 s
currentSize : 68 <-- 14.364318 s
currentSize : 69 <-- 14.370947 s
currentSize : 70 <-- 22.001616 s
currentSize : 71 <-- 22.011711 s
currentSize : 72 <-- 72.426704 s
currentSize : 73 <-- 87.725113 s
currentSize : 74 <-- 141.774826 s
currentSize : 75 <-- 269.841797 s
currentSize : 76 <-- 343.720032 s

TIMEOUT
maxsize : 76
nodes : 70384226.000000
filtered : 5376228976.000000
time : 1000.000122
