Parameters: GAD=1 vflib=0 dir=0 label=0 lowerbound=1 fileNameGp=../instances/si/si4_bvg_b03m_400/si4_b03m_m400.08/pattern fileNameGt=../instances/si/si4_bvg_b03m_400/si4_b03m_m400.08/target
Reading graphs...
160 : 202
400 : 599
Initializing...
maxdom : 400
D->valSize : 64000
Solving...
Blb : 2 (clique : 121)
currentSize : 121 <-- 150.137268 s
currentSize : 122 <-- 151.666138 s
currentSize : 123 <-- 169.863419 s
currentSize : 124 <-- 170.226807 s
currentSize : 125 <-- 211.735321 s
currentSize : 126 <-- 383.581421 s
currentSize : 127 <-- 422.407990 s

TIMEOUT
maxsize : 127
nodes : 10055340.000000
filtered : 1779859729.000000
time : 1000.000305
