Parameters: GAD=1 vflib=0 dir=0 label=0 lowerbound=1 fileNameGp=../instances/si/si4_rand_r01_200/si4_r01_m200.09/pattern fileNameGt=../instances/si/si4_rand_r01_200/si4_r01_m200.09/target
Reading graphs...
80 : 609
200 : 3797
Initializing...
maxdom : 200
D->valSize : 16000
Solving...
Blb : 2 (clique : 24)
currentSize : 24 <-- 4.206116 s
currentSize : 25 <-- 4.207638 s
currentSize : 26 <-- 4.229309 s
currentSize : 27 <-- 5.803771 s
currentSize : 28 <-- 10.516917 s
currentSize : 29 <-- 537.200867 s

TIMEOUT
maxsize : 29
nodes : 184490679.000000
filtered : 2556196074.000000
time : 1000.000000
