Parameters: GAD=1 vflib=0 dir=0 label=0 lowerbound=1 fileNameGp=../instances/si/si4_bvg_b03m_200/si4_b03m_m200.00/pattern fileNameGt=../instances/si/si4_bvg_b03m_200/si4_b03m_m200.00/target
Reading graphs...
80 : 98
200 : 300
Initializing...
maxdom : 200
D->valSize : 16000
Solving...
Blb : 2 (clique : 70)
currentSize : 70 <-- 4.324980 s
currentSize : 71 <-- 4.373402 s
currentSize : 72 <-- 4.937681 s
currentSize : 73 <-- 5.362429 s
currentSize : 74 <-- 5.470520 s
currentSize : 75 <-- 5.843262 s
currentSize : 76 <-- 5.847014 s
currentSize : 77 <-- 5.857192 s
currentSize : 78 <-- 5.860535 s
currentSize : 79 <-- 5.863205 s
currentSize : 80 <-- 5.869725 s

maxsize : 80
nodes : 44945.000000
filtered : 6220903.000000
time : 5.869828
