Parameters: GAD=1 vflib=0 dir=0 label=0 lowerbound=1 fileNameGp=../instances/si/si4_rand_r001_200/si4_r001_m200.05/pattern fileNameGt=../instances/si/si4_rand_r001_200/si4_r001_m200.05/target
Reading graphs...
80 : 109
200 : 446
Initializing...
maxdom : 200
D->valSize : 16000
Solving...
Blb : 2 (clique : 61)
currentSize : 61 <-- 4.355492 s
currentSize : 62 <-- 4.360269 s
currentSize : 63 <-- 4.368760 s
currentSize : 64 <-- 4.374930 s
currentSize : 65 <-- 4.381645 s
currentSize : 66 <-- 17.247252 s
currentSize : 67 <-- 17.512417 s

TIMEOUT
maxsize : 67
nodes : 88613529.000000
filtered : 8974184991.000000
time : 1000.000061
