Parameters: GAD=1 vflib=0 dir=0 label=0 lowerbound=1 fileNameGp=../instances/si/si4_bvg_b03m_200/si4_b03m_m200.05/pattern fileNameGt=../instances/si/si4_bvg_b03m_200/si4_b03m_m200.05/target
Reading graphs...
80 : 102
200 : 300
Initializing...
maxdom : 200
D->valSize : 16000
Solving...
Blb : 2 (clique : 60)
currentSize : 60 <-- 4.339925 s
currentSize : 61 <-- 217.038086 s
currentSize : 62 <-- 220.084625 s
currentSize : 63 <-- 220.181152 s
currentSize : 64 <-- 220.330826 s
currentSize : 65 <-- 220.586502 s
currentSize : 66 <-- 243.384125 s
currentSize : 67 <-- 243.401535 s

TIMEOUT
maxsize : 67
nodes : 31787991.000000
filtered : 11464899099.000000
time : 1000.000061
