Parameters: GAD=1 vflib=0 dir=0 label=0 lowerbound=1 fileNameGp=../instances/si/si4_bvg_b09_400/si4_b09_m400.04/pattern fileNameGt=../instances/si/si4_bvg_b09_400/si4_b09_m400.04/target
Reading graphs...
160 : 696
400 : 1800
Initializing...
maxdom : 400
D->valSize : 64000
Solving...
Blb : 2 (clique : 136)
currentSize : 136 <-- 127.259148 s
currentSize : 152 <-- 127.290649 s
currentSize : 154 <-- 127.292702 s
currentSize : 156 <-- 127.308189 s
currentSize : 160 <-- 127.476295 s

maxsize : 160
nodes : 1737.000000
filtered : 699283.000000
time : 127.476761
