Parameters: GAD=1 vflib=0 dir=0 label=0 lowerbound=1 fileNameGp=../instances/si/si4_rand_r01_200/si4_r01_m200.05/pattern fileNameGt=../instances/si/si4_rand_r01_200/si4_r01_m200.05/target
Reading graphs...
80 : 632
200 : 3781
Initializing...
maxdom : 200
D->valSize : 16000
Solving...
Blb : 2 (clique : 23)
currentSize : 23 <-- 3.795981 s
currentSize : 25 <-- 3.797552 s
currentSize : 26 <-- 3.797598 s
currentSize : 27 <-- 3.862145 s
currentSize : 28 <-- 4.811779 s
currentSize : 29 <-- 783.528503 s

TIMEOUT
maxsize : 29
nodes : 186783037.000000
filtered : 2534779196.000000
time : 1000.000000
