Parameters: GAD=1 vflib=0 dir=0 label=0 lowerbound=1 fileNameGp=../instances/si/si4_bvg_b06_200/si4_b06_m200.09/pattern fileNameGt=../instances/si/si4_bvg_b06_200/si4_b06_m200.09/target
Reading graphs...
80 : 234
200 : 600
Initializing...
maxdom : 200
D->valSize : 16000
Solving...
Blb : 2 (clique : 69)
currentSize : 69 <-- 4.122915 s
currentSize : 70 <-- 4.127555 s
currentSize : 71 <-- 4.128078 s
currentSize : 72 <-- 4.128659 s
currentSize : 73 <-- 4.129371 s
currentSize : 74 <-- 4.130193 s
currentSize : 75 <-- 4.131352 s
currentSize : 76 <-- 4.135818 s
currentSize : 78 <-- 4.144175 s
currentSize : 80 <-- 4.150750 s

maxsize : 80
nodes : 1111.000000
filtered : 147486.000000
time : 4.150857
