Parameters: GAD=1 vflib=0 dir=0 label=0 lowerbound=1 fileNameGp=../instances/si/si4_bvg_b03m_400/si4_b03m_m400.00/pattern fileNameGt=../instances/si/si4_bvg_b03m_400/si4_b03m_m400.00/target
Reading graphs...
160 : 201
400 : 600
Initializing...
maxdom : 400
D->valSize : 64000
Solving...
Blb : 5 (clique : 116)
currentSize : 116 <-- 195.441299 s
currentSize : 117 <-- 243.150772 s
currentSize : 118 <-- 248.287704 s
currentSize : 119 <-- 248.503555 s
currentSize : 120 <-- 248.718674 s
currentSize : 121 <-- 248.925751 s
currentSize : 122 <-- 249.136627 s

TIMEOUT
maxsize : 122
nodes : 7980924.000000
filtered : 4303244557.000000
time : 1000.000305
