Parameters: GAD=1 vflib=0 dir=0 label=0 lowerbound=1 fileNameGp=../instances/si/si4_bvg_b09_400/si4_b09_m400.09/pattern fileNameGt=../instances/si/si4_bvg_b09_400/si4_b09_m400.09/target
Reading graphs...
160 : 696
400 : 1800
Initializing...
maxdom : 400
D->valSize : 64000
Solving...
Blb : 2 (clique : 140)
currentSize : 140 <-- 104.514877 s
currentSize : 141 <-- 104.544098 s
currentSize : 142 <-- 104.563095 s
currentSize : 144 <-- 104.580460 s
currentSize : 145 <-- 104.606995 s
currentSize : 146 <-- 104.635231 s
currentSize : 148 <-- 104.664528 s
currentSize : 149 <-- 104.711449 s
currentSize : 150 <-- 104.740303 s
currentSize : 152 <-- 104.777161 s
currentSize : 153 <-- 104.847015 s
currentSize : 154 <-- 104.877182 s
currentSize : 156 <-- 105.058464 s
currentSize : 160 <-- 105.178917 s

maxsize : 160
nodes : 5134.000000
filtered : 1456314.000000
time : 105.179352
