Parameters: GAD=1 vflib=0 dir=0 label=0 lowerbound=1 fileNameGp=../instances/si/si4_m4D_m4Dr4_256/si4_m4Dr4_m256.06/pattern fileNameGt=../instances/si/si4_m4D_m4Dr4_256/si4_m4Dr4_m256.06/target
Reading graphs...
102 : 209
256 : 774
Initializing...
maxdom : 256
D->valSize : 26112
Solving...
Blb : 2 (clique : 60)
currentSize : 60 <-- 12.215742 s
currentSize : 61 <-- 12.221257 s
currentSize : 62 <-- 12.233032 s
currentSize : 63 <-- 12.243604 s
currentSize : 64 <-- 12.250779 s
currentSize : 65 <-- 19.388271 s
currentSize : 66 <-- 19.824892 s
currentSize : 67 <-- 20.183582 s
currentSize : 68 <-- 20.202404 s
currentSize : 69 <-- 25.588823 s
currentSize : 70 <-- 26.908796 s
currentSize : 71 <-- 924.413147 s
currentSize : 72 <-- 924.535828 s
currentSize : 73 <-- 974.124023 s
currentSize : 74 <-- 975.803101 s

TIMEOUT
maxsize : 74
nodes : 37925216.000000
filtered : 8450600660.000000
time : 1000.000122
