Parameters: GAD=1 vflib=0 dir=0 label=0 lowerbound=1 fileNameGp=../instances/si/si4_rand_r005_200/si4_r005_m200.01/pattern fileNameGt=../instances/si/si4_rand_r005_200/si4_r005_m200.01/target
Reading graphs...
80 : 315
200 : 1949
Initializing...
maxdom : 200
D->valSize : 16000
Solving...
Blb : 5 (clique : 36)
currentSize : 36 <-- 4.815348 s
currentSize : 37 <-- 4.819446 s
currentSize : 38 <-- 4.847163 s
currentSize : 39 <-- 8.973475 s
currentSize : 40 <-- 16.692812 s
currentSize : 41 <-- 347.155975 s

TIMEOUT
maxsize : 41
nodes : 149929544.000000
filtered : 4026957991.000000
time : 1000.000061
