Parameters: GAD=1 vflib=0 dir=0 label=0 lowerbound=1 fileNameGp=../instances/si/si4_bvg_b03m_200/si4_b03m_m200.06/pattern fileNameGt=../instances/si/si4_bvg_b03m_200/si4_b03m_m200.06/target
Reading graphs...
80 : 100
200 : 299
Initializing...
maxdom : 200
D->valSize : 16000
Solving...
Blb : 2 (clique : 67)
currentSize : 67 <-- 4.391293 s
currentSize : 68 <-- 10.109001 s
currentSize : 69 <-- 22.695011 s
currentSize : 70 <-- 22.748518 s
currentSize : 71 <-- 22.750393 s
currentSize : 72 <-- 22.967913 s
currentSize : 73 <-- 22.983528 s

TIMEOUT
maxsize : 73
nodes : 53977759.000000
filtered : 3829952579.000000
time : 1000.000122
