Parameters: GAD=1 vflib=0 dir=0 label=0 lowerbound=1 fileNameGp=../instances/si/si4_bvg_b09m_200/si4_b09m_m200.07/pattern fileNameGt=../instances/si/si4_bvg_b09m_200/si4_b09m_m200.07/target
Reading graphs...
80 : 232
200 : 896
Initializing...
maxdom : 200
D->valSize : 16000
Solving...
Blb : 5 (clique : 42)
currentSize : 42 <-- 4.420850 s
currentSize : 43 <-- 9.075445 s
currentSize : 44 <-- 40.229931 s
currentSize : 45 <-- 43.679134 s
currentSize : 46 <-- 89.749329 s
currentSize : 47 <-- 159.058090 s

TIMEOUT
maxsize : 47
nodes : 96959739.000000
filtered : 9258192101.000000
time : 1000.000061
