Parameters: GAD=1 vflib=0 dir=0 label=0 lowerbound=1 fileNameGp=../instances/si/si4_rand_r001_200/si4_r001_m200.01/pattern fileNameGt=../instances/si/si4_rand_r001_200/si4_r001_m200.01/target
Reading graphs...
80 : 114
200 : 447
Initializing...
maxdom : 200
D->valSize : 16000
Solving...
Blb : 2 (clique : 60)
currentSize : 60 <-- 4.541836 s
currentSize : 61 <-- 4.545466 s
currentSize : 62 <-- 6.412135 s
currentSize : 63 <-- 6.416435 s
currentSize : 64 <-- 7.194066 s
currentSize : 65 <-- 9.005095 s
currentSize : 66 <-- 19.570276 s
currentSize : 67 <-- 82.318184 s

TIMEOUT
maxsize : 67
nodes : 109854689.000000
filtered : 7391874305.000000
time : 1000.000061
