Parameters: GAD=1 vflib=0 dir=0 label=0 lowerbound=1 fileNameGp=../instances/si/si4_m4D_m4Dr6_256/si4_m4Dr6_m256.07/pattern fileNameGt=../instances/si/si4_m4D_m4Dr6_256/si4_m4Dr6_m256.07/target
Reading graphs...
102 : 196
256 : 825
Initializing...
maxdom : 256
D->valSize : 26112
Solving...
Blb : 2 (clique : 62)
currentSize : 62 <-- 12.949808 s
currentSize : 63 <-- 13.078102 s
currentSize : 64 <-- 13.092872 s
currentSize : 65 <-- 13.109053 s
currentSize : 66 <-- 14.428520 s
currentSize : 67 <-- 14.443439 s
currentSize : 68 <-- 18.326912 s
currentSize : 69 <-- 61.334042 s
currentSize : 70 <-- 69.662270 s
currentSize : 71 <-- 126.812515 s

TIMEOUT
maxsize : 71
nodes : 96299663.000000
filtered : 5937604830.000000
time : 1000.000122
