Parameters: GAD=1 vflib=0 dir=0 label=0 lowerbound=1 fileNameGp=../instances/si/si4_m4D_m4D_256/si4_m4D_m256.00/pattern fileNameGt=../instances/si/si4_m4D_m4D_256/si4_m4D_m256.00/target
Reading graphs...
102 : 245
256 : 672
Initializing...
maxdom : 256
D->valSize : 26112
Solving...
Blb : 2 (clique : 92)
currentSize : 92 <-- 11.948090 s
currentSize : 93 <-- 461.077942 s
currentSize : 94 <-- 494.459778 s
currentSize : 96 <-- 565.709351 s
currentSize : 98 <-- 592.741455 s
currentSize : 102 <-- 642.780701 s

maxsize : 102
nodes : 10430922.000000
filtered : 2683993596.000000
time : 642.780884
