Parameters: GAD=1 vflib=0 dir=0 label=0 lowerbound=1 fileNameGp=../instances/si/si4_bvg_b03m_200/si4_b03m_m200.04/pattern fileNameGt=../instances/si/si4_bvg_b03m_200/si4_b03m_m200.04/target
Reading graphs...
80 : 102
200 : 300
Initializing...
maxdom : 200
D->valSize : 16000
Solving...
Blb : 3 (clique : 62)
currentSize : 62 <-- 4.582787 s
currentSize : 63 <-- 81.594299 s
currentSize : 64 <-- 449.038971 s
currentSize : 65 <-- 602.280396 s
currentSize : 66 <-- 602.336792 s
currentSize : 67 <-- 602.382141 s
currentSize : 68 <-- 602.410278 s
currentSize : 69 <-- 605.033508 s
currentSize : 70 <-- 739.811829 s
currentSize : 71 <-- 748.956726 s
currentSize : 72 <-- 896.988159 s
currentSize : 73 <-- 923.206848 s
currentSize : 74 <-- 927.611938 s
currentSize : 75 <-- 928.126099 s
currentSize : 76 <-- 928.141785 s
currentSize : 77 <-- 928.148987 s
currentSize : 78 <-- 928.421814 s
currentSize : 79 <-- 928.429199 s
currentSize : 80 <-- 928.434814 s

maxsize : 80
nodes : 20869456.000000
filtered : 3804763027.000000
time : 928.434875
