Parameters: GAD=1 vflib=0 dir=0 label=0 lowerbound=1 fileNameGp=../instances/si/si4_bvg_b03m_400/si4_b03m_m400.09/pattern fileNameGt=../instances/si/si4_bvg_b03m_400/si4_b03m_m400.09/target
Reading graphs...
160 : 205
400 : 600
Initializing...
maxdom : 400
D->valSize : 64000
Solving...
Blb : 2 (clique : 115)
currentSize : 115 <-- 130.260239 s
currentSize : 117 <-- 130.285812 s
currentSize : 118 <-- 130.309662 s
currentSize : 119 <-- 130.463196 s
currentSize : 120 <-- 130.581039 s
currentSize : 121 <-- 130.697296 s

TIMEOUT
maxsize : 121
nodes : 10631423.000000
filtered : 3274877751.000000
time : 1000.000366
