Parameters: GAD=1 vflib=0 dir=0 label=0 lowerbound=1 fileNameGp=../instances/si/si4_m4D_m4Dr4_256/si4_m4Dr4_m256.05/pattern fileNameGt=../instances/si/si4_m4D_m4Dr4_256/si4_m4Dr4_m256.05/target
Reading graphs...
102 : 225
256 : 774
Initializing...
maxdom : 256
D->valSize : 26112
Solving...
Blb : 2 (clique : 67)
currentSize : 67 <-- 11.748298 s
currentSize : 68 <-- 11.789041 s
currentSize : 69 <-- 12.690213 s
currentSize : 70 <-- 17.248968 s
currentSize : 71 <-- 24.281315 s
currentSize : 72 <-- 24.351412 s
currentSize : 73 <-- 25.180616 s
currentSize : 74 <-- 26.066532 s
currentSize : 75 <-- 27.352877 s
currentSize : 76 <-- 58.404053 s
currentSize : 77 <-- 67.493523 s
currentSize : 78 <-- 180.837540 s
currentSize : 79 <-- 207.515717 s
currentSize : 80 <-- 259.828033 s
currentSize : 81 <-- 400.894806 s

TIMEOUT
maxsize : 81
nodes : 32879895.000000
filtered : 4719364234.000000
time : 1000.000122
