Parameters: GAD=1 vflib=0 dir=0 label=0 lowerbound=1 fileNameGp=../instances/si/si4_m4D_m4Dr2_256/si4_m4Dr2_m256.03/pattern fileNameGt=../instances/si/si4_m4D_m4Dr2_256/si4_m4Dr2_m256.03/target
Reading graphs...
102 : 198
256 : 722
Initializing...
maxdom : 256
D->valSize : 26112
Solving...
Blb : 2 (clique : 67)
currentSize : 67 <-- 12.141575 s
currentSize : 69 <-- 12.147620 s
currentSize : 70 <-- 12.188263 s
currentSize : 71 <-- 12.551480 s
currentSize : 72 <-- 23.170765 s
currentSize : 73 <-- 23.224503 s
currentSize : 74 <-- 23.291656 s
currentSize : 75 <-- 29.825323 s
currentSize : 76 <-- 32.213966 s
currentSize : 77 <-- 32.282463 s

TIMEOUT
maxsize : 77
nodes : 30788282.000000
filtered : 3704074032.000000
time : 1000.000122
