Parameters: GAD=1 vflib=0 dir=0 label=0 lowerbound=1 fileNameGp=../instances/si/si4_bvg_b06_400/si4_b06_m400.00/pattern fileNameGt=../instances/si/si4_bvg_b06_400/si4_b06_m400.00/target
Reading graphs...
160 : 474
400 : 1200
Initializing...
maxdom : 400
D->valSize : 64000
Solving...
Blb : 2 (clique : 149)
currentSize : 149 <-- 111.402374 s
currentSize : 156 <-- 111.443054 s
currentSize : 157 <-- 111.483788 s
currentSize : 158 <-- 111.524040 s
currentSize : 160 <-- 111.568497 s

maxsize : 160
nodes : 1622.000000
filtered : 483965.000000
time : 111.568916
