Parameters: GAD=1 vflib=0 dir=0 label=0 lowerbound=1 fileNameGp=../instances/si/si4_bvg_b09_200/si4_b09_m200.07/pattern fileNameGt=../instances/si/si4_bvg_b09_200/si4_b09_m200.07/target
Reading graphs...
80 : 336
200 : 900
Initializing...
maxdom : 200
D->valSize : 16000
Solving...
Blb : 2 (clique : 59)
currentSize : 59 <-- 4.100775 s
currentSize : 60 <-- 4.179572 s
currentSize : 61 <-- 4.184789 s
currentSize : 62 <-- 4.188872 s
currentSize : 63 <-- 4.192011 s
currentSize : 64 <-- 4.195112 s
currentSize : 65 <-- 4.198296 s
currentSize : 66 <-- 4.203116 s
currentSize : 67 <-- 4.210522 s
currentSize : 68 <-- 4.236604 s
currentSize : 69 <-- 4.599114 s
currentSize : 70 <-- 4.599522 s
currentSize : 71 <-- 4.639902 s
currentSize : 72 <-- 4.661453 s
currentSize : 74 <-- 4.667800 s
currentSize : 76 <-- 4.689441 s
currentSize : 80 <-- 4.725061 s

maxsize : 80
nodes : 11294.000000
filtered : 3673175.000000
time : 4.725176
