Parameters: GAD=1 vflib=0 dir=0 label=0 lowerbound=1 fileNameGp=../instances/si/si4_bvg_b06m_200/si4_b06m_m200.03/pattern fileNameGt=../instances/si/si4_bvg_b06m_200/si4_b06m_m200.03/target
Reading graphs...
80 : 160
200 : 598
Initializing...
maxdom : 200
D->valSize : 16000
Solving...
Blb : 2 (clique : 71)
currentSize : 71 <-- 5.189235 s
currentSize : 72 <-- 5.548814 s
currentSize : 73 <-- 5.629997 s
currentSize : 75 <-- 5.639533 s
currentSize : 76 <-- 5.639568 s
currentSize : 77 <-- 5.639617 s
currentSize : 79 <-- 5.641353 s
currentSize : 80 <-- 5.641444 s

maxsize : 80
nodes : 10772.000000
filtered : 2576717.000000
time : 5.641549
