Parameters: GAD=1 vflib=0 dir=0 label=0 lowerbound=1 fileNameGp=../instances/si/si4_rand_r001_200/si4_r001_m200.03/pattern fileNameGt=../instances/si/si4_rand_r001_200/si4_r001_m200.03/target
Reading graphs...
80 : 109
200 : 436
Initializing...
maxdom : 200
D->valSize : 16000
Solving...
Blb : 2 (clique : 59)
currentSize : 59 <-- 4.546847 s
currentSize : 60 <-- 4.550333 s
currentSize : 61 <-- 4.552812 s
currentSize : 62 <-- 4.555210 s
currentSize : 63 <-- 4.569746 s
currentSize : 64 <-- 4.588987 s
currentSize : 65 <-- 4.640089 s
currentSize : 66 <-- 6.252245 s
currentSize : 67 <-- 12.151611 s

TIMEOUT
maxsize : 67
nodes : 63683145.000000
filtered : 5182869292.000000
time : 1000.000061
