Parameters: GAD=1 vflib=0 dir=0 label=0 lowerbound=1 fileNameGp=../instances/si/si6_bvg_b06_200/si6_b06_m200.02/pattern fileNameGt=../instances/si/si6_bvg_b06_200/si6_b06_m200.02/target
Reading graphs...
120 : 354
200 : 600
Initializing...
maxdom : 200
D->valSize : 24000
Solving...
Blb : 2 (clique : 113)
currentSize : 113 <-- 9.920172 s
currentSize : 114 <-- 9.932310 s
currentSize : 115 <-- 9.941566 s
currentSize : 116 <-- 9.950535 s
currentSize : 118 <-- 9.960752 s
currentSize : 120 <-- 9.972823 s

maxsize : 120
nodes : 1469.000000
filtered : 202644.000000
time : 9.973047
