Parameters: GAD=1 vflib=0 dir=0 label=0 lowerbound=1 fileNameGp=../instances/si/si6_bvg_b03_200/si6_b03_m200.09/pattern fileNameGt=../instances/si/si6_bvg_b03_200/si6_b03_m200.09/target
Reading graphs...
120 : 177
200 : 300
Initializing...
maxdom : 200
D->valSize : 24000
Solving...
Blb : 2 (clique : 113)
currentSize : 113 <-- 10.195747 s
currentSize : 116 <-- 10.207114 s
currentSize : 117 <-- 10.208709 s
currentSize : 118 <-- 10.210638 s
currentSize : 120 <-- 10.221739 s

maxsize : 120
nodes : 972.000000
filtered : 144751.000000
time : 10.221969
