Parameters: GAD=1 vflib=0 dir=0 label=0 lowerbound=1 fileNameGp=../instances/si/si6_bvg_b03m_400/si6_b03m_m400.00/pattern fileNameGt=../instances/si/si6_bvg_b03m_400/si6_b03m_m400.00/target
Reading graphs...
240 : 321
400 : 598
Initializing...
maxdom : 400
D->valSize : 96000
Solving...
Blb : 2 (clique : 163)
currentSize : 163 <-- 312.304291 s
currentSize : 164 <-- 312.351990 s
currentSize : 165 <-- 312.549652 s
currentSize : 166 <-- 312.716919 s
currentSize : 167 <-- 312.890747 s
currentSize : 168 <-- 313.056152 s
currentSize : 169 <-- 313.218811 s
currentSize : 170 <-- 313.320831 s
currentSize : 171 <-- 313.489502 s
currentSize : 172 <-- 313.694763 s
currentSize : 173 <-- 336.264618 s
currentSize : 174 <-- 336.871338 s
currentSize : 175 <-- 348.532806 s

TIMEOUT
maxsize : 175
nodes : 5236869.000000
filtered : 1688054284.000000
time : 1000.000732
