Parameters: GAD=1 vflib=0 dir=0 label=0 lowerbound=1 fileNameGp=../instances/si/si6_m4D_m4Dr4_256/si6_m4Dr4_m256.03/pattern fileNameGt=../instances/si/si6_m4D_m4Dr4_256/si6_m4Dr4_m256.03/target
Reading graphs...
153 : 348
256 : 773
Initializing...
maxdom : 256
D->valSize : 39168
Solving...
Blb : 2 (clique : 89)
currentSize : 89 <-- 30.996843 s
currentSize : 90 <-- 31.007372 s
currentSize : 91 <-- 31.019484 s
currentSize : 93 <-- 31.028955 s
currentSize : 94 <-- 31.180071 s
currentSize : 95 <-- 33.190624 s
currentSize : 96 <-- 46.900745 s
currentSize : 97 <-- 374.674164 s
currentSize : 98 <-- 543.538086 s

TIMEOUT
maxsize : 98
nodes : 41687363.000000
filtered : 4001272791.000000
time : 1000.000183
