Parameters: GAD=1 vflib=0 dir=0 label=0 lowerbound=1 fileNameGp=../instances/si/si6_bvg_b09_200/si6_b09_m200.08/pattern fileNameGt=../instances/si/si6_bvg_b09_200/si6_b09_m200.08/target
Reading graphs...
120 : 516
200 : 900
Initializing...
maxdom : 200
D->valSize : 24000
Solving...
Blb : 2 (clique : 71)
currentSize : 71 <-- 10.337857 s
currentSize : 90 <-- 10.344976 s
currentSize : 92 <-- 10.345131 s
currentSize : 94 <-- 10.346033 s
currentSize : 96 <-- 10.346645 s
currentSize : 98 <-- 10.347485 s
currentSize : 100 <-- 10.348445 s
currentSize : 102 <-- 10.349384 s
currentSize : 104 <-- 10.352419 s
currentSize : 106 <-- 10.357950 s
currentSize : 108 <-- 10.365046 s
currentSize : 110 <-- 10.562523 s
currentSize : 111 <-- 10.575680 s
currentSize : 112 <-- 10.582313 s
currentSize : 113 <-- 10.734213 s
currentSize : 116 <-- 10.743553 s
currentSize : 120 <-- 10.766371 s

maxsize : 120
nodes : 6392.000000
filtered : 1453610.000000
time : 10.766604
