Parameters: GAD=1 vflib=0 dir=0 label=0 lowerbound=1 fileNameGp=../instances/si/si6_rand_r005_400/si6_r005_m400.04/pattern fileNameGt=../instances/si/si6_rand_r005_400/si6_r005_m400.04/target
Reading graphs...
240 : 2780
400 : 7810
Initializing...
maxdom : 400
D->valSize : 96000
Solving...
Blb : 2 (clique : 49)
currentSize : 49 <-- 263.909088 s
currentSize : 50 <-- 264.008606 s
currentSize : 51 <-- 264.629639 s
currentSize : 52 <-- 267.955780 s
currentSize : 53 <-- 295.539307 s
currentSize : 54 <-- 364.596741 s

TIMEOUT
maxsize : 54
nodes : 69035552.000000
filtered : 1047905654.000000
time : 1000.000122
