Parameters: GAD=1 vflib=0 dir=0 label=0 lowerbound=1 fileNameGp=../instances/si/si6_bvg_b09_400/si6_b09_m400.09/pattern fileNameGt=../instances/si/si6_bvg_b09_400/si6_b09_m400.09/target
Reading graphs...
240 : 1056
400 : 1800
Initializing...
maxdom : 400
D->valSize : 96000
Solving...
Blb : 2 (clique : 230)
currentSize : 230 <-- 248.203583 s
currentSize : 232 <-- 248.290970 s
currentSize : 234 <-- 248.407166 s
currentSize : 236 <-- 248.562027 s
currentSize : 240 <-- 248.655258 s

maxsize : 240
nodes : 2872.000000
filtered : 1017472.000000
time : 248.656189
