Parameters: GAD=1 vflib=0 dir=0 label=0 lowerbound=1 fileNameGp=../instances/si/si6_bvg_b06_200/si6_b06_m200.06/pattern fileNameGt=../instances/si/si6_bvg_b06_200/si6_b06_m200.06/target
Reading graphs...
120 : 354
200 : 600
Initializing...
maxdom : 200
D->valSize : 24000
Solving...
Blb : 2 (clique : 112)
currentSize : 112 <-- 10.142360 s
currentSize : 113 <-- 10.152859 s
currentSize : 114 <-- 10.163317 s
currentSize : 116 <-- 10.173417 s
currentSize : 117 <-- 10.185121 s
currentSize : 118 <-- 10.193309 s
currentSize : 120 <-- 10.204736 s

maxsize : 120
nodes : 1654.000000
filtered : 219936.000000
time : 10.204960
