Parameters: GAD=1 vflib=0 dir=0 label=0 lowerbound=1 fileNameGp=../instances/si/si6_bvg_b09_400/si6_b09_m400.01/pattern fileNameGt=../instances/si/si6_bvg_b09_400/si6_b09_m400.01/target
Reading graphs...
240 : 1057
400 : 1800
Initializing...
maxdom : 400
D->valSize : 96000
Solving...
Blb : 2 (clique : 211)
currentSize : 211 <-- 312.731720 s
currentSize : 213 <-- 312.793671 s
currentSize : 215 <-- 312.804596 s
currentSize : 217 <-- 312.844696 s
currentSize : 220 <-- 312.889343 s
currentSize : 222 <-- 312.954376 s
currentSize : 224 <-- 313.026581 s
currentSize : 225 <-- 313.087219 s
currentSize : 226 <-- 313.174072 s
currentSize : 227 <-- 313.897675 s
currentSize : 228 <-- 314.025726 s
currentSize : 230 <-- 314.426666 s
currentSize : 231 <-- 314.555511 s
currentSize : 232 <-- 314.780457 s
currentSize : 233 <-- 314.851837 s
currentSize : 234 <-- 314.916321 s
currentSize : 236 <-- 314.990601 s
currentSize : 240 <-- 315.078796 s

maxsize : 240
nodes : 11901.000000
filtered : 3267781.000000
time : 315.079681
