Parameters: GAD=1 vflib=0 dir=0 label=0 lowerbound=1 fileNameGp=../instances/si/si6_rand_r005_200/si6_r005_m200.07/pattern fileNameGt=../instances/si/si6_rand_r005_200/si6_r005_m200.07/target
Reading graphs...
120 : 705
200 : 1947
Initializing...
maxdom : 200
D->valSize : 24000
Solving...
Blb : 5 (clique : 40)
currentSize : 40 <-- 9.375801 s
currentSize : 41 <-- 9.405243 s
currentSize : 42 <-- 9.923709 s
currentSize : 43 <-- 10.287514 s
currentSize : 44 <-- 11.866433 s
currentSize : 45 <-- 17.331388 s

TIMEOUT
maxsize : 45
nodes : 129913247.000000
filtered : 3135257139.000000
time : 1000.000061
