Parameters: GAD=1 vflib=0 dir=0 label=0 lowerbound=1 fileNameGp=../instances/si/si6_bvg_b06_200/si6_b06_m200.08/pattern fileNameGt=../instances/si/si6_bvg_b06_200/si6_b06_m200.08/target
Reading graphs...
120 : 354
200 : 600
Initializing...
maxdom : 200
D->valSize : 24000
Solving...
Blb : 2 (clique : 110)
currentSize : 110 <-- 9.902624 s
currentSize : 112 <-- 9.912497 s
currentSize : 113 <-- 9.918662 s
currentSize : 114 <-- 9.926724 s
currentSize : 115 <-- 9.935942 s
currentSize : 116 <-- 9.945033 s
currentSize : 117 <-- 9.955371 s
currentSize : 118 <-- 9.957125 s
currentSize : 120 <-- 9.967407 s

maxsize : 120
nodes : 1879.000000
filtered : 229399.000000
time : 9.967637
