Parameters: GAD=1 vflib=0 dir=0 label=0 lowerbound=1 fileNameGp=../instances/si/si6_m4D_m4Dr6_256/si6_m4Dr6_m256.01/pattern fileNameGt=../instances/si/si6_m4D_m4Dr6_256/si6_m4Dr6_m256.01/target
Reading graphs...
153 : 384
256 : 822
Initializing...
maxdom : 256
D->valSize : 39168
Solving...
Blb : 2 (clique : 86)
currentSize : 86 <-- 30.879173 s
currentSize : 87 <-- 30.888445 s
currentSize : 88 <-- 30.893272 s
currentSize : 89 <-- 30.897385 s
currentSize : 90 <-- 30.901814 s
currentSize : 91 <-- 30.926435 s
currentSize : 92 <-- 31.281496 s
currentSize : 93 <-- 31.295612 s
currentSize : 94 <-- 31.364033 s
currentSize : 95 <-- 54.772865 s
currentSize : 96 <-- 185.226105 s

TIMEOUT
maxsize : 96
nodes : 54575623.000000
filtered : 4021335200.000000
time : 1000.000183
