Parameters: GAD=1 vflib=0 dir=0 label=0 lowerbound=1 fileNameGp=../instances/si/si6_bvg_b03m_200/si6_b03m_m200.06/pattern fileNameGt=../instances/si/si6_bvg_b03m_200/si6_b03m_m200.06/target
Reading graphs...
120 : 160
200 : 300
Initializing...
maxdom : 200
D->valSize : 24000
Solving...
Blb : 2 (clique : 101)
currentSize : 101 <-- 10.304799 s
currentSize : 102 <-- 10.339060 s
currentSize : 103 <-- 10.361804 s
currentSize : 104 <-- 10.520263 s
currentSize : 105 <-- 10.545732 s
currentSize : 106 <-- 10.571719 s
currentSize : 107 <-- 10.591095 s
currentSize : 108 <-- 10.628869 s
currentSize : 109 <-- 10.675168 s
currentSize : 110 <-- 10.851169 s
currentSize : 111 <-- 10.855429 s
currentSize : 112 <-- 10.996270 s
currentSize : 113 <-- 11.888712 s
currentSize : 114 <-- 13.352303 s
currentSize : 115 <-- 13.356920 s
currentSize : 116 <-- 14.830615 s
currentSize : 118 <-- 14.831179 s
currentSize : 119 <-- 14.837403 s
currentSize : 120 <-- 14.842866 s

maxsize : 120
nodes : 104825.000000
filtered : 12425148.000000
time : 14.843093
