Parameters: GAD=1 vflib=0 dir=0 label=0 lowerbound=1 fileNameGp=../instances/si/si6_bvg_b06_400/si6_b06_m400.02/pattern fileNameGt=../instances/si/si6_bvg_b06_400/si6_b06_m400.02/target
Reading graphs...
240 : 714
400 : 1200
Initializing...
maxdom : 400
D->valSize : 96000
Solving...
Blb : 2 (clique : 233)
currentSize : 233 <-- 218.048340 s
currentSize : 234 <-- 218.128860 s
currentSize : 235 <-- 218.185623 s
currentSize : 236 <-- 218.245575 s
currentSize : 237 <-- 218.310699 s
currentSize : 238 <-- 218.381165 s
currentSize : 240 <-- 218.473190 s

maxsize : 240
nodes : 3299.000000
filtered : 861653.000000
time : 218.474289
