Parameters: GAD=1 vflib=0 dir=0 label=0 lowerbound=1 fileNameGp=../instances/si/si6_rand_r005_400/si6_r005_m400.08/pattern fileNameGt=../instances/si/si6_rand_r005_400/si6_r005_m400.08/target
Reading graphs...
240 : 2829
400 : 7794
Initializing...
maxdom : 400
D->valSize : 96000
Solving...
Blb : 2 (clique : 48)
currentSize : 48 <-- 297.268616 s
currentSize : 49 <-- 297.307831 s
currentSize : 50 <-- 297.329468 s
currentSize : 51 <-- 301.857544 s
currentSize : 52 <-- 308.380859 s
currentSize : 53 <-- 325.714386 s

TIMEOUT
maxsize : 53
nodes : 64801982.000000
filtered : 1018355609.000000
time : 1000.000122
