Parameters: GAD=1 vflib=0 dir=0 label=0 lowerbound=1 fileNameGp=../instances/si/si6_bvg_b09_400/si6_b09_m400.04/pattern fileNameGt=../instances/si/si6_bvg_b09_400/si6_b09_m400.04/target
Reading graphs...
240 : 1057
400 : 1800
Initializing...
maxdom : 400
D->valSize : 96000
Solving...
Blb : 2 (clique : 226)
currentSize : 226 <-- 212.026627 s
currentSize : 228 <-- 212.108932 s
currentSize : 230 <-- 212.159973 s
currentSize : 232 <-- 212.209473 s
currentSize : 233 <-- 212.392273 s
currentSize : 234 <-- 212.509888 s
currentSize : 240 <-- 212.883224 s

maxsize : 240
nodes : 4424.000000
filtered : 1693430.000000
time : 212.884171
