Parameters: GAD=1 vflib=0 dir=0 label=0 lowerbound=1 fileNameGp=../instances/si/si6_rand_r01_200/si6_r01_m200.03/pattern fileNameGt=../instances/si/si6_rand_r01_200/si6_r01_m200.03/target
Reading graphs...
120 : 1330
200 : 3794
Initializing...
maxdom : 200
D->valSize : 24000
Solving...
Blb : 2 (clique : 25)
currentSize : 25 <-- 9.382707 s
currentSize : 26 <-- 9.400733 s
currentSize : 27 <-- 9.556020 s
currentSize : 28 <-- 9.851981 s
currentSize : 29 <-- 13.095286 s
currentSize : 30 <-- 353.857880 s

TIMEOUT
maxsize : 30
nodes : 156149615.000000
filtered : 1269458434.000000
time : 1000.000061
