Parameters: GAD=1 vflib=0 dir=0 label=0 lowerbound=1 fileNameGp=../instances/si/si6_bvg_b06_200/si6_b06_m200.01/pattern fileNameGt=../instances/si/si6_bvg_b06_200/si6_b06_m200.01/target
Reading graphs...
120 : 354
200 : 600
Initializing...
maxdom : 200
D->valSize : 24000
Solving...
Blb : 2 (clique : 113)
currentSize : 113 <-- 9.856283 s
currentSize : 114 <-- 9.866595 s
currentSize : 115 <-- 9.874961 s
currentSize : 116 <-- 9.884301 s
currentSize : 117 <-- 9.894853 s
currentSize : 118 <-- 9.902917 s
currentSize : 120 <-- 9.913334 s

maxsize : 120
nodes : 1607.000000
filtered : 213700.000000
time : 9.913557
