Parameters: GAD=1 vflib=0 dir=0 label=0 lowerbound=1 fileNameGp=../instances/si/si6_m4D_m4Dr6_256/si6_m4Dr6_m256.06/pattern fileNameGt=../instances/si/si6_m4D_m4Dr6_256/si6_m4Dr6_m256.06/target
Reading graphs...
153 : 390
256 : 824
Initializing...
maxdom : 256
D->valSize : 39168
Solving...
Blb : 2 (clique : 83)
currentSize : 83 <-- 29.621300 s
currentSize : 84 <-- 29.630655 s
currentSize : 85 <-- 29.647030 s
currentSize : 86 <-- 29.665634 s
currentSize : 87 <-- 29.679939 s
currentSize : 88 <-- 29.971413 s
currentSize : 90 <-- 29.998877 s
currentSize : 91 <-- 308.558624 s
currentSize : 92 <-- 425.062286 s
currentSize : 93 <-- 697.182007 s
currentSize : 94 <-- 730.071289 s

TIMEOUT
maxsize : 94
nodes : 39210012.000000
filtered : 4146994371.000000
time : 1000.000183
