Parameters: GAD=1 vflib=0 dir=0 label=0 lowerbound=1 fileNameGp=../instances/si/si6_bvg_b09_400/si6_b09_m400.06/pattern fileNameGt=../instances/si/si6_bvg_b09_400/si6_b09_m400.06/target
Reading graphs...
240 : 1056
400 : 1800
Initializing...
maxdom : 400
D->valSize : 96000
Solving...
Blb : 2 (clique : 222)
currentSize : 222 <-- 241.535583 s
currentSize : 223 <-- 241.605957 s
currentSize : 224 <-- 241.661316 s
currentSize : 225 <-- 241.721405 s
currentSize : 226 <-- 244.034531 s
currentSize : 227 <-- 426.907501 s

TIMEOUT
maxsize : 227
nodes : 3943535.000000
filtered : 1107630372.000000
time : 1000.000977
