Parameters: GAD=1 vflib=0 dir=0 label=0 lowerbound=1 fileNameGp=../instances/si/si6_bvg_b09_200/si6_b09_m200.01/pattern fileNameGt=../instances/si/si6_bvg_b09_200/si6_b09_m200.01/target
Reading graphs...
120 : 517
200 : 900
Initializing...
maxdom : 200
D->valSize : 24000
Solving...
Blb : 2 (clique : 100)
currentSize : 100 <-- 10.431852 s
currentSize : 102 <-- 10.441882 s
currentSize : 104 <-- 10.445992 s
currentSize : 106 <-- 10.456291 s
currentSize : 107 <-- 10.467596 s
currentSize : 108 <-- 10.471291 s
currentSize : 109 <-- 10.486188 s
currentSize : 110 <-- 10.513344 s
currentSize : 111 <-- 10.530325 s
currentSize : 112 <-- 10.535429 s
currentSize : 114 <-- 10.569156 s
currentSize : 116 <-- 10.571390 s
currentSize : 120 <-- 10.600530 s

maxsize : 120
nodes : 3725.000000
filtered : 565182.000000
time : 10.600754
