Parameters: GAD=1 vflib=0 dir=0 label=0 lowerbound=1 fileNameGp=../instances/si/si6_bvg_b06_200/si6_b06_m200.00/pattern fileNameGt=../instances/si/si6_bvg_b06_200/si6_b06_m200.00/target
Reading graphs...
120 : 354
200 : 600
Initializing...
maxdom : 200
D->valSize : 24000
Solving...
Blb : 2 (clique : 114)
currentSize : 114 <-- 9.898730 s
currentSize : 116 <-- 9.909064 s
currentSize : 117 <-- 9.916198 s
currentSize : 118 <-- 9.924137 s
currentSize : 120 <-- 9.936545 s

maxsize : 120
nodes : 1176.000000
filtered : 172105.000000
time : 9.936761
