Parameters: GAD=1 vflib=0 dir=0 label=0 lowerbound=1 fileNameGp=../instances/si/si6_bvg_b06m_200/si6_b06m_m200.03/pattern fileNameGt=../instances/si/si6_bvg_b06m_200/si6_b06m_m200.03/target
Reading graphs...
120 : 295
200 : 597
Initializing...
maxdom : 200
D->valSize : 24000
Solving...
Blb : 2 (clique : 95)
currentSize : 95 <-- 9.890148 s
currentSize : 96 <-- 247.209213 s
currentSize : 97 <-- 407.821075 s
currentSize : 98 <-- 717.007019 s
currentSize : 99 <-- 724.465820 s
currentSize : 100 <-- 772.163940 s
currentSize : 117 <-- 777.544617 s
currentSize : 120 <-- 777.549072 s

maxsize : 120
nodes : 9810010.000000
filtered : 3798303781.000000
time : 777.549255
