Parameters: GAD=1 vflib=0 dir=0 label=0 lowerbound=1 fileNameGp=../instances/si/si6_bvg_b06_400/si6_b06_m400.04/pattern fileNameGt=../instances/si/si6_bvg_b06_400/si6_b06_m400.04/target
Reading graphs...
240 : 714
400 : 1200
Initializing...
maxdom : 400
D->valSize : 96000
Solving...
Blb : 2 (clique : 235)
currentSize : 235 <-- 415.219299 s
currentSize : 236 <-- 415.303650 s
currentSize : 237 <-- 415.375397 s
currentSize : 238 <-- 415.448395 s
currentSize : 240 <-- 415.540588 s

maxsize : 240
nodes : 2474.000000
filtered : 714732.000000
time : 415.541504
