Parameters: GAD=1 vflib=0 dir=0 label=0 lowerbound=1 fileNameGp=../instances/si/si6_m4D_m4Dr4_256/si6_m4Dr4_m256.05/pattern fileNameGt=../instances/si/si6_m4D_m4Dr4_256/si6_m4Dr4_m256.05/target
Reading graphs...
153 : 367
256 : 774
Initializing...
maxdom : 256
D->valSize : 39168
Solving...
Blb : 2 (clique : 93)
currentSize : 93 <-- 29.512506 s
currentSize : 94 <-- 30.273636 s
currentSize : 95 <-- 31.310925 s
currentSize : 96 <-- 49.769695 s
currentSize : 97 <-- 49.826111 s
currentSize : 98 <-- 55.020233 s
currentSize : 99 <-- 58.629585 s
currentSize : 100 <-- 61.620686 s
currentSize : 101 <-- 199.547516 s
currentSize : 102 <-- 896.159973 s

TIMEOUT
maxsize : 102
nodes : 35226245.000000
filtered : 3990375393.000000
time : 1000.000183
