Parameters: GAD=1 vflib=0 dir=0 label=0 lowerbound=1 fileNameGp=../instances/si/si6_rand_r01_400/si6_r01_m400.06/pattern fileNameGt=../instances/si/si6_rand_r01_400/si6_r01_m400.06/target
Reading graphs...
240 : 5463
400 : 15168
Initializing...
maxdom : 400
D->valSize : 96000
Solving...
Blb : 2 (clique : 29)
currentSize : 29 <-- 161.542831 s
currentSize : 30 <-- 161.551758 s
currentSize : 31 <-- 161.552521 s
currentSize : 32 <-- 161.649231 s
currentSize : 33 <-- 173.532486 s
currentSize : 34 <-- 313.104431 s

TIMEOUT
maxsize : 34
nodes : 85627855.000000
filtered : 786896088.000000
time : 1000.000061
