Parameters: GAD=1 vflib=0 dir=0 label=0 lowerbound=1 fileNameGp=../instances/si/si6_bvg_b06_400/si6_b06_m400.07/pattern fileNameGt=../instances/si/si6_bvg_b06_400/si6_b06_m400.07/target
Reading graphs...
240 : 714
400 : 1200
Initializing...
maxdom : 400
D->valSize : 96000
Solving...
Blb : 2 (clique : 229)
currentSize : 229 <-- 376.315002 s
currentSize : 236 <-- 376.401123 s
currentSize : 237 <-- 376.501617 s
currentSize : 238 <-- 376.577057 s
currentSize : 240 <-- 376.663635 s

maxsize : 240
nodes : 2447.000000
filtered : 739248.000000
time : 376.664551
