Parameters: GAD=1 vflib=0 dir=0 label=0 lowerbound=1 fileNameGp=../instances/si/si6_bvg_b06_200/si6_b06_m200.09/pattern fileNameGt=../instances/si/si6_bvg_b06_200/si6_b06_m200.09/target
Reading graphs...
120 : 354
200 : 600
Initializing...
maxdom : 200
D->valSize : 24000
Solving...
Blb : 5 (clique : 114)
currentSize : 114 <-- 9.922989 s
currentSize : 115 <-- 9.934908 s
currentSize : 116 <-- 9.943952 s
currentSize : 118 <-- 9.954386 s
currentSize : 120 <-- 9.967229 s

maxsize : 120
nodes : 1235.000000
filtered : 183276.000000
time : 9.967447
