Parameters: GAD=1 vflib=0 dir=0 label=0 lowerbound=1 fileNameGp=../instances/si/si6_m4D_m4Dr6_256/si6_m4Dr6_m256.00/pattern fileNameGt=../instances/si/si6_m4D_m4Dr6_256/si6_m4Dr6_m256.00/target
Reading graphs...
153 : 360
256 : 824
Initializing...
maxdom : 256
D->valSize : 39168
Solving...
Blb : 2 (clique : 90)
currentSize : 90 <-- 28.626852 s
currentSize : 91 <-- 28.637653 s
currentSize : 92 <-- 28.639675 s
currentSize : 93 <-- 28.641285 s
currentSize : 94 <-- 28.662157 s
currentSize : 95 <-- 28.695148 s
currentSize : 96 <-- 31.127636 s
currentSize : 97 <-- 180.152267 s

TIMEOUT
maxsize : 97
nodes : 64384204.000000
filtered : 3607780422.000000
time : 1000.000183
