Parameters: GAD=1 vflib=0 dir=0 label=0 lowerbound=1 fileNameGp=../instances/si/si6_rand_r005_400/si6_r005_m400.06/pattern fileNameGt=../instances/si/si6_rand_r005_400/si6_r005_m400.06/target
Reading graphs...
240 : 2864
400 : 7802
Initializing...
maxdom : 400
D->valSize : 96000
Solving...
Blb : 2 (clique : 48)
currentSize : 48 <-- 280.779785 s
currentSize : 49 <-- 280.911896 s
currentSize : 50 <-- 281.381134 s
currentSize : 51 <-- 287.739380 s
currentSize : 52 <-- 296.201080 s
currentSize : 53 <-- 309.726685 s
currentSize : 54 <-- 811.708313 s

TIMEOUT
maxsize : 54
nodes : 67882545.000000
filtered : 823384103.000000
time : 1000.000183
