Parameters: GAD=1 vflib=0 dir=0 label=0 lowerbound=1 fileNameGp=../instances/si/si6_bvg_b09_200/si6_b09_m200.00/pattern fileNameGt=../instances/si/si6_bvg_b09_200/si6_b09_m200.00/target
Reading graphs...
120 : 517
200 : 900
Initializing...
maxdom : 200
D->valSize : 24000
Solving...
Blb : 2 (clique : 100)
currentSize : 100 <-- 9.671829 s
currentSize : 101 <-- 9.680637 s
currentSize : 102 <-- 9.688371 s
currentSize : 103 <-- 9.689387 s
currentSize : 104 <-- 53.376450 s
currentSize : 105 <-- 74.742500 s
currentSize : 106 <-- 126.664986 s
currentSize : 107 <-- 141.128235 s
currentSize : 108 <-- 144.408356 s
currentSize : 109 <-- 144.410019 s
currentSize : 110 <-- 144.930252 s
currentSize : 111 <-- 145.178207 s
currentSize : 112 <-- 145.187271 s
currentSize : 116 <-- 145.234177 s
currentSize : 120 <-- 145.243134 s

maxsize : 120
nodes : 3694658.000000
filtered : 463105451.000000
time : 145.243378
