Parameters: GAD=1 vflib=0 dir=0 label=0 lowerbound=1 fileNameGp=../instances/si/si6_bvg_b09_200/si6_b09_m200.06/pattern fileNameGt=../instances/si/si6_bvg_b09_200/si6_b09_m200.06/target
Reading graphs...
120 : 517
200 : 900
Initializing...
maxdom : 200
D->valSize : 24000
Solving...
Blb : 2 (clique : 65)
currentSize : 65 <-- 9.604521 s
currentSize : 92 <-- 9.611443 s
currentSize : 94 <-- 9.612971 s
currentSize : 96 <-- 9.615023 s
currentSize : 98 <-- 9.616887 s
currentSize : 100 <-- 9.619866 s
currentSize : 102 <-- 9.623786 s
currentSize : 104 <-- 9.635513 s
currentSize : 106 <-- 9.641576 s
currentSize : 108 <-- 9.646680 s
currentSize : 110 <-- 9.654522 s
currentSize : 112 <-- 9.657564 s
currentSize : 113 <-- 9.665416 s
currentSize : 114 <-- 9.670379 s
currentSize : 116 <-- 9.694457 s
currentSize : 120 <-- 9.709062 s

maxsize : 120
nodes : 3348.000000
filtered : 374946.000000
time : 9.709279
