Parameters: GAD=1 vflib=0 dir=0 label=0 lowerbound=1 fileNameGp=../instances/si/si6_bvg_b09_200/si6_b09_m200.02/pattern fileNameGt=../instances/si/si6_bvg_b09_200/si6_b09_m200.02/target
Reading graphs...
120 : 517
200 : 900
Initializing...
maxdom : 200
D->valSize : 24000
Solving...
Blb : 2 (clique : 88)
currentSize : 88 <-- 10.154832 s
currentSize : 96 <-- 10.162091 s
currentSize : 98 <-- 10.162194 s
currentSize : 100 <-- 10.162443 s
currentSize : 102 <-- 10.163212 s
currentSize : 104 <-- 10.167185 s
currentSize : 106 <-- 10.170856 s
currentSize : 108 <-- 10.175056 s
currentSize : 110 <-- 10.184429 s
currentSize : 112 <-- 10.187695 s
currentSize : 114 <-- 10.221102 s
currentSize : 116 <-- 10.232073 s
currentSize : 120 <-- 10.240368 s

maxsize : 120
nodes : 2479.000000
filtered : 315168.000000
time : 10.240588
