Parameters: GAD=1 vflib=0 dir=0 label=0 lowerbound=1 fileNameGp=../instances/si/si6_bvg_b09_200/si6_b09_m200.05/pattern fileNameGt=../instances/si/si6_bvg_b09_200/si6_b09_m200.05/target
Reading graphs...
120 : 517
200 : 900
Initializing...
maxdom : 200
D->valSize : 24000
Solving...
Blb : 2 (clique : 88)
currentSize : 88 <-- 9.828114 s
currentSize : 90 <-- 9.834494 s
currentSize : 91 <-- 9.837085 s
currentSize : 92 <-- 9.838957 s
currentSize : 94 <-- 9.840790 s
currentSize : 96 <-- 9.846768 s
currentSize : 98 <-- 9.849664 s
currentSize : 100 <-- 9.853339 s
currentSize : 102 <-- 9.856838 s
currentSize : 104 <-- 9.861799 s
currentSize : 105 <-- 9.867033 s
currentSize : 106 <-- 9.888770 s
currentSize : 107 <-- 9.889564 s
currentSize : 108 <-- 9.899372 s
currentSize : 109 <-- 9.907324 s
currentSize : 110 <-- 9.915669 s
currentSize : 112 <-- 9.918554 s
currentSize : 113 <-- 9.939186 s
currentSize : 114 <-- 9.944056 s
currentSize : 116 <-- 9.964015 s
currentSize : 120 <-- 9.999292 s

maxsize : 120
nodes : 4855.000000
filtered : 588149.000000
time : 9.999512
