Parameters: GAD=1 vflib=0 dir=0 label=0 lowerbound=1 fileNameGp=../instances/si/si6_bvg_b09_200/si6_b09_m200.07/pattern fileNameGt=../instances/si/si6_bvg_b09_200/si6_b09_m200.07/target
Reading graphs...
120 : 516
200 : 900
Initializing...
maxdom : 200
D->valSize : 24000
Solving...
Blb : 2 (clique : 93)
currentSize : 93 <-- 9.609516 s
currentSize : 102 <-- 9.616657 s
currentSize : 103 <-- 9.617350 s
currentSize : 104 <-- 9.617389 s
currentSize : 106 <-- 9.618067 s
currentSize : 108 <-- 9.620375 s
currentSize : 110 <-- 9.623062 s
currentSize : 112 <-- 9.626865 s
currentSize : 116 <-- 9.638832 s
currentSize : 120 <-- 9.707555 s

maxsize : 120
nodes : 2155.000000
filtered : 351682.000000
time : 9.707780
