Parameters: GAD=1 vflib=0 dir=0 label=0 lowerbound=1 fileNameGp=../instances/si/si6_bvg_b06m_200/si6_b06m_m200.00/pattern fileNameGt=../instances/si/si6_bvg_b06m_200/si6_b06m_m200.00/target
Reading graphs...
120 : 287
200 : 600
Initializing...
maxdom : 200
D->valSize : 24000
Solving...
Blb : 2 (clique : 111)
currentSize : 111 <-- 10.121496 s
currentSize : 112 <-- 16.649437 s
currentSize : 113 <-- 16.675404 s
currentSize : 114 <-- 16.709688 s
currentSize : 116 <-- 19.206898 s
currentSize : 120 <-- 19.214607 s

maxsize : 120
nodes : 183892.000000
filtered : 33704260.000000
time : 19.214840
