Parameters: GAD=1 vflib=0 dir=0 label=0 lowerbound=1 fileNameGp=../instances/si/si6_bvg_b09_200/si6_b09_m200.04/pattern fileNameGt=../instances/si/si6_bvg_b09_200/si6_b09_m200.04/target
Reading graphs...
120 : 516
200 : 900
Initializing...
maxdom : 200
D->valSize : 24000
Solving...
Blb : 2 (clique : 104)
currentSize : 104 <-- 10.264235 s
currentSize : 105 <-- 10.480398 s
currentSize : 106 <-- 14.999582 s
currentSize : 108 <-- 41.184467 s
currentSize : 109 <-- 41.198723 s
currentSize : 110 <-- 41.220917 s
currentSize : 111 <-- 41.226467 s
currentSize : 112 <-- 41.246056 s
currentSize : 113 <-- 41.256721 s
currentSize : 114 <-- 41.263809 s
currentSize : 120 <-- 41.285221 s

maxsize : 120
nodes : 572502.000000
filtered : 110121423.000000
time : 41.285446
