Parameters: GAD=1 vflib=0 dir=0 label=0 lowerbound=1 fileNameGp=../instances/si/si6_rand_r005_200/si6_r005_m200.00/pattern fileNameGt=../instances/si/si6_rand_r005_200/si6_r005_m200.00/target
Reading graphs...
120 : 693
200 : 1956
Initializing...
maxdom : 200
D->valSize : 24000
Solving...
Blb : 5 (clique : 39)
currentSize : 39 <-- 9.371183 s
currentSize : 40 <-- 9.375144 s
currentSize : 41 <-- 9.379602 s
currentSize : 42 <-- 9.405126 s
currentSize : 43 <-- 10.837702 s
currentSize : 44 <-- 15.002474 s
currentSize : 45 <-- 261.408173 s

TIMEOUT
maxsize : 45
nodes : 143801804.000000
filtered : 2095455243.000000
time : 1000.000061
