Parameters: GAD=1 vflib=0 dir=0 label=0 lowerbound=1 fileNameGp=../instances/si/si6_bvg_b06_400/si6_b06_m400.05/pattern fileNameGt=../instances/si/si6_bvg_b06_400/si6_b06_m400.05/target
Reading graphs...
240 : 714
400 : 1200
Initializing...
maxdom : 400
D->valSize : 96000
Solving...
Blb : 2 (clique : 231)
currentSize : 231 <-- 216.726044 s
currentSize : 233 <-- 216.804138 s
currentSize : 234 <-- 216.865982 s
currentSize : 235 <-- 216.934021 s
currentSize : 236 <-- 217.007446 s
currentSize : 237 <-- 217.088684 s
currentSize : 238 <-- 217.159378 s
currentSize : 240 <-- 217.238953 s

maxsize : 240
nodes : 3780.000000
filtered : 960558.000000
time : 217.239868
