Parameters: GAD=1 vflib=0 dir=0 label=0 lowerbound=1 fileNameGp=../instances/si/si6_bvg_b03m_400/si6_b03m_m400.01/pattern fileNameGt=../instances/si/si6_bvg_b03m_400/si6_b03m_m400.01/target
Reading graphs...
240 : 319
400 : 600
Initializing...
maxdom : 400
D->valSize : 96000
Solving...
Blb : 2 (clique : 158)
currentSize : 158 <-- 258.181183 s
currentSize : 159 <-- 258.232086 s
currentSize : 160 <-- 258.486511 s
currentSize : 161 <-- 258.728424 s
currentSize : 162 <-- 258.955139 s
currentSize : 163 <-- 259.193573 s
currentSize : 164 <-- 259.430267 s
currentSize : 165 <-- 259.662628 s
currentSize : 166 <-- 259.942627 s
currentSize : 167 <-- 260.187744 s
currentSize : 168 <-- 260.480530 s
currentSize : 169 <-- 260.779266 s
currentSize : 170 <-- 261.121155 s
currentSize : 171 <-- 261.726166 s
currentSize : 172 <-- 262.329559 s
currentSize : 173 <-- 294.759613 s
currentSize : 174 <-- 339.225220 s
currentSize : 175 <-- 381.446686 s
currentSize : 176 <-- 705.418091 s

TIMEOUT
maxsize : 176
nodes : 4121204.000000
filtered : 4184412500.000000
time : 1000.000488
