Parameters: GAD=1 vflib=0 dir=0 label=0 lowerbound=1 fileNameGp=../instances/si/si6_rand_r001_400/si6_r001_m400.04/pattern fileNameGt=../instances/si/si6_rand_r001_400/si6_r001_m400.04/target
Reading graphs...
240 : 606
400 : 1638
Initializing...
maxdom : 400
D->valSize : 96000
Solving...
Blb : 2 (clique : 130)
currentSize : 130 <-- 467.026367 s
currentSize : 131 <-- 467.054749 s
currentSize : 132 <-- 467.058655 s
currentSize : 133 <-- 467.062347 s
currentSize : 134 <-- 467.066010 s
currentSize : 135 <-- 467.070221 s
currentSize : 136 <-- 470.073334 s
currentSize : 137 <-- 470.081116 s
currentSize : 138 <-- 470.148651 s

TIMEOUT
maxsize : 138
nodes : 81201414.000000
filtered : 284122166.000000
time : 1000.000366
