Parameters: GAD=1 vflib=0 dir=0 label=0 lowerbound=1 fileNameGp=../instances/si/si6_bvg_b03m_400/si6_b03m_m400.09/pattern fileNameGt=../instances/si/si6_bvg_b03m_400/si6_b03m_m400.09/target
Reading graphs...
240 : 319
400 : 600
Initializing...
maxdom : 400
D->valSize : 96000
Solving...
Blb : 2 (clique : 166)
currentSize : 166 <-- 260.651947 s
currentSize : 167 <-- 260.712280 s
currentSize : 168 <-- 261.206573 s
currentSize : 169 <-- 262.777161 s
currentSize : 170 <-- 264.396790 s
currentSize : 171 <-- 308.015839 s

TIMEOUT
maxsize : 171
nodes : 6248123.000000
filtered : 1713687072.000000
time : 1000.000610
